Threshold,Locus,Predict Sites,Positive Sites,Negative Sites,Actual Donor Sites,Predict Num,Predict Positive Num,Predict Negative Num,TP,FP,TN,FN
3.5,ACU08131,"[70, 322, 463, 642, 710, 845, 925, 1024, 1255, 1363, 1437, 1735, 1860, 2025, 2029, 2179, 2245, 2350, 2498, 2598, 2637, 2803, 2807, 3042, 3336, 3798, 3914, 4038, 4306, 4504, 4512, 5170, 5176, 5313, 5324]","[642, 1363, 2029, 2803, 3798]","[70, 322, 463, 710, 845, 925, 1024, 1255, 1437, 1735, 1860, 2025, 2179, 2245, 2350, 2498, 2598, 2637, 2807, 3042, 3336, 3914, 4038, 4306, 4504, 4512, 5170, 5176, 5313, 5324]","[642, 1363, 2029, 2803, 3798]",5385,35,5350,5,30,5350,0
3.5,AGGGLINE,"[32, 70, 805, 869, 935, 1571, 2325, 2347, 2658, 2946, 2963, 3120, 3158, 3390, 3457, 3504, 3600, 4035, 4094, 4098, 4253, 4309, 4313, 4456, 4651, 4685, 4720, 5187, 5228, 5259, 5357, 5585, 5648, 5864, 6262, 6387, 6421, 6984, 7054]","[3158, 3504]","[32, 70, 805, 869, 935, 1571, 2325, 2347, 2658, 2946, 2963, 3120, 3390, 3457, 3600, 4035, 4094, 4098, 4253, 4309, 4313, 4456, 4651, 4685, 4720, 5187, 5228, 5259, 5357, 5585, 5648, 5864, 6262, 6387, 6421, 6984, 7054]","[3158, 3504]",7222,39,7183,2,37,7183,0
3.5,AGU04852,"[174, 183, 491, 536, 631, 653, 734, 1104, 1464, 2073, 2117, 2302, 2478, 2972, 3116, 3176, 3402, 3404, 3693, 3788, 3877, 3956, 4566, 4701, 4809, 4863, 4906, 5252, 5517, 5529, 5533, 5912, 6224, 6383, 6740, 6883, 7509, 7636, 8085, 8301, 8354, 8358, 8635, 8694, 8817, 8877, 8934, 8961, 9261, 9622, 9856, 10812, 10820, 10961]","[3956, 5517, 5912, 6740]","[174, 183, 491, 536, 631, 653, 734, 1104, 1464, 2073, 2117, 2302, 2478, 2972, 3116, 3176, 3402, 3404, 3693, 3788, 3877, 4566, 4701, 4809, 4863, 4906, 5252, 5529, 5533, 6224, 6383, 6883, 7509, 7636, 8085, 8301, 8354, 8358, 8635, 8694, 8817, 8877, 8934, 8961, 9261, 9622, 9856, 10812, 10820, 10961]","[3956, 5517, 5912, 6740]",10977,54,10923,4,50,10923,0
3.5,ALOEGLOBIM,"[221, 237, 469, 536, 583, 1049, 1170, 1182, 1250, 1297, 1455]","[237, 583]","[221, 469, 536, 1049, 1170, 1182, 1250, 1297, 1455]","[237, 583]",1684,11,1673,2,9,1673,0
3.5,ALOEGLOBIN,"[221, 237, 469, 536, 583, 1049, 1170, 1182, 1250, 1297, 1455]","[237, 583]","[221, 469, 536, 1049, 1170, 1182, 1250, 1297, 1455]","[237, 583]",1684,11,1673,2,9,1673,0
3.5,ALOPROTP1A,"[59, 166, 170, 267]",[166],"[59, 170, 267]",[166],411,4,407,1,3,407,0
3.5,AMU12024,"[257, 632, 667, 872, 1120, 1583, 1594, 1695, 1960, 2013, 2126, 2482, 2605, 2685, 3458, 3606]","[257, 667, 2126, 2482]","[632, 872, 1120, 1583, 1594, 1695, 1960, 2013, 2605, 2685, 3458, 3606]","[257, 667, 1864, 2126, 2482]",3645,16,3629,4,12,3628,1
3.5,AMU12025,"[301, 527, 1049, 1080, 1412, 1830, 2010, 2485, 2654, 2658, 2689, 2705, 2736, 2789, 2902, 3278, 3313, 3343, 4481]","[1412, 1830, 2654, 2902, 3278]","[301, 527, 1049, 1080, 2010, 2485, 2658, 2689, 2705, 2736, 2789, 3313, 3343, 4481]","[1412, 1830, 2654, 2902, 3278]",5376,19,5357,5,14,5357,0
3.5,AOIRHODOPS,"[141, 255, 620, 894, 1314, 1702, 1749, 1953, 1969, 2025, 2754, 3012, 4005, 4067, 4336, 4385, 4840, 4953, 5116, 5207, 5373, 5426, 5452, 5483, 5494, 6243, 6372, 7039, 7056, 7481, 7580, 7600, 7622, 7630, 7800, 8003, 8156, 8308, 8837, 9057, 9133, 9304]","[1702, 4067, 5373, 6243]","[141, 255, 620, 894, 1314, 1749, 1953, 1969, 2025, 2754, 3012, 4005, 4336, 4385, 4840, 4953, 5116, 5207, 5426, 5452, 5483, 5494, 6372, 7039, 7056, 7481, 7580, 7600, 7622, 7630, 7800, 8003, 8156, 8308, 8837, 9057, 9133, 9304]","[1702, 4067, 5373, 6243]",9916,42,9874,4,38,9874,0
3.5,ASPROP2,"[75, 452, 589]",[],"[75, 452, 589]",[325],665,3,662,0,3,661,1
3.5,ASYRVISP,"[99, 260, 625, 634, 656, 1042, 1166, 1305, 1335, 1419, 1585, 1916]","[625, 1042, 1335, 1585, 1916]","[99, 260, 634, 656, 1166, 1305, 1419]","[625, 1042, 1335, 1585, 1916]",2222,12,2210,5,7,2210,0
3.5,ATREGLOBIN,"[221, 237, 474, 541, 588, 604, 935, 1187, 1267, 1295, 1314, 1463]","[237, 588]","[221, 474, 541, 604, 935, 1187, 1267, 1295, 1314, 1463]","[237, 588]",1692,12,1680,2,10,1680,0
3.5,BABAPOE,"[33, 60, 198, 267, 481, 550, 897, 1080, 1374, 1702, 1953, 2109, 2262, 2593, 2803, 2847, 3648, 3916, 3978, 3999, 4131]","[897, 2847]","[33, 60, 198, 267, 481, 550, 1080, 1374, 1702, 1953, 2109, 2262, 2593, 2803, 3648, 3916, 3978, 3999, 4131]","[897, 2847]",4755,21,4734,2,19,4734,0
3.5,BATROX,"[237, 341, 875, 1839, 2032, 2078, 2307, 2428, 2446, 2890, 2959, 3011, 3556, 3593, 3849, 3924, 3967, 3975, 4110, 4495, 4705, 4836, 5035, 5085, 5204, 5831, 6449, 6789, 6874, 6955, 7378, 7567, 7655, 7789, 7992]","[341, 3011, 5035, 6955]","[237, 875, 1839, 2032, 2078, 2307, 2428, 2446, 2890, 2959, 3556, 3593, 3849, 3924, 3967, 3975, 4110, 4495, 4705, 4836, 5085, 5204, 5831, 6449, 6789, 6874, 7378, 7567, 7655, 7789, 7992]","[341, 3011, 5035, 6955]",8093,35,8058,4,31,8058,0
3.5,BCHEGLOBIN,"[221, 237, 469, 536, 583, 1060, 1184, 1196, 1264, 1311, 1468]","[237, 583]","[221, 469, 536, 1060, 1184, 1196, 1264, 1311, 1468]","[237, 583]",1698,11,1687,2,9,1687,0
3.5,BOVANPA,"[334, 433, 598, 858]","[433, 858]","[334, 598]","[433, 858]",1762,4,1758,2,2,1758,0
3.5,BOVCOX7AL,"[295, 679, 936, 1484, 1497, 1501, 1540, 1826, 2141, 2432, 2470, 2630, 2812, 2867, 2874, 3003, 3047, 3328, 3627, 3721, 3969, 4284, 4555, 5049, 5521, 5934, 6167]","[1540, 2812, 5049]","[295, 679, 936, 1484, 1497, 1501, 1826, 2141, 2432, 2470, 2630, 2867, 2874, 3003, 3047, 3328, 3627, 3721, 3969, 4284, 4555, 5521, 5934, 6167]","[1540, 2812, 5049]",6850,27,6823,3,24,6823,0
3.5,BOVGAS,"[192, 406, 751, 806, 996]",[751],"[192, 406, 806, 996]",[751],1059,5,1054,1,4,1054,0
3.5,BOVIAP,"[174, 437, 457, 533, 602, 926, 1116, 1318, 1568, 1764, 1895, 1994, 2033, 2057, 2107, 2159, 2200, 2269, 2354, 2504, 2670, 2674, 2725, 2756, 2793, 2864, 2999, 3092, 3352, 3392, 3420, 3440, 3535, 3667, 3782, 3844, 3996, 4009, 4024, 4731, 5074, 5241, 5262]","[1568, 1764, 1994, 2354, 2999, 3392, 3667, 3996]","[174, 437, 457, 533, 602, 926, 1116, 1318, 1895, 2033, 2057, 2107, 2159, 2200, 2269, 2504, 2670, 2674, 2725, 2756, 2793, 2864, 3092, 3352, 3420, 3440, 3535, 3782, 3844, 4009, 4024, 4731, 5074, 5241, 5262]","[1568, 1764, 1994, 2354, 2606, 2999, 3157, 3392, 3667, 3996]",5392,43,5349,8,35,5347,2
3.5,BOVIRBP,"[129, 552, 936, 994, 1284, 1482, 1509, 2004, 2331, 2388, 2586, 2649, 2769, 2928, 3090, 3174, 3723, 3801, 4176, 4212, 4571, 4806, 4970, 4983, 5048, 5349, 5507, 5595, 5643, 5761, 5857, 6214, 6494, 6540, 6779, 7416, 7669, 7699, 7773, 8920, 8937, 9190, 9309, 9959, 10082, 10191, 10749, 10841, 10997, 11020]","[3174, 5595, 7699]","[129, 552, 936, 994, 1284, 1482, 1509, 2004, 2331, 2388, 2586, 2649, 2769, 2928, 3090, 3723, 3801, 4176, 4212, 4571, 4806, 4970, 4983, 5048, 5349, 5507, 5643, 5761, 5857, 6214, 6494, 6540, 6779, 7416, 7669, 7773, 8920, 8937, 9190, 9309, 9959, 10082, 10191, 10749, 10841, 10997, 11020]","[3174, 5595, 7699]",11786,50,11736,3,47,11736,0
3.5,BOVLHB,"[244, 453, 592, 761, 803, 875, 944, 1062, 1272, 1401, 1460]","[803, 1272]","[244, 453, 592, 761, 875, 944, 1062, 1401, 1460]","[803, 1272]",1857,11,1846,2,9,1846,0
3.5,BOVLYSOZMA,"[70, 322, 397, 944, 2089, 2115, 2268, 2374, 2819, 2872, 2973, 3039, 3078, 3208, 3255, 3424, 3672, 4100, 4372, 4694, 5256, 5771, 5936, 5955, 6973, 7260, 7512, 7928, 8632, 8654, 8685, 9247, 9304, 9437, 9453, 9603, 10062, 10777, 10799]","[3039, 5771, 8654]","[70, 322, 397, 944, 2089, 2115, 2268, 2374, 2819, 2872, 2973, 3078, 3208, 3255, 3424, 3672, 4100, 4372, 4694, 5256, 5936, 5955, 6973, 7260, 7512, 7928, 8632, 8685, 9247, 9304, 9437, 9453, 9603, 10062, 10777, 10799]","[3039, 5771, 8654]",12215,39,12176,3,36,12176,0
3.5,BOVLYSOZMB,"[35, 140, 215, 461, 646, 739, 1229, 1662, 1890, 1993, 2453, 2506, 2607, 2673, 2843, 3007, 3717, 3743, 4005, 4135, 4797, 5148, 5241, 5478, 5594, 5708, 5732, 6190, 6212, 6807, 6895, 6917, 6928, 7058, 7511, 8185, 8354, 9580, 10002]","[2673, 4005, 6212]","[35, 140, 215, 461, 646, 739, 1229, 1662, 1890, 1993, 2453, 2506, 2607, 2843, 3007, 3717, 3743, 4135, 4797, 5148, 5241, 5478, 5594, 5708, 5732, 6190, 6807, 6895, 6917, 6928, 7058, 7511, 8185, 8354, 9580, 10002]","[2673, 4005, 6212]",10205,39,10166,3,36,10166,0
3.5,BOVLYSOZMC,"[304, 685, 738, 839, 905, 1086, 1131, 1274, 1708, 2107, 2323, 2933, 3388, 4172, 4194, 4908, 4941, 4964, 5325, 5429, 6235, 6245, 6302]","[905, 2323, 4194]","[304, 685, 738, 839, 1086, 1131, 1274, 1708, 2107, 2933, 3388, 4172, 4908, 4941, 4964, 5325, 5429, 6235, 6245, 6302]","[905, 2323, 4194]",8044,23,8021,3,20,8021,0
3.5,BOVMYF5A,"[273, 698, 1398, 1433, 1446, 1625, 1824, 2273, 2815, 2895, 3085, 3199, 3272, 3947, 4171, 4402, 4583, 4629, 4829, 4851]","[698, 1625]","[273, 1398, 1433, 1446, 1824, 2273, 2815, 2895, 3085, 3199, 3272, 3947, 4171, 4402, 4583, 4629, 4829, 4851]","[698, 1625]",5212,20,5192,2,18,5192,0
3.5,BRHOX22,"[600, 824, 843, 1431, 1815, 2301, 2493, 2572, 3122, 3304]",[1431],"[600, 824, 843, 1815, 2301, 2493, 2572, 3122, 3304]",[1431],3435,10,3425,1,9,3425,0
3.5,BRHOX34A,"[60, 64, 460, 588, 613, 981, 1190, 1359, 1751, 1791, 1819, 2313, 2675, 3491]",[981],"[60, 64, 460, 588, 613, 1190, 1359, 1751, 1791, 1819, 2313, 2675, 3491]",[981],3491,14,3477,1,13,3477,0
3.5,BRU12895,"[793, 799, 1135, 1526, 1630, 1986, 2140, 2232, 2341, 2827]",[1135],"[793, 799, 1526, 1630, 1986, 2140, 2232, 2341, 2827]",[1135],3233,10,3223,1,9,3223,0
3.5,BTATPAAA,"[55, 296, 565, 740, 826, 1111, 1146, 1166, 1200, 2314, 2377, 2501, 2615, 2761, 2777, 2829, 2912, 3383, 3387, 3707, 4106, 4183, 4188, 4511, 5345, 5496, 5556, 5729, 5886, 5953, 5984, 6155, 6315, 6472, 6975, 7693, 7770, 7885, 7915, 8023, 8311, 8831, 9129, 9211, 9733, 9844, 9848]","[740, 2314, 3707, 5729, 5984, 7770, 8023, 9129]","[55, 296, 565, 826, 1111, 1146, 1166, 1200, 2377, 2501, 2615, 2761, 2777, 2829, 2912, 3383, 3387, 4106, 4183, 4188, 4511, 5345, 5496, 5556, 5886, 5953, 6155, 6315, 6472, 6975, 7693, 7885, 7915, 8311, 8831, 9211, 9733, 9844, 9848]","[740, 2314, 3707, 5729, 5984, 6337, 6827, 7151, 7770, 8023, 9129]",9908,47,9861,8,39,9858,3
3.5,BTEBGL2,"[201, 294, 310, 327, 414, 611, 658, 766, 920, 1129, 1171, 1254]","[310, 658]","[201, 294, 327, 414, 611, 766, 920, 1129, 1171, 1254]","[310, 658]",1834,12,1822,2,10,1822,0
3.5,BTEBGL4,"[4, 201, 294, 310, 327, 544, 611, 658, 763, 815, 1128]","[310, 658]","[4, 201, 294, 327, 544, 611, 763, 815, 1128]","[310, 658]",1829,11,1818,2,9,1818,0
3.5,BTGL01,"[98, 176, 327, 349, 365, 369, 711, 873, 894, 910, 961, 1008]","[365, 1008]","[98, 176, 327, 349, 369, 711, 873, 894, 910, 961]","[365, 1008]",2041,12,2029,2,10,2029,0
3.5,BTHOR02,"[16, 169, 484, 939, 1123, 1230, 1268, 1920, 1936]","[484, 1920]","[16, 169, 939, 1123, 1230, 1268, 1936]","[484, 1920]",2420,9,2411,2,7,2411,0
3.5,BTKER6B,"[826, 1008, 1355, 1593, 1678, 1820, 1830, 1925, 2044, 2171, 2219, 2346, 2559, 2913, 2926, 3070, 3530, 3626, 4056, 4335, 4666, 5608, 5686]","[1678, 2559, 3070, 3530, 4056, 4666]","[826, 1008, 1355, 1593, 1820, 1830, 1925, 2044, 2171, 2219, 2346, 2913, 2926, 3626, 4335, 5608, 5686]","[1678, 2559, 3070, 3315, 3530, 4056, 4666]",5719,23,5696,6,17,5695,1
3.5,BTSPDNA,"[84, 177, 648, 685, 960, 1054, 1546, 1682, 1713, 1876, 2123]",[],"[84, 177, 648, 685, 960, 1054, 1546, 1682, 1713, 1876, 2123]",[1541],2149,11,2138,0,11,2137,1
3.5,BTSVSP109,"[52, 353, 554, 799, 1357, 1452, 1604, 2189, 2258, 2359, 2387, 2555, 2853, 2863, 3457, 3573, 5292, 5315, 5643, 5667, 6016, 6096, 6131, 6240, 6451, 6730]","[2359, 5292]","[52, 353, 554, 799, 1357, 1452, 1604, 2189, 2258, 2387, 2555, 2853, 2863, 3457, 3573, 5315, 5643, 5667, 6016, 6096, 6131, 6240, 6451, 6730]","[2359, 3984, 5292]",6949,26,6923,2,24,6922,1
3.5,BTTNP2G,"[24, 28, 125, 710, 774, 847, 852, 1029, 1115, 1326, 1342]",[774],"[24, 28, 125, 710, 847, 852, 1029, 1115, 1326, 1342]",[774],1842,11,1831,1,10,1831,0
3.5,BTU02285,"[21, 434, 1238, 1476, 1620, 1858, 2118, 2131, 2334, 2341, 2347, 2367, 2438, 2481, 2825, 2873, 2936, 2980, 3792, 3866, 4169, 4222, 4325, 4487, 4711, 4780, 4950, 5056, 5087, 5654, 6075]","[3792, 4222, 4487, 4780, 5056]","[21, 434, 1238, 1476, 1620, 1858, 2118, 2131, 2334, 2341, 2347, 2367, 2438, 2481, 2825, 2873, 2936, 2980, 3866, 4169, 4325, 4711, 4950, 5087, 5654, 6075]","[3792, 4222, 4487, 4780, 5056]",6389,31,6358,5,26,6358,0
3.5,CALEGLOBIM,"[220, 236, 345, 473, 540, 587, 603, 934, 1062, 1185, 1197, 1265, 1293, 1312]","[236, 587]","[220, 345, 473, 540, 603, 934, 1062, 1185, 1197, 1265, 1293, 1312]","[236, 587]",1691,14,1677,2,12,1677,0
3.5,CBUEGLOBIM,"[220, 236, 345, 473, 540, 587, 603, 874, 934, 1062, 1185, 1197, 1265, 1293, 1312]","[236, 587]","[220, 345, 473, 540, 603, 874, 934, 1062, 1185, 1197, 1265, 1293, 1312]","[236, 587]",1691,15,1676,2,13,1676,0
3.5,CCALAC,"[436, 797, 932, 997, 1014, 1128, 1178, 1358, 1798, 1852, 1994, 2409, 2973, 3275, 3279, 3333, 3397]","[1358, 1852, 2409]","[436, 797, 932, 997, 1014, 1128, 1178, 1798, 1994, 2973, 3275, 3279, 3333, 3397]","[1358, 1852, 2409]",3620,17,3603,3,14,3603,0
3.5,CCBEGLOBIM,"[221, 237, 473, 540, 587, 1191, 1203, 1271, 1318, 1470]","[237, 587]","[221, 473, 540, 1191, 1203, 1271, 1318, 1470]","[237, 587]",1696,10,1686,2,8,1686,0
3.5,CCBEGLOBIN,"[222, 238, 475, 542, 589, 1070, 1194, 1206, 1274, 1321, 1473]","[238, 589]","[222, 475, 542, 1070, 1194, 1206, 1274, 1321, 1473]","[238, 589]",1699,11,1688,2,9,1688,0
3.5,CCGHG,"[283, 863, 1051, 1281, 1389, 1778, 1818, 2205, 2305]","[283, 1051, 1778]","[863, 1281, 1389, 1818, 2205, 2305]","[283, 706, 1051, 1778]",2831,9,2822,3,6,2821,1
3.5,CCGONBS1,"[431, 1599, 1649, 1767, 1974, 2286, 2688]",[1767],"[431, 1599, 1649, 1974, 2286, 2688]","[1767, 2072]",3464,7,3457,1,6,3456,1
3.5,CCGONBS2,"[433, 632, 1617, 1667, 1785, 1993, 2344, 2707]",[1785],"[433, 632, 1617, 1667, 1993, 2344, 2707]","[1785, 2091]",3483,8,3475,1,7,3474,1
3.5,CCGTHA1,"[26, 166, 302, 390, 644, 1104]",[302],"[26, 166, 390, 644, 1104]","[302, 572]",1145,6,1139,1,5,1138,1
3.5,CCT64CLU,"[274, 563, 1644, 1664, 1873, 2667, 2757, 2761, 2766, 3005, 3496, 3893, 4436, 4510, 4514, 4518, 4565, 4572, 4577, 4600, 4643, 4836, 4891, 4930, 5272, 5337, 5528, 5659, 5939, 6121, 6277]","[1644, 2757, 3005, 3496, 4514, 5272, 5659]","[274, 563, 1664, 1873, 2667, 2761, 2766, 3893, 4436, 4510, 4518, 4565, 4572, 4577, 4600, 4643, 4836, 4891, 4930, 5337, 5528, 5939, 6121, 6277]","[1644, 2757, 3005, 3496, 4514, 5272, 5659]",6278,31,6247,7,24,6247,0
3.5,CEPPINS,"[245, 464, 490, 858, 1399, 1509, 1513, 1517, 1615, 1760]",[858],"[245, 464, 490, 1399, 1509, 1513, 1517, 1615, 1760]",[858],1902,10,1892,1,9,1892,0
3.5,CHBLG,"[166, 698, 928, 932, 1465, 1472, 2301, 2308, 2564, 2807, 3030, 3640, 3788, 3794, 4019, 4266, 4298, 4302, 4357, 4700, 4861, 4919, 5246, 5573, 5619, 5756, 6025, 6255, 6280, 6323, 6376, 6535, 6555, 6629, 7208]","[4019, 5246, 6025]","[166, 698, 928, 932, 1465, 1472, 2301, 2308, 2564, 2807, 3030, 3640, 3788, 3794, 4266, 4298, 4302, 4357, 4700, 4861, 4919, 5573, 5619, 5756, 6255, 6280, 6323, 6376, 6535, 6555, 6629, 7208]","[2285, 3090, 4019, 5246, 6025]",8081,35,8046,3,32,8044,2
3.5,CHEBGLI,"[456, 795, 862, 909, 1213, 1821, 1868]",[909],"[456, 795, 862, 1213, 1821, 1868]","[570, 909]",2206,7,2199,1,6,2198,1
3.5,CHEBGLII,"[217, 454, 547, 563, 580, 798, 912, 923, 1020, 1049, 1383, 1426]","[563, 912]","[217, 454, 547, 580, 798, 923, 1020, 1049, 1383, 1426]","[563, 912]",2260,12,2248,2,10,2248,0
3.5,CHKALDB,"[535, 606, 1062, 1452, 1506, 1912, 1922, 1927, 2460, 2629, 2874, 2878, 2952, 3077, 3115, 3135, 4004, 4388, 4462, 4802, 4853, 5731, 5748, 6172, 6392, 6452, 6664, 6955, 6960, 6983, 7265, 7360, 7487, 7504, 7523, 7600, 8170, 8186, 8617, 9185, 9313, 9626, 10415, 10577, 10705, 10844]","[6172, 6664, 6955, 7265, 8186, 9185]","[535, 606, 1062, 1452, 1506, 1912, 1922, 1927, 2460, 2629, 2874, 2878, 2952, 3077, 3115, 3135, 4004, 4388, 4462, 4802, 4853, 5731, 5748, 6392, 6452, 6960, 6983, 7360, 7487, 7504, 7523, 7600, 8170, 8617, 9313, 9626, 10415, 10577, 10705, 10844]","[6172, 6664, 6955, 7265, 8186, 8842, 9185]",11644,46,11598,6,40,11597,1
3.5,CHKAPOII,"[64, 282, 1246, 1328, 1339, 1532, 1626, 1839, 1891, 1901, 2131, 2620, 2798, 3317, 3381, 3509, 3771, 3820, 3906, 3946, 3975, 4026, 4047, 4488]","[3317, 3820]","[64, 282, 1246, 1328, 1339, 1532, 1626, 1839, 1891, 1901, 2131, 2620, 2798, 3381, 3509, 3771, 3906, 3946, 3975, 4026, 4047, 4488]","[3317, 3820]",4954,24,4930,2,22,4930,0
3.5,CHKDPCP,"[347, 637, 1624, 1878]",[637],"[347, 1624, 1878]",[637],1903,4,1899,1,3,1899,0
3.5,CHKMAX,"[27, 121, 281, 632, 727, 789, 978, 1236, 1299, 1816, 2127, 2291, 2372, 2499, 2712, 2761, 2882, 2958, 3172, 3189, 3273, 3400, 3764, 3768, 3928, 4063, 4295, 4931, 5130, 5134, 5173, 5407]","[2127, 2291, 3928, 4295]","[27, 121, 281, 632, 727, 789, 978, 1236, 1299, 1816, 2372, 2499, 2712, 2761, 2882, 2958, 3172, 3189, 3273, 3400, 3764, 3768, 4063, 4931, 5130, 5134, 5173, 5407]","[2127, 2291, 3928, 4295]",5691,32,5659,4,28,5659,0
3.5,CHKMYOD,"[316, 984, 1166, 1268, 1738, 2106, 2292, 3066, 3379, 3468, 3990, 4038, 4849, 4941, 5145, 5517, 5592, 5660, 6150, 6284, 6456, 6527]","[4941, 6150]","[316, 984, 1166, 1268, 1738, 2106, 2292, 3066, 3379, 3468, 3990, 4038, 4849, 5145, 5517, 5592, 5660, 6284, 6456, 6527]","[4941, 6150]",7382,22,7360,2,20,7360,0
3.5,CHKOVAL,"[26, 368, 434, 779, 1293, 1390, 1492, 1923, 2449, 2657, 3164, 3466, 3812, 3915, 4176, 4694, 4890, 4915, 5144, 5170, 5795, 6282, 6975, 7079, 7148, 7178, 7691, 8125, 8334, 8410, 8791, 9028]","[3164, 3466, 4176, 4694, 5795, 6282]","[26, 368, 434, 779, 1293, 1390, 1492, 1923, 2449, 2657, 3812, 3915, 4890, 4915, 5144, 5170, 6975, 7079, 7148, 7178, 7691, 8125, 8334, 8410, 8791, 9028]","[3164, 3466, 4176, 4694, 5795, 6282]",9199,32,9167,6,26,9167,0
3.5,CHKRPL30,"[527, 545, 571, 671, 749, 801, 878, 916, 1471, 1684, 1778, 1872, 2038, 2113, 2158, 2250, 2753, 2816, 2850, 3403, 3478, 3799, 3838]","[801, 1872, 2753]","[527, 545, 571, 671, 749, 878, 916, 1471, 1684, 1778, 2038, 2113, 2158, 2250, 2816, 2850, 3403, 3478, 3799, 3838]","[801, 1872, 2753]",3885,23,3862,3,20,3862,0
3.5,CHKRPL37A,"[16, 201, 691, 798, 996, 1265, 1376, 1558, 1618, 1946, 1950, 2079, 2125, 2255, 2386, 2739, 3052, 3179, 3376]","[798, 1376, 2386]","[16, 201, 691, 996, 1265, 1558, 1618, 1946, 1950, 2079, 2125, 2255, 2739, 3052, 3179, 3376]","[798, 1376, 2386]",3466,19,3447,3,16,3447,0
3.5,CHKRPL5G,"[99, 153, 300, 498, 512, 1419, 1540, 1632, 1637, 2017, 2138, 2397, 2428, 2473, 2618, 2974, 3157, 3161, 3433, 3467, 4259, 4309, 4746, 5165, 5562, 6060, 6064, 6248, 6897, 7787, 7986]","[498, 1419, 1632, 3157, 5165, 6897]","[99, 153, 300, 512, 1540, 1637, 2017, 2138, 2397, 2428, 2473, 2618, 2974, 3161, 3433, 3467, 4259, 4309, 4746, 5562, 6060, 6064, 6248, 7787, 7986]","[498, 1419, 1632, 3157, 3955, 5165, 6897]",8314,31,8283,6,25,8282,1
3.5,CHKTUB4B,"[243, 264, 437, 762, 779, 849, 949, 1150, 1188, 1199, 1469, 1573, 1710, 1790, 1895, 2740, 3110]","[437, 949, 1573]","[243, 264, 762, 779, 849, 1150, 1188, 1199, 1469, 1710, 1790, 1895, 2740, 3110]","[437, 949, 1573]",3146,17,3129,3,14,3129,0
3.5,CHKY,"[214, 319, 641, 691, 695, 794, 1112, 1560, 1650, 1664, 2096, 2197, 2692, 2725, 2730, 2858, 3082, 3577, 3603, 3953, 4199, 4431, 4683, 4709, 4750, 5049, 5186, 5213, 5648, 6012, 6249, 6473, 6815, 7072, 8349, 8361]","[3603, 4199, 4683, 5648, 6012, 6249]","[214, 319, 641, 691, 695, 794, 1112, 1560, 1650, 1664, 2096, 2197, 2692, 2725, 2730, 2858, 3082, 3577, 3953, 4431, 4709, 4750, 5049, 5186, 5213, 6473, 6815, 7072, 8349, 8361]","[3603, 4199, 4683, 5648, 6012, 6249]",8365,36,8329,6,30,8329,0
3.5,CHPPHYGEN,"[22, 120, 543, 555, 821, 964, 1193, 1341, 1664, 1736, 1818, 1830, 2214, 2284, 2350, 2485, 3020, 3516, 3764, 3786, 4096, 4387, 4561, 4599, 4831, 4945, 5043, 5459, 5471, 5521, 5741, 5884, 6115, 6150, 6609, 6693, 6791, 7000, 7011, 7072, 7138, 7830, 7843, 8472, 8746, 8823, 8841, 8862, 9306, 9395, 9894, 9910, 10066, 10818, 10833, 10849, 10853, 10873, 11000, 11079, 11193, 11685, 11689, 11693, 11811, 11828, 11903, 11936, 12560, 12575, 12603, 13318, 13493, 13548]","[4599, 4945]","[22, 120, 543, 555, 821, 964, 1193, 1341, 1664, 1736, 1818, 1830, 2214, 2284, 2350, 2485, 3020, 3516, 3764, 3786, 4096, 4387, 4561, 4831, 5043, 5459, 5471, 5521, 5741, 5884, 6115, 6150, 6609, 6693, 6791, 7000, 7011, 7072, 7138, 7830, 7843, 8472, 8746, 8823, 8841, 8862, 9306, 9395, 9894, 9910, 10066, 10818, 10833, 10849, 10853, 10873, 11000, 11079, 11193, 11685, 11689, 11693, 11811, 11828, 11903, 11936, 12560, 12575, 12603, 13318, 13493, 13548]","[4599, 4945]",13690,74,13616,2,72,13616,0
3.5,CHPPROTP1A,"[58, 159]",[159],[58],[159],398,2,396,1,1,396,0
3.5,CHPPROTP1B,"[56, 160]",[160],[56],[160],397,2,395,1,1,395,0
3.5,CHWEGLOBIM,"[221, 237, 474, 541, 588, 1069, 1193, 1319, 1473]","[237, 588]","[221, 474, 541, 1069, 1193, 1319, 1473]","[237, 588]",1702,9,1693,2,7,1693,0
3.5,CIGH,"[457, 1249, 1281, 2029, 2130, 2280, 2536, 2593, 2889, 2960, 3379]","[1281, 2280, 2889]","[457, 1249, 2029, 2130, 2536, 2593, 2960, 3379]","[1281, 1691, 2280, 2889]",3968,11,3957,3,8,3956,1
3.5,CITEGLOBIM,"[220, 236, 345, 473, 540, 587, 603, 890, 894, 934, 1062, 1186, 1198, 1266, 1294, 1313, 1463]","[236, 587]","[220, 345, 473, 540, 603, 890, 894, 934, 1062, 1186, 1198, 1266, 1294, 1313, 1463]","[236, 587]",1692,17,1675,2,15,1675,0
3.5,CJAEGLOBIN,"[221, 237, 474, 541, 588, 1069, 1193, 1272, 1319, 1474]","[237, 588]","[221, 474, 541, 1069, 1193, 1272, 1319, 1474]","[237, 588]",1703,10,1693,2,8,1693,0
3.5,CJINTERFG,"[191, 512, 1143, 1601, 1860, 2428, 2635, 2881, 3126, 3158, 3303, 4125, 4187, 4465, 4702, 4730, 4734, 4750, 5524, 5822, 6036, 6127, 6397, 6760, 6901, 7468, 7647, 8152, 8324, 8352, 8486]","[2881, 4187, 4465]","[191, 512, 1143, 1601, 1860, 2428, 2635, 3126, 3158, 3303, 4125, 4702, 4730, 4734, 4750, 5524, 5822, 6036, 6127, 6397, 6760, 6901, 7468, 7647, 8152, 8324, 8352, 8486]","[2881, 4187, 4465]",8520,31,8489,3,28,8489,0
3.5,CL54K,"[119, 141, 183, 408, 512, 535, 543, 649, 653, 706, 771, 959, 1177, 1186, 1190, 1238, 1294, 1538, 1926, 2581, 2696, 2715, 2726, 2753, 2797, 2954, 3218]",[512],"[119, 141, 183, 408, 535, 543, 649, 653, 706, 771, 959, 1177, 1186, 1190, 1238, 1294, 1538, 1926, 2581, 2696, 2715, 2726, 2753, 2797, 2954, 3218]",[512],3409,27,3382,1,26,3382,0
3.5,CMBGA2B2,"[383, 463, 718, 810, 989, 1235, 1597]","[383, 718]","[463, 810, 989, 1235, 1597]","[383, 718]",2685,7,2678,2,5,2678,0
3.5,CMEGA2E2,"[416, 492, 718, 753, 1075]","[416, 753]","[492, 718, 1075]","[416, 753]",2047,5,2042,2,3,2042,0
3.5,CMU11711,"[15, 204, 790, 826, 906, 1647, 1685, 1984, 2031, 2627, 2669, 2741]","[1685, 2031]","[15, 204, 790, 826, 906, 1647, 1984, 2627, 2669, 2741]","[1685, 2031]",3165,12,3153,2,10,3153,0
3.5,CPPROT1GN,"[102, 164, 255]",[164],"[102, 255]",[164],391,3,388,1,2,388,0
3.5,CRASEQB,"[79, 669, 783, 1920, 2123, 2328, 2825, 3434, 3452, 3464, 3482, 3593, 3635, 3641, 3647, 3812, 4825, 4931]","[1920, 2825]","[79, 669, 783, 2123, 2328, 3434, 3452, 3464, 3482, 3593, 3635, 3641, 3647, 3812, 4825, 4931]","[1920, 2825]",5121,18,5103,2,16,5103,0
3.5,CRUCH7AHYD,"[37, 971, 1205, 1339, 1731, 2690, 2936, 2941, 3016, 3151, 3418, 3651, 3792, 3841, 4121, 4201, 4774, 5283, 5559, 6076, 6613, 6819, 6963, 7135, 7866, 7901, 8924, 9375, 9626, 9849, 10243, 10316, 10564]","[1731, 3651, 6076, 7866]","[37, 971, 1205, 1339, 2690, 2936, 2941, 3016, 3151, 3418, 3792, 3841, 4121, 4201, 4774, 5283, 5559, 6613, 6819, 6963, 7135, 7901, 8924, 9375, 9626, 9849, 10243, 10316, 10564]","[1731, 3651, 4938, 6076, 7866]",10607,33,10574,4,29,10573,1
3.5,CRUGAD45A,"[208, 215, 691, 760, 859, 902, 1033, 1811, 1877, 1971, 2063, 2417, 2500, 2553, 2759, 3428, 3555, 3605, 4003, 4368]","[1877, 2063, 2417]","[208, 215, 691, 760, 859, 902, 1033, 1811, 1971, 2500, 2553, 2759, 3428, 3555, 3605, 4003, 4368]","[1877, 2063, 2417]",4428,20,4408,3,17,4408,0
3.5,DMPROTP1,[249],[249],[],[249],617,1,616,1,0,616,0
3.5,DMU11712,"[16, 182, 792, 1405, 1667, 1705, 1929, 1996, 2043, 2685, 2757, 2781]","[1705, 2043]","[16, 182, 792, 1405, 1667, 1929, 1996, 2685, 2757, 2781]","[1705, 2043]",3020,12,3008,2,10,3008,0
3.5,DOGCOLIP,"[224, 249, 416, 789, 817, 1108, 1343, 1411, 1602, 1747, 2378, 2503, 2508, 2694, 2821, 2839, 3119]","[1108, 2378]","[224, 249, 416, 789, 817, 1343, 1411, 1602, 1747, 2503, 2508, 2694, 2821, 2839, 3119]","[1108, 2378]",3157,17,3140,2,15,3140,0
3.5,DOGIL8T,"[118, 434, 475, 577, 671, 1206, 1406, 1710, 1769, 1918]","[118, 1406, 1769]","[434, 475, 577, 671, 1206, 1710, 1918]","[118, 1406, 1769]",2230,10,2220,3,7,2220,0
3.5,ECGLOAP1,"[363, 657, 889, 893, 962, 968]","[363, 657]","[889, 893, 962, 968]","[363, 657]",1134,6,1128,2,4,1128,0
3.5,ECPZA2GL,"[19, 193, 767, 954, 1055, 1560, 1585, 1600, 1615, 1623, 1648, 1671, 1675, 1728, 2012, 2153, 2166, 2516, 2613, 3269, 3527, 3576, 3650, 3945, 4059, 4140, 4304, 4610, 5046, 5060, 5077]","[3576, 4059]","[19, 193, 767, 954, 1055, 1560, 1585, 1600, 1615, 1623, 1648, 1671, 1675, 1728, 2012, 2153, 2166, 2516, 2613, 3269, 3527, 3650, 3945, 4140, 4304, 4610, 5046, 5060, 5077]","[3576, 4059]",5082,31,5051,2,29,5051,0
3.5,ECZGL1,"[176, 213, 700, 725, 740, 755, 763, 845, 874, 1033, 1534, 1571, 1580, 1965, 1983]","[700, 1534]","[176, 213, 725, 740, 755, 763, 845, 874, 1033, 1571, 1580, 1965, 1983]","[700, 1534]",1995,15,1980,2,13,1980,0
3.5,ECZGL2,"[255, 280, 295, 310, 318, 400, 429, 588, 1084, 1121, 1130, 1515, 1533]","[255, 1084]","[280, 295, 310, 318, 400, 429, 588, 1121, 1130, 1515, 1533]","[255, 1084]",1556,13,1543,2,11,1543,0
3.5,ELMETL,"[29, 1097, 1120, 1291, 1518]","[1097, 1291]","[29, 1120, 1518]","[1097, 1291]",1866,5,1861,2,3,1861,0
3.5,FDFELDI2,"[131, 276, 571, 641, 678, 703, 1070, 1643, 1882, 2011, 2015, 2149, 2246]",[276],"[131, 571, 641, 678, 703, 1070, 1643, 1882, 2011, 2015, 2149, 2246]","[276, 970]",2418,13,2405,1,12,2404,1
3.5,FDTNFA,"[187, 273, 291, 547, 790, 885, 972, 1396, 1590]","[187, 790, 972]","[273, 291, 547, 885, 1396, 1590]","[187, 790, 972]",1715,9,1706,3,6,1706,0
3.5,GDMYF5G,"[138, 524, 639, 655, 860, 1036, 1104]","[639, 1036]","[138, 524, 655, 860, 1104]","[639, 1036]",1602,7,1595,2,5,1595,0
3.5,GGAC01,"[22, 116, 273, 443, 634, 774, 778, 833, 914, 954, 970, 1057, 1119, 1343, 1586, 1666, 1716, 1903, 1999, 2050, 2226, 2261, 2585, 2602, 2687, 2691, 2698, 2782, 3154, 3189, 3276, 3330, 3338, 3431, 3495, 3561, 3677, 3831, 3857, 3957, 4055, 4309, 4499, 4695]","[1666, 2226, 3189, 3677]","[22, 116, 273, 443, 634, 774, 778, 833, 914, 954, 970, 1057, 1119, 1343, 1586, 1716, 1903, 1999, 2050, 2261, 2585, 2602, 2687, 2691, 2698, 2782, 3154, 3276, 3330, 3338, 3431, 3495, 3561, 3831, 3857, 3957, 4055, 4309, 4499, 4695]","[1666, 2226, 3189, 3677]",5039,44,4995,4,40,4995,0
3.5,GGACTAC,"[311, 339, 351, 533, 614, 779, 791, 970, 1266, 1554, 1815, 1866, 2074, 2127, 2277, 2520, 2752, 2914, 3032, 3218, 3948, 4216, 4282, 4398, 4680, 5278]","[970, 2127, 2914, 3218, 4398]","[311, 339, 351, 533, 614, 779, 791, 1266, 1554, 1815, 1866, 2074, 2277, 2520, 2752, 3032, 3948, 4216, 4282, 4680, 5278]","[970, 2127, 2914, 3218, 4398]",5456,26,5430,5,21,5430,0
3.5,GGACTI,"[153, 404, 525, 529, 580, 788, 841, 929, 975, 1030, 1368, 1554, 1659, 1779, 1841, 2279]","[404, 841, 1554, 1841]","[153, 525, 529, 580, 788, 929, 975, 1030, 1368, 1659, 1779, 2279]","[404, 841, 1137, 1554, 1841]",2419,16,2403,4,12,2402,1
3.5,GGCALB,"[386, 416, 421, 589, 596, 866, 889, 944, 1016, 1292, 1358, 1514, 1542, 1863, 2289, 2549, 2791, 2993, 3062, 3066, 3467, 3509, 3617, 3629, 3793, 4235, 4414, 4894, 5205, 5262, 5524, 5656, 5867, 5933, 6149, 6321, 6673, 6694, 6784, 7035, 7824, 7865, 8249, 8667, 8718, 8722, 8776, 8829, 9052, 9394, 9685, 9916, 10030, 10195, 10530, 10551]","[386, 1863, 2289, 3467, 3793, 4235, 4894, 5205, 5933, 6784, 7035, 7824, 8718, 9052, 9685, 10195]","[416, 421, 589, 596, 866, 889, 944, 1016, 1292, 1358, 1514, 1542, 2549, 2791, 2993, 3062, 3066, 3509, 3617, 3629, 4414, 5262, 5524, 5656, 5867, 6149, 6321, 6673, 6694, 7865, 8249, 8667, 8722, 8776, 8829, 9394, 9916, 10030, 10530, 10551]","[386, 1863, 2289, 3467, 3793, 4235, 4894, 5205, 5933, 6784, 7035, 7824, 8718, 9052, 9685, 10195]",11061,56,11005,16,40,11005,0
3.5,GGCRYD1,"[217, 267, 388, 441, 910, 2077, 2085, 2090, 2251, 2539, 2742, 3150, 3516, 3944, 4297, 4332, 4528, 4889, 4907, 5234, 5498, 5899, 6003, 6138, 6395, 6734, 6791, 6829, 6835, 7213, 7373, 7435, 7529, 7779]","[441, 2742, 3150, 3516, 3944, 4332, 4528, 4907, 5234, 5899, 6138, 6395, 6734, 7213]","[217, 267, 388, 910, 2077, 2085, 2090, 2251, 2539, 4297, 4889, 5498, 6003, 6791, 6829, 6835, 7373, 7435, 7529, 7779]","[441, 1734, 2742, 3150, 3516, 3944, 4332, 4528, 4907, 5234, 5899, 6138, 6395, 6734, 7213]",8153,34,8119,14,20,8118,1
3.5,GGGL03,"[432, 768, 1160]","[432, 768]",[1160],"[432, 768]",1201,3,1198,2,1,1198,0
3.5,GGGNRHIA,"[338, 1684, 1950, 2315, 2577, 2787, 2822, 2951, 3048, 3380, 3422, 3627, 3820, 4195, 4392, 4472, 4544, 5111, 5575, 5640, 5885, 6095]","[3627, 4392]","[338, 1684, 1950, 2315, 2577, 2787, 2822, 2951, 3048, 3380, 3422, 3820, 4195, 4472, 4544, 5111, 5575, 5640, 5885, 6095]","[3627, 4392]",6275,22,6253,2,20,6253,0
3.5,GGNFM1D,"[789, 859, 874, 932, 1295, 1541, 1721, 2051, 2149, 2187, 2194, 2228, 2285, 2451, 3184, 3354, 3448, 3595, 4194, 4284, 4395, 4596, 4656, 4663, 4746, 4768, 4851, 5057]",[2451],"[789, 859, 874, 932, 1295, 1541, 1721, 2051, 2149, 2187, 2194, 2228, 2285, 3184, 3354, 3448, 3595, 4194, 4284, 4395, 4596, 4656, 4663, 4746, 4768, 4851, 5057]","[2132, 2451]",5631,28,5603,1,27,5602,1
3.5,GGPROP2,"[51, 434, 564]",[],"[51, 434, 564]",[307],641,3,638,0,3,637,1
3.5,GGRIHBGEN,"[202, 219, 254, 612, 676, 712, 801, 825, 961, 981, 990, 1038, 1237, 1973, 2050, 2149, 2207, 2381, 2450, 2863, 2982, 3219, 3317, 3394, 3411, 3454]","[2982, 3219, 3454]","[202, 219, 254, 612, 676, 712, 801, 825, 961, 981, 990, 1038, 1237, 1973, 2050, 2149, 2207, 2381, 2450, 2863, 3317, 3394, 3411]","[2982, 3219, 3454]",3879,26,3853,3,23,3853,0
3.5,GGVITIIG,"[54, 190, 442, 567, 830, 1146, 1318, 1596, 2021, 2339, 2561, 2694, 2698, 2948, 2952, 2957, 2977, 3056, 3064, 3138, 3145, 3267, 3791, 4295, 4818, 4876, 5129, 5441, 5848, 6011, 6062, 6229, 6408, 6443, 7045, 7123, 7127, 7268, 7393, 7740, 7817, 8026, 8302, 8481, 8597, 9149, 9439, 9467, 10448, 10481, 10618, 10703, 10714, 10930, 10951, 10971, 11663, 11667, 12272, 12547, 12750, 12791, 13168, 13267, 13505, 13819, 14077, 14139, 14252, 14413, 14589, 14704, 15348, 15710, 15771, 15820, 15880, 16552, 16955, 17013, 17019, 17193, 17299, 17447, 17481, 17492, 17815, 17864, 17913, 18132, 18829, 18851, 18882, 19081, 19128, 19337, 19348, 19513, 19515, 19933, 20037, 20096, 20126]","[54, 190, 442, 2021, 2694, 2948, 3267, 3791, 4818, 5441, 6229, 6443, 7045, 7268, 8026, 8302, 9149, 9467, 10448, 10714, 12272, 13267, 13505, 14704, 15348, 15771, 16955, 17864, 19081]","[567, 830, 1146, 1318, 1596, 2339, 2561, 2698, 2952, 2957, 2977, 3056, 3064, 3138, 3145, 4295, 4876, 5129, 5848, 6011, 6062, 6408, 7123, 7127, 7393, 7740, 7817, 8481, 8597, 9439, 10481, 10618, 10703, 10930, 10951, 10971, 11663, 11667, 12547, 12750, 12791, 13168, 13819, 14077, 14139, 14252, 14413, 14589, 15710, 15820, 15880, 16552, 17013, 17019, 17193, 17299, 17447, 17481, 17492, 17815, 17913, 18132, 18829, 18851, 18882, 19128, 19337, 19348, 19513, 19515, 19933, 20037, 20096, 20126]","[54, 190, 442, 2021, 2694, 2948, 3267, 3543, 3791, 4818, 5441, 6229, 6443, 7045, 7268, 8026, 8302, 9149, 9467, 10104, 10448, 10714, 11757, 12272, 12615, 13267, 13505, 14028, 14704, 15348, 15771, 16955, 17864, 19081]",20336,103,20233,29,74,20228,5
3.5,GIBPROTP1A,"[56, 160, 260]",[160],"[56, 260]",[160],394,3,391,1,2,391,0
3.5,GORAFPA,"[75, 699, 919, 999, 1243, 1860, 1939, 2163, 2232, 2268, 2395, 2455, 2784, 2871, 2955, 3434, 3684, 4002, 4151, 4192, 4232, 4363, 4369, 4564, 4596, 4744, 4757, 5295, 5457, 5550, 5602, 6121, 6760, 6976, 6990, 7046, 7156, 7445, 7766, 7795, 8370, 8836, 9445, 9548, 10041, 10310, 10408, 10422, 10727, 10807, 10815, 10903, 11145, 11629, 11737, 11823, 12491, 12575, 13421, 14087, 14183, 14424, 14496, 14672, 14707, 15555, 15801, 15935, 15952, 16067, 16581, 17195, 17207, 17576, 17601, 17834, 18115, 18940, 19231, 19676, 20297, 20326, 20427, 20434, 20474, 20478, 20617, 20718, 21186, 21207, 22550, 22649, 22828, 22937, 23096, 23140, 23229, 23233, 23613, 23763, 23937, 24387]","[999, 1860, 2955, 5457, 6760, 7766, 9445, 11629, 13421, 14087, 14707, 16581, 17834]","[75, 699, 919, 1243, 1939, 2163, 2232, 2268, 2395, 2455, 2784, 2871, 3434, 3684, 4002, 4151, 4192, 4232, 4363, 4369, 4564, 4596, 4744, 4757, 5295, 5550, 5602, 6121, 6976, 6990, 7046, 7156, 7445, 7795, 8370, 8836, 9548, 10041, 10310, 10408, 10422, 10727, 10807, 10815, 10903, 11145, 11737, 11823, 12491, 12575, 14183, 14424, 14496, 14672, 15555, 15801, 15935, 15952, 16067, 17195, 17207, 17576, 17601, 18115, 18940, 19231, 19676, 20297, 20326, 20427, 20434, 20474, 20478, 20617, 20718, 21186, 21207, 22550, 22649, 22828, 22937, 23096, 23140, 23229, 23233, 23613, 23763, 23937, 24387]","[999, 1860, 2955, 5457, 6760, 7766, 9445, 11629, 13421, 14087, 14707, 16581, 17834]",24600,102,24498,13,89,24498,0
3.5,GORPROTP1A,"[60, 164]",[164],[60],[164],405,2,403,1,1,403,0
3.5,GPIINS,"[203, 526, 587, 696, 950, 1023]",[526],"[203, 587, 696, 950, 1023]",[526],1465,6,1459,1,5,1459,0
3.5,HAMAMYLP,"[48, 446, 539, 618, 735, 1394, 1473, 1549, 1794, 2308, 3415, 3934, 4561, 5045, 5424, 5541]",[2308],"[48, 446, 539, 618, 735, 1394, 1473, 1549, 1794, 3415, 3934, 4561, 5045, 5424, 5541]",[2308],5948,16,5932,1,15,5932,0
3.5,HAMHG5,"[615, 640, 781, 1333, 1373, 1385, 1640, 1817, 1905, 1919, 2464, 2679, 2817, 3433, 3461, 3609, 3620, 3950, 4319, 4662, 4856, 5439, 5517, 5603, 5637, 6188, 6597, 7156, 7240, 7287, 7441, 7601, 7668, 7956, 8108, 8258, 8295, 8396, 8881, 9223, 9231]","[4856, 5517, 6188, 6597, 7441]","[615, 640, 781, 1333, 1373, 1385, 1640, 1817, 1905, 1919, 2464, 2679, 2817, 3433, 3461, 3609, 3620, 3950, 4319, 4662, 5439, 5603, 5637, 7156, 7240, 7287, 7601, 7668, 7956, 8108, 8258, 8295, 8396, 8881, 9223, 9231]","[4856, 5517, 6188, 6597, 7441]",9712,41,9671,5,36,9671,0
3.5,HROAMD1,"[237, 289, 546, 1072, 1585, 2687, 3357, 3486, 3494, 3830, 3928, 4081, 4700, 4795, 4816, 5311, 5413, 5723, 5734, 5795, 5962, 6212, 6408, 6415, 6863, 6983]","[2687, 3486, 4700]","[237, 289, 546, 1072, 1585, 3357, 3494, 3830, 3928, 4081, 4795, 4816, 5311, 5413, 5723, 5734, 5795, 5962, 6212, 6408, 6415, 6863, 6983]","[2687, 3486, 4700]",7092,26,7066,3,23,7066,0
3.5,HROMA2,"[292, 358, 427, 686, 739, 820, 1174, 1285, 1351]","[739, 1174]","[292, 358, 427, 686, 820, 1285, 1351]","[739, 1174]",1780,9,1771,2,7,1771,0
3.5,HROMA4A,"[661, 727, 1055, 1108, 1316, 1670, 1774, 1840, 2287]","[1108, 1670]","[661, 727, 1055, 1316, 1774, 1840, 2287]","[1108, 1670]",2332,9,2323,2,7,2323,0
3.5,HRSPRMI,"[247, 416, 722, 1245, 1605, 1880, 2047]",[722],"[247, 416, 1245, 1605, 1880, 2047]",[722],2199,7,2192,1,6,2192,0
3.5,HS1D3HLH,"[173, 185, 467, 757, 1039, 1231, 1634, 1750, 2003, 2146]",[1039],"[173, 185, 467, 757, 1231, 1634, 1750, 2003, 2146]",[1039],2474,10,2464,1,9,2464,0
3.5,HS2OXOC,"[116, 755, 1095, 1162, 1421, 1451, 1694, 1719, 1825, 1878, 1894, 2227]","[116, 1162, 1421, 1694, 1825]","[755, 1095, 1451, 1719, 1878, 1894, 2227]","[116, 871, 1162, 1421, 1694, 1825]",2511,12,2499,5,7,2498,1
3.5,HSABLGR1,"[371, 749, 860, 902, 1080, 1236, 1279, 1670, 1981, 2265, 2274, 2923, 2977, 3020, 3130, 3140, 3178, 3182, 3265, 3344, 3636, 3683, 4148, 4166, 4321, 4479, 4506, 4528, 4865, 5108, 5218, 5284, 5312, 5317, 5465, 5666, 5890, 6125, 6508, 6567, 6617, 6708, 6743, 6820, 6977, 7049, 7197, 7212, 7507, 8039, 8356, 8470, 8720, 9035, 9075, 9294, 9310, 9340, 9367, 9507, 10016, 10073, 10112, 10400, 10413, 10509, 10535, 10539, 10623, 10950, 10991, 11052, 11090, 11094, 11118, 11135, 11167, 11354, 11597, 11929, 11951, 11988, 11992, 12007, 12239, 12325, 12396, 12434, 12880, 12948, 13058, 13205, 13262, 13683, 13875, 14754, 14973, 15060, 15400, 15442, 15444, 15514, 15589, 15741, 15907, 15929, 16019, 16572, 16943, 17036, 17116, 17249, 17547, 17886, 17991, 18028, 18211, 19026, 19158, 19199, 19244, 19282, 19672, 19728, 19816, 19906, 19972, 20007, 20015, 20105, 20121, 20282, 20325, 20665, 20991, 21219, 21558, 21832, 22368, 22886, 23084, 23126, 23128, 23330, 23393, 23472, 23507, 23584, 23730, 23851, 23855, 23938, 23981, 24042, 24066, 24277, 24298, 24656, 24805, 24853, 24896, 24979, 25221, 25292, 25849, 25902, 25906, 26127, 26145, 26288, 26300, 26508, 26590, 26725, 26789, 27114, 27158, 27209, 28260, 29268, 29760, 30552, 31027, 31031, 31138, 31182, 31270, 31307, 31699, 32126, 32128, 32233, 32296, 32399, 32606, 32910, 33591, 33629, 33787, 33826, 33869, 34121, 34153, 34322, 34563, 34596, 35102, 35331, 35464, 35562, 35751, 35835]","[8720, 10400, 12434, 15741, 17116, 17991]","[371, 749, 860, 902, 1080, 1236, 1279, 1670, 1981, 2265, 2274, 2923, 2977, 3020, 3130, 3140, 3178, 3182, 3265, 3344, 3636, 3683, 4148, 4166, 4321, 4479, 4506, 4528, 4865, 5108, 5218, 5284, 5312, 5317, 5465, 5666, 5890, 6125, 6508, 6567, 6617, 6708, 6743, 6820, 6977, 7049, 7197, 7212, 7507, 8039, 8356, 8470, 9035, 9075, 9294, 9310, 9340, 9367, 9507, 10016, 10073, 10112, 10413, 10509, 10535, 10539, 10623, 10950, 10991, 11052, 11090, 11094, 11118, 11135, 11167, 11354, 11597, 11929, 11951, 11988, 11992, 12007, 12239, 12325, 12396, 12880, 12948, 13058, 13205, 13262, 13683, 13875, 14754, 14973, 15060, 15400, 15442, 15444, 15514, 15589, 15907, 15929, 16019, 16572, 16943, 17036, 17249, 17547, 17886, 18028, 18211, 19026, 19158, 19199, 19244, 19282, 19672, 19728, 19816, 19906, 19972, 20007, 20015, 20105, 20121, 20282, 20325, 20665, 20991, 21219, 21558, 21832, 22368, 22886, 23084, 23126, 23128, 23330, 23393, 23472, 23507, 23584, 23730, 23851, 23855, 23938, 23981, 24042, 24066, 24277, 24298, 24656, 24805, 24853, 24896, 24979, 25221, 25292, 25849, 25902, 25906, 26127, 26145, 26288, 26300, 26508, 26590, 26725, 26789, 27114, 27158, 27209, 28260, 29268, 29760, 30552, 31027, 31031, 31138, 31182, 31270, 31307, 31699, 32126, 32128, 32233, 32296, 32399, 32606, 32910, 33591, 33629, 33787, 33826, 33869, 34121, 34153, 34322, 34563, 34596, 35102, 35331, 35464, 35562, 35751, 35835]","[8720, 10400, 12434, 14200, 15741, 17116, 17991]",35955,212,35743,6,206,35742,1
3.5,HSALDCG,"[88, 105, 148, 349, 555, 801, 962, 1014, 1283, 2098, 2481, 2637, 2641, 2663, 2939, 3110, 3289, 3366, 3386, 3395, 3551, 3567, 3994, 4346, 4434]","[2641, 2939, 3110, 3366, 3567, 3994]","[88, 105, 148, 349, 555, 801, 962, 1014, 1283, 2098, 2481, 2637, 2663, 3289, 3386, 3395, 3551, 4346, 4434]","[2641, 2939, 3110, 3366, 3567, 3994, 4326]",5191,25,5166,6,19,5165,1
3.5,HSAPC3A,"[110, 172, 226, 636, 859, 919, 1178, 1246, 1829, 2140, 2325, 2363, 2515, 2570, 2778, 3106, 3212, 3409, 3492, 3587, 3769, 3863, 3874, 4086, 4222, 4585, 4618, 4662, 4679, 5222, 5823]","[919, 1178]","[110, 172, 226, 636, 859, 1246, 1829, 2140, 2325, 2363, 2515, 2570, 2778, 3106, 3212, 3409, 3492, 3587, 3769, 3863, 3874, 4086, 4222, 4585, 4618, 4662, 4679, 5222, 5823]","[919, 1178]",6042,31,6011,2,29,6011,0
3.5,HSAPOA2B,"[152, 168, 232, 245, 267, 338, 490, 682, 698, 916, 1554, 1585, 1655]","[490, 916]","[152, 168, 232, 245, 267, 338, 682, 698, 1554, 1585, 1655]","[490, 916]",1748,13,1735,2,11,1735,0
3.5,HSAPOAIA,"[57, 317, 583, 661, 1397, 1409, 1799, 1849, 1942, 2090, 2177]","[317, 661]","[57, 583, 1397, 1409, 1799, 1849, 1942, 2090, 2177]","[317, 661]",2186,11,2175,2,9,2175,0
3.5,HSAPOAIT,"[120, 231, 491, 757, 835, 866, 1572, 1584, 1974, 2024, 2117, 2265, 2353]","[491, 835]","[120, 231, 757, 866, 1572, 1584, 1974, 2024, 2117, 2265, 2353]","[491, 835]",2378,13,2365,2,11,2365,0
3.5,HSAPOC2G,"[33, 185, 231, 255, 273, 606, 645, 727, 790, 946, 1276, 1494, 1505, 1553, 1572, 1971, 2021, 2037, 2148, 2191, 2346, 2358, 2401, 2479, 2714, 2943]",[2714],"[33, 185, 231, 255, 273, 606, 645, 727, 790, 946, 1276, 1494, 1505, 1553, 1572, 1971, 2021, 2037, 2148, 2191, 2346, 2358, 2401, 2479, 2943]","[2714, 3041]",3833,26,3807,1,25,3806,1
3.5,HSAQUPN2,"[431, 497, 632, 917]","[431, 632]","[497, 917]","[431, 632, 746]",988,4,984,2,2,983,1
3.5,HSARYLA,"[275, 413, 459, 560, 848, 1091, 1238, 1571, 1815, 1906, 1991, 2004, 2052, 2141, 2252, 2470, 2479, 2528, 2666, 3040, 3087, 3432, 3452, 3567]","[848, 1238, 1571, 1815, 2252, 2470]","[275, 413, 459, 560, 1091, 1906, 1991, 2004, 2052, 2141, 2479, 2528, 2666, 3040, 3087, 3432, 3452, 3567]","[848, 1238, 1571, 1815, 2252, 2470, 2823]",3630,24,3606,6,18,3605,1
3.5,HSAT3,"[160, 280, 327, 646, 655, 825, 2225, 2451, 2846, 3311, 4422, 4823, 4978, 5095, 5305, 5311, 5717, 6015, 6059, 6235, 6645, 6811, 6879, 6934, 6938, 7102, 7225, 7231, 8072, 8152, 8303, 8536, 8551, 8733, 9045, 9260, 9625, 9717, 9730, 10089, 10131, 10133, 10205, 10336, 10401, 10948, 11303, 11320, 11660, 11748, 11977, 12007, 12165, 12249, 12547, 12555, 12719, 12834, 13036, 13056, 13092, 13775]","[646, 3311, 6059, 7102, 8303, 10401]","[160, 280, 327, 655, 825, 2225, 2451, 2846, 4422, 4823, 4978, 5095, 5305, 5311, 5717, 6015, 6235, 6645, 6811, 6879, 6934, 6938, 7225, 7231, 8072, 8152, 8536, 8551, 8733, 9045, 9260, 9625, 9717, 9730, 10089, 10131, 10133, 10205, 10336, 10948, 11303, 11320, 11660, 11748, 11977, 12007, 12165, 12249, 12547, 12555, 12719, 12834, 13036, 13056, 13092, 13775]","[646, 3311, 6059, 7102, 8303, 10401]",14199,62,14137,6,56,14137,0
3.5,HSATPCP1,"[26, 158, 496, 534, 673, 705, 831, 989, 1257, 1518, 1680, 1838, 1920, 1994, 2127, 2258, 2347, 2691, 2771, 2846, 2889, 3013, 3045, 3169, 4036, 4080, 4245, 4726, 4773, 4843, 4975, 5254, 5389, 5394, 5525, 5924, 5934, 6099, 6277, 6382, 6830, 6843, 6860, 6865, 6999, 7008, 7017, 7267, 7698, 7763, 7854, 7927, 8202, 8207, 8529, 8701, 8708, 8714, 8947, 9101]","[5389, 6382, 7267]","[26, 158, 496, 534, 673, 705, 831, 989, 1257, 1518, 1680, 1838, 1920, 1994, 2127, 2258, 2347, 2691, 2771, 2846, 2889, 3013, 3045, 3169, 4036, 4080, 4245, 4726, 4773, 4843, 4975, 5254, 5394, 5525, 5924, 5934, 6099, 6277, 6830, 6843, 6860, 6865, 6999, 7008, 7017, 7698, 7763, 7854, 7927, 8202, 8207, 8529, 8701, 8708, 8714, 8947, 9101]","[5389, 6382, 7267]",9450,60,9390,3,57,9390,0
3.5,HSATPCP2,"[6, 107, 1210, 1546, 2402, 2996, 3326, 3624, 3721, 3890, 4013, 4180, 4668, 4738, 4743, 5066, 5367, 6152, 6504, 6916, 7005, 7310, 7490, 7756, 7768, 7851, 8252, 8414, 8638, 8957, 9194, 9212, 9611, 9627, 9637, 9647, 9689, 9693, 9752, 9790, 10099, 10195, 10918, 10966, 11516, 11530, 11602, 11686, 11693, 11728, 11736, 12001, 12044, 12119, 12123, 12127, 12342, 12497, 13004, 13012, 13249, 13435, 13888, 14022, 14024, 14535, 14954]","[7490, 10195, 10918]","[6, 107, 1210, 1546, 2402, 2996, 3326, 3624, 3721, 3890, 4013, 4180, 4668, 4738, 4743, 5066, 5367, 6152, 6504, 6916, 7005, 7310, 7756, 7768, 7851, 8252, 8414, 8638, 8957, 9194, 9212, 9611, 9627, 9637, 9647, 9689, 9693, 9752, 9790, 10099, 10966, 11516, 11530, 11602, 11686, 11693, 11728, 11736, 12001, 12044, 12119, 12123, 12127, 12342, 12497, 13004, 13012, 13249, 13435, 13888, 14022, 14024, 14535, 14954]","[7490, 10195, 10918]",15009,67,14942,3,64,14942,0
3.5,HSB3A,"[223, 580, 1424, 1843, 1847, 1901, 1940, 2085, 2623, 2640, 2655, 2659, 2670, 3047, 3139, 3166, 3203, 3474]",[1843],"[223, 580, 1424, 1847, 1901, 1940, 2085, 2623, 2640, 2655, 2659, 2670, 3047, 3139, 3166, 3203, 3474]",[1843],3676,18,3658,1,17,3658,0
3.5,HSBGPG,"[29, 151, 560, 817, 850, 856, 1096, 1340, 1344, 1593, 1645]","[560, 850, 1096]","[29, 151, 817, 856, 1340, 1344, 1593, 1645]","[560, 850, 1096]",1668,11,1657,3,8,1657,0
3.5,HSBSF2,"[238, 318, 335, 477, 1242, 1293, 1304, 1550, 1587, 1621, 1869, 2241, 2450, 2605, 2748, 2847, 2930, 2956, 3022, 3106, 3336, 3601, 3605, 4086, 4317, 4427, 4505, 4715, 4895, 4943, 5688]","[1242, 1587, 2748, 3601]","[238, 318, 335, 477, 1293, 1304, 1550, 1621, 1869, 2241, 2450, 2605, 2847, 2930, 2956, 3022, 3106, 3336, 3605, 4086, 4317, 4427, 4505, 4715, 4895, 4943, 5688]","[1242, 1587, 2748, 3601]",5954,31,5923,4,27,5923,0
3.5,HSCBMYHC,"[62, 278, 297, 345, 369, 536, 649, 1577, 2228, 2258, 2583, 2735, 2805, 2858, 2868, 3016, 3181, 3193, 3218, 3293, 3301, 3493, 3592, 3819, 3932, 4092, 4595, 4612, 4776, 4921, 5041, 5485, 5644, 6160, 6529, 6694, 6814, 7026, 7246, 7567, 7575, 7609, 7735, 7894, 7912, 7958, 8095, 8354, 8647, 8867, 8898, 8933, 9024, 9174, 9885, 9909, 9985, 10554, 10667, 10877, 11339, 11536, 11847, 12155, 12159, 12229, 12303, 12427, 12635, 12786, 12825, 12829, 13037, 13342, 14042, 14210, 14394, 14571, 14700, 14806, 15120, 15375, 15416, 15683, 15784, 16410, 16665, 17120, 17284, 17811, 18138, 18228, 18590, 18734, 18777, 18896, 19262, 19469, 19970, 20028, 20057, 20132, 20604, 20964, 21352, 21466, 21505, 21839, 22088, 22153, 22369, 22423, 22474, 22486, 22643, 23209, 23454, 23605, 23701, 23830, 24128, 24278, 24751, 24794]","[4595, 5041, 5485, 5644, 6529, 6694, 7246, 7567, 8354, 8898, 9174, 10877, 11339, 12155, 12427, 12829, 13342, 14210, 14571, 17120, 18228, 18590, 18896, 19262, 19970, 20604, 21466, 21839, 22088, 22474, 23454, 23701]","[62, 278, 297, 345, 369, 536, 649, 1577, 2228, 2258, 2583, 2735, 2805, 2858, 2868, 3016, 3181, 3193, 3218, 3293, 3301, 3493, 3592, 3819, 3932, 4092, 4612, 4776, 4921, 6160, 6814, 7026, 7575, 7609, 7735, 7894, 7912, 7958, 8095, 8647, 8867, 8933, 9024, 9885, 9909, 9985, 10554, 10667, 11536, 11847, 12159, 12229, 12303, 12635, 12786, 12825, 13037, 14042, 14394, 14700, 14806, 15120, 15375, 15416, 15683, 15784, 16410, 16665, 17284, 17811, 18138, 18734, 18777, 19469, 20028, 20057, 20132, 20964, 21352, 21505, 22153, 22369, 22423, 22486, 22643, 23209, 23605, 23830, 24128, 24278, 24751, 24794]","[4595, 5041, 5485, 5644, 6354, 6529, 6694, 7246, 7567, 8354, 8898, 9174, 9626, 10530, 10877, 11339, 12155, 12427, 12829, 13342, 14210, 14571, 15900, 17120, 18228, 18590, 18896, 19262, 19970, 20319, 20604, 21466, 21839, 22088, 22474, 23454, 23701]",24993,124,24869,32,92,24864,5
3.5,HSCD14G,"[159, 562, 763, 986, 1318]",[159],"[562, 763, 986, 1318]",[159],1563,5,1558,1,4,1558,0
3.5,HSCKBG,"[236, 347, 876, 1075, 1244, 1261, 1341, 1619, 1733, 1824, 2068, 2124, 2380, 2552, 2570, 2638, 2643, 2877, 3022, 3174, 3434, 3521, 3534, 3620, 4078]","[1341, 1619, 1824, 2380, 3174, 3521]","[236, 347, 876, 1075, 1244, 1261, 1733, 2068, 2124, 2552, 2570, 2638, 2643, 2877, 3022, 3434, 3534, 3620, 4078]","[1341, 1619, 1824, 2380, 3174, 3521]",4193,25,4168,6,19,4168,0
3.5,HSCOMT2,"[197, 589, 636, 703, 911, 1075, 1959, 2128, 2188, 2212, 2350, 2378, 2547, 2897, 3091, 3503]","[1959, 2378]","[197, 589, 636, 703, 911, 1075, 2128, 2188, 2212, 2350, 2547, 2897, 3091, 3503]","[1630, 1959, 2378]",3644,16,3628,2,14,3627,1
3.5,HSCPH70,"[205, 297, 633, 773, 829, 865, 1057, 1729, 1784, 2228, 2820, 2936, 3172, 3200, 3382, 3675, 3831, 3895, 3899, 4204, 4283, 4407, 4801, 5251, 5666, 6024]","[1729, 4204, 4407, 4801]","[205, 297, 633, 773, 829, 865, 1057, 1784, 2228, 2820, 2936, 3172, 3200, 3382, 3675, 3831, 3895, 3899, 4283, 5251, 5666, 6024]","[1729, 4204, 4407, 4801]",6704,26,6678,4,22,6678,0
3.5,HSCSF1PO,"[359, 496, 534, 678, 779, 1290, 1433, 1965, 2385, 2428, 2591, 2670, 2704, 2816, 3283, 3327, 3691, 3740, 3777, 3815, 4479, 4703, 4825, 5071, 5393, 5398, 5400, 5510, 5647, 5682, 6274, 6579, 6602, 6651, 6706, 6732, 7061, 7314, 7376, 7572, 7831, 7943, 8115, 8250, 8287, 8486, 8680, 8694, 8699, 8725, 8843, 8847, 8876, 8943, 9217, 9445, 9575, 9595, 9774, 9787, 9882, 10134, 10227, 10249, 10444, 10517, 11059, 11063, 11092, 11111, 11515, 11661, 11707, 11723, 12153, 12296, 12404, 12482, 12926, 12953, 12975, 13021, 13044, 13281, 13436, 13526, 13657, 13951, 14499, 14645, 14683, 14890, 15036, 15082, 15556, 15733, 15783, 16061, 16103, 16105, 17256, 17882, 17968, 17972, 18046, 18156, 18208, 18274, 18350, 18465, 18756, 19403, 19724, 20123, 20159, 20510, 21307, 21311, 21438, 21444, 21988, 22203, 23086, 23437, 23668, 24059, 24072, 24247, 24260, 24264, 24749, 24806, 25151, 25196, 25690, 25817, 25831, 26044, 26095, 26605, 26732, 26837, 26841, 26963, 27465, 27837, 27905, 29084, 29206, 29926, 30172, 30341, 30657, 30823, 30890, 31040, 31077, 31133, 31141, 31663, 31739, 31836, 31855, 31942, 32108, 32146, 32301, 32402, 32862, 33041, 33091, 33463, 33729, 33743, 33816, 33832, 34006, 34015, 34027, 34038, 34158, 34399, 34417, 34668]","[1965, 7572, 8287, 10227, 11063, 15036, 17882, 18156, 18465, 20123, 26605, 26837, 27465, 30823, 31040, 32108, 32301, 33091, 34006]","[359, 496, 534, 678, 779, 1290, 1433, 2385, 2428, 2591, 2670, 2704, 2816, 3283, 3327, 3691, 3740, 3777, 3815, 4479, 4703, 4825, 5071, 5393, 5398, 5400, 5510, 5647, 5682, 6274, 6579, 6602, 6651, 6706, 6732, 7061, 7314, 7376, 7831, 7943, 8115, 8250, 8486, 8680, 8694, 8699, 8725, 8843, 8847, 8876, 8943, 9217, 9445, 9575, 9595, 9774, 9787, 9882, 10134, 10249, 10444, 10517, 11059, 11092, 11111, 11515, 11661, 11707, 11723, 12153, 12296, 12404, 12482, 12926, 12953, 12975, 13021, 13044, 13281, 13436, 13526, 13657, 13951, 14499, 14645, 14683, 14890, 15082, 15556, 15733, 15783, 16061, 16103, 16105, 17256, 17968, 17972, 18046, 18208, 18274, 18350, 18756, 19403, 19724, 20159, 20510, 21307, 21311, 21438, 21444, 21988, 22203, 23086, 23437, 23668, 24059, 24072, 24247, 24260, 24264, 24749, 24806, 25151, 25196, 25690, 25817, 25831, 26044, 26095, 26732, 26841, 26963, 27837, 27905, 29084, 29206, 29926, 30172, 30341, 30657, 30890, 31077, 31133, 31141, 31663, 31739, 31836, 31855, 31942, 32146, 32402, 32862, 33041, 33463, 33729, 33743, 33816, 33832, 34015, 34027, 34038, 34158, 34399, 34417, 34668]","[1965, 7572, 8287, 10227, 11063, 15036, 17882, 18156, 18465, 20123, 26605, 26837, 27465, 28627, 30823, 31040, 32108, 32301, 33091, 34006]",35093,184,34909,19,165,34908,1
3.5,HSCST3G,"[234, 271, 330, 536, 888, 931, 1006, 1145, 1310, 1328, 1661, 1920, 2234, 2342, 3064, 3155, 3159, 3329, 3443, 3468, 3694, 3740, 3783, 3845, 3865, 3879, 3883, 3928, 3934, 3938, 4087, 4117, 4129, 4620, 4741, 4813, 5518, 5990, 6231, 6293, 6448, 6521, 6582, 6589, 6632, 6921, 7112]","[1328, 3694]","[234, 271, 330, 536, 888, 931, 1006, 1145, 1310, 1661, 1920, 2234, 2342, 3064, 3155, 3159, 3329, 3443, 3468, 3740, 3783, 3845, 3865, 3879, 3883, 3928, 3934, 3938, 4087, 4117, 4129, 4620, 4741, 4813, 5518, 5990, 6231, 6293, 6448, 6521, 6582, 6589, 6632, 6921, 7112]","[1328, 3694]",7285,47,7238,2,45,7238,0
3.5,HSCYCLA,"[274, 407, 1029, 1049, 1102, 1333, 1393, 1422, 1530, 2406, 2439, 2509, 2954, 3031, 3668, 3731, 3962, 4168, 4475, 4520, 4538, 5338, 5389, 5439, 5670, 5911, 6070, 6323, 6483, 6667, 6982, 7024, 7439, 7622, 7956, 7973, 8050, 8113]","[1393, 2406, 3731, 4168, 5338, 5911, 6667]","[274, 407, 1029, 1049, 1102, 1333, 1422, 1530, 2439, 2509, 2954, 3031, 3668, 3962, 4475, 4520, 4538, 5389, 5439, 5670, 6070, 6323, 6483, 6982, 7024, 7439, 7622, 7956, 7973, 8050, 8113]","[1393, 2406, 3731, 4168, 5338, 5911, 6667]",8356,38,8318,7,31,8318,0
3.5,HSCYP216,"[255, 302, 442, 567, 665, 874, 879, 1278, 1466, 1475, 1836, 1888, 2153, 2215, 2239, 2402]","[255, 442, 879, 1278, 1466, 1836, 2215, 2402]","[302, 567, 665, 874, 1475, 1888, 2153, 2239]","[255, 442, 879, 1088, 1278, 1466, 1836, 2215, 2402]",2764,16,2748,8,8,2747,1
3.5,HSCYP45C,"[185, 731, 805, 828, 947, 1256, 1688, 1772, 2048, 2612, 2667, 3358, 3538, 3542, 3642, 3975, 4405, 4603, 4680, 4942, 4963, 5008, 5624, 5801, 5826, 6016, 6248, 6517, 6525, 6562, 6694, 6935, 7081, 7429]","[4942, 5624, 5801, 6016, 6248]","[185, 731, 805, 828, 947, 1256, 1688, 1772, 2048, 2612, 2667, 3358, 3538, 3542, 3642, 3975, 4405, 4603, 4680, 4963, 5008, 5826, 6517, 6525, 6562, 6694, 6935, 7081, 7429]","[4942, 5624, 5801, 6016, 6248]",7547,34,7513,5,29,7513,0
3.5,HSCYTOK17,"[396, 452, 488, 581, 982, 1709, 1951, 2079, 2304, 2582, 2850, 2857, 2928, 2935, 3066, 3131, 3158, 3171, 3245, 3257, 3288, 3468, 3601, 3625, 3693, 4000, 4123, 4840, 4972, 4987]","[581, 1709, 2304, 3066, 3693, 4000, 4123]","[396, 452, 488, 982, 1951, 2079, 2582, 2850, 2857, 2928, 2935, 3131, 3158, 3171, 3245, 3257, 3288, 3468, 3601, 3625, 4840, 4972, 4987]","[581, 1709, 2304, 3066, 3693, 4000, 4123]",5253,30,5223,7,23,5223,0
3.5,HSCYTOK20,"[116, 203, 1277, 1871, 2287, 2515, 2601, 2644, 3128, 3978, 4019, 4075, 4531, 4732, 5047, 5152, 5205, 5281, 5352, 6555, 6824, 7135, 7290, 7458, 7512, 8061, 8134, 8722, 8760, 8860, 8864, 9313, 9470, 9642, 9984, 10005, 10271, 10714, 10828, 10916, 11052, 11131, 11206, 11421, 11499, 11940, 12146, 12458, 12705, 12783, 12902, 13941, 14034, 15297, 15989, 16190, 16343, 16347, 16498, 16620, 16791, 17174, 17254]","[5281, 7512, 9470, 9984, 10271, 11940, 12705]","[116, 203, 1277, 1871, 2287, 2515, 2601, 2644, 3128, 3978, 4019, 4075, 4531, 4732, 5047, 5152, 5205, 5352, 6555, 6824, 7135, 7290, 7458, 8061, 8134, 8722, 8760, 8860, 8864, 9313, 9642, 10005, 10714, 10828, 10916, 11052, 11131, 11206, 11421, 11499, 12146, 12458, 12783, 12902, 13941, 14034, 15297, 15989, 16190, 16343, 16347, 16498, 16620, 16791, 17174, 17254]","[5281, 7512, 9470, 9984, 10271, 11940, 12705]",18054,63,17991,7,56,17991,0
3.5,HSDAO,"[588, 956, 1035, 1080, 1111, 1177, 1263, 1329, 1381, 1437, 1635, 1665, 1751, 2197, 2229, 2351, 2551, 2877, 3236, 3885, 3987, 4584, 4623, 5121, 5561, 5744, 5903, 6200, 6426, 6696, 7384, 7431, 7461, 7548, 7594, 7766, 7871, 7903, 8028, 8329, 8347, 8502, 8880, 9013, 9276, 9343]","[6426, 7431, 9013]","[588, 956, 1035, 1080, 1111, 1177, 1263, 1329, 1381, 1437, 1635, 1665, 1751, 2197, 2229, 2351, 2551, 2877, 3236, 3885, 3987, 4584, 4623, 5121, 5561, 5744, 5903, 6200, 6696, 7384, 7461, 7548, 7594, 7766, 7871, 7903, 8028, 8329, 8347, 8502, 8880, 9276, 9343]","[6426, 7431, 9013]",9896,46,9850,3,43,9850,0
3.5,HSERPG,"[143, 628, 1303, 1340, 1683, 1774, 1943, 2026, 2069, 2290, 2294, 2474, 2509, 2768]","[628, 1340, 1683, 2474]","[143, 1303, 1774, 1943, 2026, 2069, 2290, 2294, 2509, 2768]","[628, 1340, 1683, 2474]",3391,14,3377,4,10,3377,0
3.5,HSFAU1,"[335, 505, 655, 824, 857, 870, 1096, 1100, 1129, 1140, 1349, 1557, 1592, 1599, 1613, 1617, 1741, 1821, 2004]","[857, 1096, 1613]","[335, 505, 655, 824, 870, 1100, 1129, 1140, 1349, 1557, 1592, 1599, 1617, 1741, 1821, 2004]","[857, 1096, 1613]",2009,19,1990,3,16,1990,0
3.5,HSFESFPS,"[8, 13, 543, 608, 614, 728, 738, 872, 1227, 1248, 1553, 1650, 1781, 1827, 1889, 3023, 3180, 3336, 3435, 3637, 3645, 3726, 3769, 3797, 3873, 3923, 4008, 4522, 4532, 4547, 5028, 5154, 5405, 5598, 5924, 6108, 6240, 6445, 6767, 6970, 7063, 7089, 7150, 7230, 7330, 7634, 7757, 7836, 8020, 8052, 8069, 8349, 8546, 8582, 8598, 8640, 8720, 8782, 9151, 9176, 9294, 9371, 9424, 9768, 10015, 10445, 10483, 10626, 10664, 10965, 10996, 11068, 11128, 11196, 11511, 11558, 11788, 11865, 12024, 12034, 12062, 12225]","[1227, 1553, 3023, 3336, 5405, 5598, 5924, 6240, 6445, 7150, 7634, 8069, 8782, 9151, 9371, 9768, 10015]","[8, 13, 543, 608, 614, 728, 738, 872, 1248, 1650, 1781, 1827, 1889, 3180, 3435, 3637, 3645, 3726, 3769, 3797, 3873, 3923, 4008, 4522, 4532, 4547, 5028, 5154, 6108, 6767, 6970, 7063, 7089, 7230, 7330, 7757, 7836, 8020, 8052, 8349, 8546, 8582, 8598, 8640, 8720, 9176, 9294, 9424, 10445, 10483, 10626, 10664, 10965, 10996, 11068, 11128, 11196, 11511, 11558, 11788, 11865, 12024, 12034, 12062, 12225]","[1227, 1553, 3023, 3336, 5405, 5598, 5924, 6240, 6445, 7150, 7634, 8069, 8782, 9151, 9371, 9768, 10015]",12256,82,12174,17,65,12174,0
3.5,HSGCSFG,"[264, 404, 540, 690, 735, 739, 744, 748, 774, 970, 1230, 1521, 1999, 2048, 2121, 2296, 2790]","[404, 744, 1230, 1521]","[264, 540, 690, 735, 739, 748, 774, 970, 1999, 2048, 2121, 2296, 2790]","[404, 744, 1230, 1521]",2953,17,2936,4,13,2936,0
3.5,HSGEBCMA,"[334, 607, 700, 888, 983, 1050, 1137, 1206, 1294, 1349, 1496, 1545, 1648, 2292, 2430, 2587, 2989, 3234, 3273, 3292, 3409, 3489, 3607]","[607, 1496]","[334, 700, 888, 983, 1050, 1137, 1206, 1294, 1349, 1545, 1648, 2292, 2430, 2587, 2989, 3234, 3273, 3292, 3409, 3489, 3607]","[607, 1496]",3720,23,3697,2,21,3697,0
3.5,HSGGL2,"[164, 202, 433, 547, 632, 1055, 1067, 1333, 1476]","[202, 547]","[164, 433, 632, 1055, 1067, 1333, 1476]","[202, 547]",1621,9,1612,2,7,1612,0
3.5,HSGLA,"[94, 852, 868, 885, 901, 937, 955, 1102, 1374, 1422, 1822, 1826, 2011, 2037, 2148, 2472, 2499, 3131, 3422, 3424, 4062, 4106, 4149, 4165, 4435, 5040, 5093, 5269, 5308, 5575, 6706, 6740, 6958, 6983, 7164, 7846, 8012, 8167, 8378, 8413, 9335, 10329, 10359, 10369, 10395, 10453, 10708, 11096, 11400, 11472, 11761, 12168, 12322, 12358]","[1374, 5269, 8413, 10708]","[94, 852, 868, 885, 901, 937, 955, 1102, 1422, 1822, 1826, 2011, 2037, 2148, 2472, 2499, 3131, 3422, 3424, 4062, 4106, 4149, 4165, 4435, 5040, 5093, 5308, 5575, 6706, 6740, 6958, 6983, 7164, 7846, 8012, 8167, 8378, 9335, 10329, 10359, 10369, 10395, 10453, 11096, 11400, 11472, 11761, 12168, 12322, 12358]","[1374, 5269, 7447, 8413, 10293, 10708]",12429,54,12375,4,50,12373,2
3.5,HSGROW2,"[92, 211, 345, 462, 781, 899, 1091]","[345, 1091]","[92, 211, 462, 781, 899]","[345, 762, 1091, 1349]",1957,7,1950,2,5,1948,2
3.5,HSGSTM4,"[37, 41, 117, 391, 466, 522, 778, 874, 878, 1262, 1296, 1357, 1458, 1785, 1793, 2098, 2142, 2232, 2469, 2670, 2907, 2960, 3277, 3366, 3430, 3484, 3511, 3516, 3532, 3623, 3766, 3953, 3984, 3991, 4343]","[37, 391, 874, 1262, 1458, 2469, 2670]","[41, 117, 466, 522, 778, 878, 1296, 1357, 1785, 1793, 2098, 2142, 2232, 2907, 2960, 3277, 3366, 3430, 3484, 3511, 3516, 3532, 3623, 3766, 3953, 3984, 3991, 4343]","[37, 391, 874, 1262, 1458, 2469, 2670]",4835,35,4800,7,28,4800,0
3.5,HSGTRH,"[442, 515, 1000, 1193, 1293, 1847, 1927, 2111, 2205, 2322, 2502, 2809, 2814, 3141, 3732, 3816, 3949, 5548, 5645, 5766, 5921, 6094, 6275, 6449, 6552]","[2205, 3816]","[442, 515, 1000, 1193, 1293, 1847, 1927, 2111, 2322, 2502, 2809, 2814, 3141, 3732, 3949, 5548, 5645, 5766, 5921, 6094, 6275, 6449, 6552]","[2205, 3816]",7217,25,7192,2,23,7192,0
3.5,HSHMG17G,"[139, 283, 400, 651, 856, 1043, 1117, 1538, 1793, 2037, 2061, 2279, 2335, 2524, 2927, 2946, 3134, 3403, 3415, 3473, 3620, 4021, 4342, 4469, 4815, 4833, 4854, 4929, 5014, 5920, 5937, 6007, 7087, 7188]","[2524, 3415, 3620, 4021]","[139, 283, 400, 651, 856, 1043, 1117, 1538, 1793, 2037, 2061, 2279, 2335, 2927, 2946, 3134, 3403, 3473, 4342, 4469, 4815, 4833, 4854, 4929, 5014, 5920, 5937, 6007, 7087, 7188]","[2524, 3415, 3620, 4021, 4553]",7188,34,7154,4,30,7153,1
3.5,HSHNRNPA,"[49, 220, 707, 814, 868, 1086, 1159, 1287, 1494, 1789, 1936, 2100, 2295, 2481, 2511, 2615, 2660, 2869, 2927, 2988, 3229, 3233, 3559, 3602, 3773, 3962, 4312, 4316]","[814, 1494, 1936, 2295, 2481, 2660, 2869, 3962]","[49, 220, 707, 868, 1086, 1159, 1287, 1789, 2100, 2511, 2615, 2927, 2988, 3229, 3233, 3559, 3602, 3773, 4312, 4316]","[814, 1494, 1936, 2295, 2481, 2660, 2869, 3962]",5361,28,5333,8,20,5333,0
3.5,HSHOX51,"[268, 698, 703, 760, 862, 1278, 1425, 1651, 1791, 2052, 2126, 2130, 2201, 2393, 2401, 2415, 2425, 2519, 2611, 2690, 3022, 3067, 3601, 4023, 4748, 5208, 5604, 5678, 6206]",[2052],"[268, 698, 703, 760, 862, 1278, 1425, 1651, 1791, 2126, 2130, 2201, 2393, 2401, 2415, 2425, 2519, 2611, 2690, 3022, 3067, 3601, 4023, 4748, 5208, 5604, 5678, 6206]",[2052],6298,29,6269,1,28,6269,0
3.5,HSHSC70,"[27, 41, 54, 59, 63, 305, 456, 777, 913, 1194, 1245, 1313, 1449, 1773, 1778, 2052, 2250, 2533, 2550, 2893, 2938, 3307, 3734, 3841, 3908, 4114, 4329, 4735, 4819, 4910, 4929, 5145, 5194, 5253, 5330, 5378]","[1245, 1773, 2250, 2893, 3307, 3734, 4114]","[27, 41, 54, 59, 63, 305, 456, 777, 913, 1194, 1313, 1449, 1778, 2052, 2533, 2550, 2938, 3841, 3908, 4329, 4735, 4819, 4910, 4929, 5145, 5194, 5253, 5330, 5378]","[1245, 1773, 2250, 2893, 3307, 3734, 4114]",5401,36,5365,7,29,5365,0
3.5,HSIFNAR,"[329, 365, 394, 429, 549, 583, 616, 631, 830, 869, 1218, 1356, 1404, 1420, 1437, 1540, 1597, 2165, 2167, 2445, 2605, 2612, 2684, 2696, 2978, 3337, 4103, 4272, 4481, 4612, 5386, 5843, 7631, 7694, 7698, 7976, 8112, 8182, 8443, 8569, 8594, 9219, 9606, 10270, 10423, 10427, 10677, 10800, 11127, 11325, 11655, 11664, 11687, 11723, 11832, 12416, 12704, 12838, 13691, 13828, 13884, 14172, 14247, 14793, 14795, 14937, 15387, 15464, 15482, 15686, 16062, 16084, 16909, 16944, 17681, 17725, 17942, 18117, 18394, 18426, 18564, 19188, 19220, 19442, 19858, 19910, 20036, 20088, 20346, 20795, 20837, 20839, 21132, 21239, 21243, 21261, 21610, 22130, 22538, 22586, 22719, 23043, 23136, 23180, 23369, 23783, 23985, 24341, 24359, 24515, 24742, 25061, 25314, 25630, 25777, 26285, 26649, 26892, 26897, 27001, 27236, 27240, 27744, 27840, 27880, 27952, 28142, 28272, 28315, 28489, 28657, 28661, 28679, 29018, 29168, 29554, 29885, 29899, 30053, 30214, 30400, 30452, 30489, 30854, 30881, 30949, 30998, 31727, 31769, 31918, 32103, 32399]","[830, 11325, 16944, 19188, 19442, 21132, 25061, 25314, 28679, 29554]","[329, 365, 394, 429, 549, 583, 616, 631, 869, 1218, 1356, 1404, 1420, 1437, 1540, 1597, 2165, 2167, 2445, 2605, 2612, 2684, 2696, 2978, 3337, 4103, 4272, 4481, 4612, 5386, 5843, 7631, 7694, 7698, 7976, 8112, 8182, 8443, 8569, 8594, 9219, 9606, 10270, 10423, 10427, 10677, 10800, 11127, 11655, 11664, 11687, 11723, 11832, 12416, 12704, 12838, 13691, 13828, 13884, 14172, 14247, 14793, 14795, 14937, 15387, 15464, 15482, 15686, 16062, 16084, 16909, 17681, 17725, 17942, 18117, 18394, 18426, 18564, 19220, 19858, 19910, 20036, 20088, 20346, 20795, 20837, 20839, 21239, 21243, 21261, 21610, 22130, 22538, 22586, 22719, 23043, 23136, 23180, 23369, 23783, 23985, 24341, 24359, 24515, 24742, 25630, 25777, 26285, 26649, 26892, 26897, 27001, 27236, 27240, 27744, 27840, 27880, 27952, 28142, 28272, 28315, 28489, 28657, 28661, 29018, 29168, 29885, 29899, 30053, 30214, 30400, 30452, 30489, 30854, 30881, 30949, 30998, 31727, 31769, 31918, 32103, 32399]","[830, 11325, 16944, 19188, 19442, 21132, 25061, 25314, 28679, 29554]",32899,152,32747,10,142,32747,0
3.5,HSIFNG,"[63, 136, 343, 589, 835, 976, 1047, 1897, 2175, 2347, 2364, 2413, 2442, 2446, 2771, 3213, 3516, 3631, 3690, 3742, 3833, 4115, 4278, 4482, 4600, 5167, 5305, 5346, 5708, 5853]","[589, 1897, 2175]","[63, 136, 343, 835, 976, 1047, 2347, 2364, 2413, 2442, 2446, 2771, 3213, 3516, 3631, 3690, 3742, 3833, 4115, 4278, 4482, 4600, 5167, 5305, 5346, 5708, 5853]","[589, 1897, 2175]",5954,30,5924,3,27,5924,0
3.5,HSIL1AG,"[826, 916, 1489, 1617, 1830, 1987, 2208, 2641, 2949, 3019, 3067, 3215, 3356, 3631, 3939, 4118, 4326, 4847, 5019, 5155, 5318, 5343, 5552, 5580, 6433, 7173, 7384, 7604, 7681, 7940, 8025, 8132, 8510, 8514, 8526, 8943, 8989, 9035, 9081, 9174, 9290, 9436, 9775, 9789, 9875, 10013, 10487, 11229]","[2208, 3215, 4326, 6433, 7940]","[826, 916, 1489, 1617, 1830, 1987, 2641, 2949, 3019, 3067, 3356, 3631, 3939, 4118, 4847, 5019, 5155, 5318, 5343, 5552, 5580, 7173, 7384, 7604, 7681, 8025, 8132, 8510, 8514, 8526, 8943, 8989, 9035, 9081, 9174, 9290, 9436, 9775, 9789, 9875, 10013, 10487, 11229]","[2208, 3215, 4326, 6433, 7940]",11963,48,11915,5,43,11915,0
3.5,HSIL1B,"[735, 935, 1296, 1352, 1446, 1515, 1565, 2240, 2528, 3144, 3269, 3565, 3879, 3903, 4383, 4393, 4496, 4554, 5584, 5657, 6039, 6555, 7121, 7406, 7849, 8995, 9010, 9336, 9353, 9692]","[2528, 3144, 6039, 7406]","[735, 935, 1296, 1352, 1446, 1515, 1565, 2240, 3269, 3565, 3879, 3903, 4383, 4393, 4496, 4554, 5584, 5657, 6555, 7121, 7849, 8995, 9010, 9336, 9353, 9692]","[2528, 3144, 5327, 6039, 7406]",9705,30,9675,4,26,9674,1
3.5,HSINT2,"[439, 516, 1156, 1285, 2267, 2467, 2792, 3197, 3282, 3328, 3420, 3471, 3509, 3549, 3567, 3790, 4140, 4167, 4327, 5335, 5386, 6546, 6954, 7600, 7992, 8668, 8973, 9056, 9256, 9331, 9443, 9480, 10216, 10232, 10263, 10273, 10295, 10458, 10533, 10644, 10708, 10736, 11148, 11551, 11562]","[1156, 3549]","[439, 516, 1285, 2267, 2467, 2792, 3197, 3282, 3328, 3420, 3471, 3509, 3567, 3790, 4140, 4167, 4327, 5335, 5386, 6546, 6954, 7600, 7992, 8668, 8973, 9056, 9256, 9331, 9443, 9480, 10216, 10232, 10263, 10273, 10295, 10458, 10533, 10644, 10708, 10736, 11148, 11551, 11562]","[1156, 3549]",11601,45,11556,2,43,11556,0
3.5,HSL7A,"[122, 420, 1133, 1288, 1408, 1989, 2073, 2077, 2576, 2646, 2867, 3127, 3525, 4052, 4164, 4255, 4259, 4564, 4572, 4919, 5073]","[2073, 2867, 3525, 4164, 4572, 4919]","[122, 420, 1133, 1288, 1408, 1989, 2077, 2576, 2646, 3127, 4052, 4255, 4259, 4564, 5073]","[2073, 2867, 3525, 3881, 4164, 4572, 4919]",5499,21,5478,6,15,5477,1
3.5,HSLCATG,"[24, 57, 361, 991, 1261, 1352, 1576, 1590, 1620, 1629, 1636, 1672, 1704, 1881, 2076, 2266, 2305, 2574, 2609, 3577, 3893, 3895, 4200, 4283, 4458, 5051, 5147, 5320, 5331, 5372, 5638, 5649, 5873, 5914, 6028, 6060, 6184, 6357, 6402, 6420, 6574, 6705, 6743]","[991, 1881, 2076, 2266, 2574]","[24, 57, 361, 1261, 1352, 1576, 1590, 1620, 1629, 1636, 1672, 1704, 2305, 2609, 3577, 3893, 3895, 4200, 4283, 4458, 5051, 5147, 5320, 5331, 5372, 5638, 5649, 5873, 5914, 6028, 6060, 6184, 6357, 6402, 6420, 6574, 6705, 6743]","[991, 1881, 2076, 2266, 2574]",6894,43,6851,5,38,6851,0
3.5,HSMECDAG,"[93, 230, 387, 471, 716, 923, 1153, 1393, 1430, 1456, 1805, 2056, 2149, 2208, 2352, 2517, 2584, 2588, 2593, 2597, 2601, 2616, 2776, 2870, 2966, 3072, 3090, 3162, 3170, 3202, 3245, 3353, 3544, 3673, 3852, 3939, 4095, 4361]","[1393, 2517, 2776, 2966, 3544, 3852]","[93, 230, 387, 471, 716, 923, 1153, 1430, 1456, 1805, 2056, 2149, 2208, 2352, 2584, 2588, 2593, 2597, 2601, 2616, 2870, 3072, 3090, 3162, 3170, 3202, 3245, 3353, 3673, 3939, 4095, 4361]","[1393, 2517, 2776, 2966, 3544, 3852]",4363,38,4325,6,32,4325,0
3.5,HSMED,"[36, 52, 139, 277, 307, 360, 413, 466, 519, 619, 636, 789, 812, 967, 1354, 1460, 1506, 1592, 1693, 1704, 1774, 1943, 1993, 1998, 2186, 2315, 3154, 3315, 3529, 4051, 4355, 4686, 4716, 4762, 4833, 5214, 5218, 5222]","[1354, 1943, 2315, 4716]","[36, 52, 139, 277, 307, 360, 413, 466, 519, 619, 636, 789, 812, 967, 1460, 1506, 1592, 1693, 1704, 1774, 1993, 1998, 2186, 3154, 3315, 3529, 4051, 4355, 4686, 4762, 4833, 5214, 5218, 5222]","[1354, 1943, 2315, 4716]",5285,38,5247,4,34,5247,0
3.5,HSMT1H,"[20, 196, 396, 442, 816, 1128, 1475, 2125]","[816, 1475]","[20, 196, 396, 442, 1128, 2125]","[816, 1475]",2135,8,2127,2,6,2127,0
3.5,HSNCAMX1,"[188, 280, 638, 770, 1174, 1256, 1266, 1550, 1609, 1794, 2245, 2302, 2381, 2419, 2464, 2470, 2486, 2537, 2557, 2585, 2791, 2808, 2917, 2974, 3748, 4142, 4157, 4190, 4608, 4750, 4778, 6024, 6192, 6582, 6983, 7316, 7569, 7640, 7795, 7852, 8033, 8171, 8529, 8552, 8809, 9068, 9083, 9248, 9369, 9373, 9522, 9571, 10015, 10087, 10317, 10722, 11249, 11509, 11667, 11710, 11726, 11870, 12005, 12072, 12283, 12467, 12508, 12550, 12786, 12924, 13049, 13302, 13357, 13408, 13684, 13743, 13893, 14002, 14016, 15353]","[1609, 4142, 4778, 6582, 6983, 7316, 7569, 7852, 8529, 8809, 9068, 9373, 9571, 10015, 10317, 10722, 11667, 12072, 12283, 12550, 12786, 13049, 13893, 14002]","[188, 280, 638, 770, 1174, 1256, 1266, 1550, 1794, 2245, 2302, 2381, 2419, 2464, 2470, 2486, 2537, 2557, 2585, 2791, 2808, 2917, 2974, 3748, 4157, 4190, 4608, 4750, 6024, 6192, 7640, 7795, 8033, 8171, 8552, 9083, 9248, 9369, 9522, 10087, 11249, 11509, 11710, 11726, 11870, 12005, 12467, 12508, 12924, 13302, 13357, 13408, 13684, 13743, 14016, 15353]","[1609, 4142, 4778, 5218, 6315, 6582, 6983, 7316, 7569, 7852, 8529, 8809, 9068, 9373, 9571, 10015, 10317, 10722, 11667, 12072, 12283, 12550, 12786, 13049, 13487, 13893, 14002]",16281,80,16201,24,56,16198,3
3.5,HSNFM,"[242, 417, 432, 1188, 1252, 1411, 1741, 1822, 2243, 2311, 2675, 2691, 2917, 3371, 3772, 3849, 4020, 4101, 4491, 4575, 4896, 4952, 5057, 5148, 5172, 5234, 5343, 5388]","[1822, 2675]","[242, 417, 432, 1188, 1252, 1411, 1741, 2243, 2311, 2691, 2917, 3371, 3772, 3849, 4020, 4101, 4491, 4575, 4896, 4952, 5057, 5148, 5172, 5234, 5343, 5388]","[1822, 2675]",6229,28,6201,2,26,6201,0
3.5,HSODCG,"[362, 735, 1002, 1361, 1589, 1938, 2393, 2483, 2561, 2612, 2649, 2751, 2847, 2912, 3007, 3140, 3411, 3454, 3567, 3745, 3968, 4192, 4426, 4433, 4445, 4649, 5028, 5286, 5421, 5633, 5815, 5893, 6164, 6211, 6298, 6336, 6378, 7002, 7111, 7208, 7306, 7614, 7618, 7836, 7881, 8052, 8090, 8214, 8758, 8842, 8854, 9013]","[4192, 4649, 5028, 5421, 5633, 5893, 7111, 7306, 7614]","[362, 735, 1002, 1361, 1589, 1938, 2393, 2483, 2561, 2612, 2649, 2751, 2847, 2912, 3007, 3140, 3411, 3454, 3567, 3745, 3968, 4426, 4433, 4445, 5286, 5815, 6164, 6211, 6298, 6336, 6378, 7002, 7208, 7618, 7836, 7881, 8052, 8090, 8214, 8758, 8842, 8854, 9013]","[4192, 4649, 5028, 5421, 5633, 5893, 7111, 7306, 7614]",9036,52,8984,9,43,8984,0
3.5,HSODF2,"[4, 97, 131, 158, 250, 269, 907, 964, 993, 1375]",[],"[4, 97, 131, 158, 250, 269, 907, 964, 993, 1375]",[600],1423,10,1413,0,10,1412,1
3.5,HSPAT133,"[393, 558, 654, 762, 794, 1126, 1173, 1208, 1447, 1578, 1707, 1782, 3711]",[1447],"[393, 558, 654, 762, 794, 1126, 1173, 1208, 1578, 1707, 1782, 3711]",[1447],3713,13,3700,1,12,3700,0
3.5,HSPLAPL,"[24, 403, 599, 603, 728, 808, 827, 889, 1192, 1225]","[403, 599, 827]","[24, 603, 728, 808, 889, 1192, 1225]","[403, 599, 827]",1275,10,1265,3,7,1265,0
3.5,HSPRB3L,"[279, 356, 386, 415, 566, 616, 789, 896, 1103, 1412, 1537, 2934, 3083, 3376, 3584, 4014, 4236]","[566, 1537]","[279, 356, 386, 415, 616, 789, 896, 1103, 1412, 2934, 3083, 3376, 3584, 4014, 4236]","[566, 1537]",4509,17,4492,2,15,4492,0
3.5,HSPRB4S,"[97, 411, 487, 518, 542, 693, 719, 741, 913, 1018, 1276, 1534, 1565, 1658, 2128, 2384, 2495, 2812, 2957, 3462, 3999, 5204, 5381]","[693, 1658]","[97, 411, 487, 518, 542, 719, 741, 913, 1018, 1276, 1534, 1565, 2128, 2384, 2495, 2812, 2957, 3462, 3999, 5204, 5381]","[693, 1658]",5806,23,5783,2,21,5783,0
3.5,HSPSAG,"[46, 447, 872, 1848, 2397, 2551, 2594, 2687, 2695, 2834, 3544, 3611, 3866, 3987, 4044, 4080, 4368, 4427, 4493, 4499, 5088, 5456, 5666, 5668]","[447, 1848, 4044]","[46, 872, 2397, 2551, 2594, 2687, 2695, 2834, 3544, 3611, 3866, 3987, 4080, 4368, 4427, 4493, 4499, 5088, 5456, 5666, 5668]","[447, 1848, 3764, 4044]",5866,24,5842,3,21,5841,1
3.5,HSRPII145,"[449, 588, 908, 1071, 1097, 1102, 1157, 1181, 1233, 1350, 1378, 1535, 1615, 1619, 1641, 1688, 1729]","[449, 588, 908, 1071, 1233]","[1097, 1102, 1157, 1181, 1350, 1378, 1535, 1615, 1619, 1641, 1688, 1729]","[449, 588, 908, 1071, 1233]",2086,17,2069,5,12,2069,0
3.5,HSRPS7,"[55, 115, 264, 284, 404, 415, 516, 1008, 1055, 1077, 1099, 1599, 1628, 1831, 2003, 2166, 2369, 2530, 2551, 3108, 3329, 3383, 3598, 3755, 4254, 4460, 4644, 4654, 5088, 5100, 5104, 5409, 5736, 5912, 5937, 6064, 6068, 6325, 6386, 6408, 6429, 6518, 6734, 6773, 7003]","[2166, 2369, 3108, 4254, 6734]","[55, 115, 264, 284, 404, 415, 516, 1008, 1055, 1077, 1099, 1599, 1628, 1831, 2003, 2530, 2551, 3329, 3383, 3598, 3755, 4460, 4644, 4654, 5088, 5100, 5104, 5409, 5736, 5912, 5937, 6064, 6068, 6325, 6386, 6408, 6429, 6518, 6773, 7003]","[2166, 2369, 3108, 4254, 6734]",7506,45,7461,5,40,7461,0
3.5,HSSAA1B,"[13, 349, 527, 862, 1009, 1151, 1543, 1831, 2345, 2367, 2467, 3115, 3121, 3182, 3845, 3876, 3988, 4007, 4013, 4267, 4403, 4571, 4697, 4712, 4744]","[1543, 3845]","[13, 349, 527, 862, 1009, 1151, 1831, 2345, 2367, 2467, 3115, 3121, 3182, 3876, 3988, 4007, 4013, 4267, 4403, 4571, 4697, 4712, 4744]","[1543, 3845]",4816,25,4791,2,23,4791,0
3.5,HSSHBG,"[228, 472, 1016, 1058, 1443, 1551, 1590, 1713, 2388, 2575, 2615, 2672, 2679, 2759, 2810, 2823, 2867, 3019, 3148, 3440]","[472, 1058, 1551, 3148]","[228, 1016, 1443, 1590, 1713, 2388, 2575, 2615, 2672, 2679, 2759, 2810, 2823, 2867, 3019, 3440]","[472, 696, 1058, 1551, 1938, 2205, 3148]",3803,20,3783,4,16,3780,3
3.5,HSSSPN1AG,"[155, 418, 589, 1343, 1434, 1635, 1809, 1853, 2066, 2280, 2330, 2652, 2975, 3028, 3073, 3360, 3491, 3518, 3781, 3934, 4053]","[1343, 1635, 1809, 3360, 3491]","[155, 418, 589, 1434, 1853, 2066, 2280, 2330, 2652, 2975, 3028, 3073, 3518, 3781, 3934, 4053]","[1343, 1635, 1809, 3360, 3491]",4089,21,4068,5,16,4068,0
3.5,HSSURF3,"[200, 284, 288, 743, 813, 1033, 1294, 1692, 2048, 2160, 2209, 2321, 2411, 2415, 2721, 2729, 3074, 3226]","[284, 1033, 1692, 2048, 2321, 2729, 3074]","[200, 288, 743, 813, 1294, 2160, 2209, 2411, 2415, 2721, 3226]","[284, 1033, 1692, 2048, 2321, 2729, 3074]",3410,18,3392,7,11,3392,0
3.5,HSTNFB,"[143, 189, 836, 980, 1202, 1309, 1375, 2506, 2691, 2888, 3015]",[1375],"[143, 189, 836, 980, 1202, 1309, 2506, 2691, 2888, 3015]","[1375, 1567]",3030,11,3019,1,10,3018,1
3.5,HSTPI1G,"[730, 746, 837, 919, 972, 1304, 1558, 1616, 1685, 1817, 2035, 2056, 2176, 2231, 2438, 2493, 2821, 3181, 3249, 3760, 3829, 3846, 4118, 4293, 4330, 4376, 4547, 4651, 4827, 4845, 4849]","[746, 2035, 2231, 2438, 2821, 3181]","[730, 837, 919, 972, 1304, 1558, 1616, 1685, 1817, 2056, 2176, 2493, 3249, 3760, 3829, 3846, 4118, 4293, 4330, 4376, 4547, 4651, 4827, 4845, 4849]","[746, 2035, 2231, 2438, 2821, 3181]",4988,31,4957,6,25,4957,0
3.5,HSTUBAG,"[71, 96, 536, 984, 1912, 2065, 2221, 2287, 2310, 2337, 2584, 3623, 3733, 3759, 3777, 3815, 3843, 3887]","[536, 2287, 2584]","[71, 96, 984, 1912, 2065, 2221, 2310, 2337, 3623, 3733, 3759, 3777, 3815, 3843, 3887]","[536, 2287, 2584]",4080,18,4062,3,15,4062,0
3.5,HSU01102,"[222, 275, 373, 668, 745, 817, 858, 1671, 1711, 1939, 1943, 2082, 2210, 2568, 3273, 3275, 4008, 4040, 4166, 4611, 4655]",[668],"[222, 275, 373, 745, 817, 858, 1671, 1711, 1939, 1943, 2082, 2210, 2568, 3273, 3275, 4008, 4040, 4166, 4611, 4655]","[668, 3896]",4988,21,4967,1,20,4966,1
3.5,HSU04357,"[97, 123, 192, 310, 366, 1201, 1239, 1342, 1650, 1882, 1953, 1963]","[97, 1342]","[123, 192, 310, 366, 1201, 1239, 1650, 1882, 1953, 1963]","[97, 1342]",2075,12,2063,2,10,2063,0
3.5,HSU04636,"[97, 103, 220, 224, 465, 673, 749, 852, 1018, 1449, 1856, 1935, 2199, 2262, 2426, 2561, 2761, 2996, 3000, 3264, 3426, 3608, 3849, 3965, 4024, 4362, 4424, 4790, 4919, 5359, 5719, 5723, 5870, 6008, 6340, 6706, 7357, 8108, 8301]","[1018, 1935, 2199, 2996, 3608, 4424, 4790, 5359, 6008]","[97, 103, 220, 224, 465, 673, 749, 852, 1449, 1856, 2262, 2426, 2561, 2761, 3000, 3264, 3426, 3849, 3965, 4024, 4362, 4919, 5719, 5723, 5870, 6340, 6706, 7357, 8108, 8301]","[1018, 1935, 2199, 2996, 3608, 4424, 4790, 5359, 6008]",9446,39,9407,9,30,9407,0
3.5,HSU05259,"[164, 499, 644, 782, 814, 951, 1891, 2051, 2055, 2091, 2173, 2435, 2571, 2685, 2859, 3045, 3387, 3672, 3937, 4128, 4150, 5264]","[782, 2685, 3045, 4128]","[164, 499, 644, 814, 951, 1891, 2051, 2055, 2091, 2173, 2435, 2571, 2859, 3387, 3672, 3937, 4150, 5264]","[782, 2685, 3045, 4128]",5663,22,5641,4,18,5641,0
3.5,HSU07807,"[454, 459, 609, 614, 757, 1040, 1362, 1638, 1848, 1983, 1991, 2047, 2481, 2568, 2652, 2736, 2873, 3386, 3446, 3509, 3664, 4350, 4725]","[757, 3386]","[454, 459, 609, 614, 1040, 1362, 1638, 1848, 1983, 1991, 2047, 2481, 2568, 2652, 2736, 2873, 3446, 3509, 3664, 4350, 4725]","[757, 3386]",4832,23,4809,2,21,4809,0
3.5,HSU07983,"[287, 354, 390, 621, 1286]",[390],"[287, 354, 621, 1286]",[390],1419,5,1414,1,4,1414,0
3.5,HSU08198,"[311, 676, 707, 895, 1072, 1124, 1316, 1392, 1601, 1684, 1689, 1811, 1845, 1892, 1900]","[895, 1124, 1316, 1689, 1811]","[311, 676, 707, 1072, 1392, 1601, 1684, 1845, 1892, 1900]","[583, 895, 1124, 1316, 1689, 1811]",2337,15,2322,5,10,2321,1
3.5,HSU12421,"[227, 311, 315, 583, 957, 999, 1215, 1384, 1400, 1882, 1941, 2080, 2158, 2255, 2291, 2434, 2624, 2668, 3216, 3242, 3287, 3349, 3573, 3577, 3705, 3747, 3869, 3910]","[311, 2080]","[227, 315, 583, 957, 999, 1215, 1384, 1400, 1882, 1941, 2158, 2255, 2291, 2434, 2624, 2668, 3216, 3242, 3287, 3349, 3573, 3577, 3705, 3747, 3869, 3910]","[311, 2080]",4251,28,4223,2,26,4223,0
3.5,HSUBR,"[219, 374, 417, 564, 957, 1549, 1589, 2316, 2324, 3005, 3124]","[1589, 2324]","[219, 374, 417, 564, 957, 1549, 2316, 3005, 3124]","[1589, 2324]",3290,11,3279,2,9,3279,0
3.5,HSXBXVIII,"[343, 473, 644, 1059, 1189, 1193, 1199, 1203, 1213, 1671, 1992, 2137, 2578, 2596, 2723, 2781, 2897, 3019, 3026, 3061, 3074, 3099, 3123, 3175, 3248, 3333, 3339, 3371, 3729, 3859, 4456, 4586, 5362, 5401, 5486, 5490, 6115, 6193, 6240, 6599, 6733, 6855, 7675, 8302, 8850, 8934, 9475, 9552, 9633, 10043, 10077, 10107, 10136, 10425, 10629, 10687, 10701, 10723, 10911, 10960, 11253, 11405, 11589, 11615, 11714, 11843, 11856, 11870, 12085, 12311, 12408, 12693]","[11405, 11589, 11843, 12085]","[343, 473, 644, 1059, 1189, 1193, 1199, 1203, 1213, 1671, 1992, 2137, 2578, 2596, 2723, 2781, 2897, 3019, 3026, 3061, 3074, 3099, 3123, 3175, 3248, 3333, 3339, 3371, 3729, 3859, 4456, 4586, 5362, 5401, 5486, 5490, 6115, 6193, 6240, 6599, 6733, 6855, 7675, 8302, 8850, 8934, 9475, 9552, 9633, 10043, 10077, 10107, 10136, 10425, 10629, 10687, 10701, 10723, 10911, 10960, 11253, 11615, 11714, 11856, 11870, 12311, 12408, 12693]","[11405, 11589, 11843, 12085]",12637,72,12565,4,68,12565,0
3.5,HSZNGP1,"[445, 518, 565, 1142, 1307, 1765, 2672, 3191, 3608, 4109, 4312, 4718, 4777, 5026, 5073, 5752, 5805, 5990, 6144, 6347, 6402, 6435, 6665, 7275, 7410, 7454, 8313, 8597, 8615, 8762, 8986, 8991, 9067, 9113, 9300, 9762]","[518, 4718, 8313]","[445, 565, 1142, 1307, 1765, 2672, 3191, 3608, 4109, 4312, 4777, 5026, 5073, 5752, 5805, 5990, 6144, 6347, 6402, 6435, 6665, 7275, 7410, 7454, 8597, 8615, 8762, 8986, 8991, 9067, 9113, 9300, 9762]","[518, 4718, 8313]",9816,36,9780,3,33,9780,0
3.5,HUMADAG,"[8, 47, 176, 710, 1241, 1309, 1355, 1609, 1677, 2001, 2050, 2405, 2418, 2423, 2578, 2756, 2769, 2805, 3343, 3539, 3737, 4064, 4501, 4521, 4549, 4623, 4817, 4898, 4900, 5136, 5141, 5231, 5267, 5278, 5296, 5341, 5423, 5657, 5751, 5773, 5828, 5871, 6192, 6277, 6615, 7184, 7938, 7980, 7982, 8160, 8421, 9092, 9628, 9665, 9946, 10139, 10515, 11124, 11190, 11291, 11303, 11568, 11763, 11804, 11825, 12068, 12435, 12555, 13187, 13314, 13416, 13458, 13503, 13521, 14450, 14833, 14976, 15069, 15395, 15582, 15661, 15857, 15875, 15955, 16030, 16262, 17025, 17067, 17161, 17205, 17401, 17492, 17850, 18465, 18482, 18637, 19292, 19437, 19529, 19940, 20245, 20776, 20912, 21006, 21015, 21020, 21027, 21114, 21499, 22592, 22735, 22747, 22887, 23112, 23724, 23808, 24165, 24224, 24752, 25434, 25532, 25869, 26052, 26150, 26467, 26603, 26891, 26912, 27206, 27250, 28038, 28083, 28099, 28255, 28362, 28479, 28712, 28722, 28810, 28977, 28987, 28992, 29052, 29419, 29704, 29939, 30609, 30614, 30766, 30860, 31115, 31304, 31313, 31342, 31644, 31682, 32470, 32497, 32675, 32916, 33343, 33952, 33998, 34262, 34308, 34484, 34494, 34578, 34742, 35203, 36268, 36357]","[4064, 19292, 26467, 29052, 29939, 31304, 32497, 32675, 32916, 34484, 35203]","[8, 47, 176, 710, 1241, 1309, 1355, 1609, 1677, 2001, 2050, 2405, 2418, 2423, 2578, 2756, 2769, 2805, 3343, 3539, 3737, 4501, 4521, 4549, 4623, 4817, 4898, 4900, 5136, 5141, 5231, 5267, 5278, 5296, 5341, 5423, 5657, 5751, 5773, 5828, 5871, 6192, 6277, 6615, 7184, 7938, 7980, 7982, 8160, 8421, 9092, 9628, 9665, 9946, 10139, 10515, 11124, 11190, 11291, 11303, 11568, 11763, 11804, 11825, 12068, 12435, 12555, 13187, 13314, 13416, 13458, 13503, 13521, 14450, 14833, 14976, 15069, 15395, 15582, 15661, 15857, 15875, 15955, 16030, 16262, 17025, 17067, 17161, 17205, 17401, 17492, 17850, 18465, 18482, 18637, 19437, 19529, 19940, 20245, 20776, 20912, 21006, 21015, 21020, 21027, 21114, 21499, 22592, 22735, 22747, 22887, 23112, 23724, 23808, 24165, 24224, 24752, 25434, 25532, 25869, 26052, 26150, 26603, 26891, 26912, 27206, 27250, 28038, 28083, 28099, 28255, 28362, 28479, 28712, 28722, 28810, 28977, 28987, 28992, 29419, 29704, 30609, 30614, 30766, 30860, 31115, 31313, 31342, 31644, 31682, 32470, 33343, 33952, 33998, 34262, 34308, 34494, 34578, 34742, 36268, 36357]","[4064, 19292, 26467, 29052, 29939, 31304, 32497, 32675, 32916, 34484, 35203]",36734,172,36562,11,161,36562,0
3.5,HUMADPRF02,"[90, 359, 514, 638, 1308, 1325, 1338, 1456, 1650, 1937, 2033, 2102, 2953, 2972, 3035, 3305, 3392, 3994, 4213, 4223, 4253, 4279, 4732, 4870, 5150]","[359, 1308, 1650]","[90, 514, 638, 1325, 1338, 1456, 1937, 2033, 2102, 2953, 2972, 3035, 3305, 3392, 3994, 4213, 4223, 4253, 4279, 4732, 4870, 5150]","[359, 1308, 1650]",5160,25,5135,3,22,5135,0
3.5,HUMAPEXN,"[137, 349, 1190, 1268, 1347, 1364, 1376, 1465, 1530, 1535, 1539, 1693, 1863, 2233, 2341, 2432, 2622, 2850]","[1465, 1863, 2622]","[137, 349, 1190, 1268, 1347, 1364, 1376, 1530, 1535, 1539, 1693, 2233, 2341, 2432, 2850]","[1465, 1863, 2622]",3723,18,3705,3,15,3705,0
3.5,HUMAPOCII,"[70, 102, 184, 198, 349, 501, 547, 571, 589, 891, 930, 1012, 1075, 1230, 1557, 1778, 1789, 1837, 1856, 1958, 1980, 1985, 2255, 2305, 2321, 2630, 2642, 2760, 2995, 3223, 4263]",[2995],"[70, 102, 184, 198, 349, 501, 547, 571, 589, 891, 930, 1012, 1075, 1230, 1557, 1778, 1789, 1837, 1856, 1958, 1980, 1985, 2255, 2305, 2321, 2630, 2642, 2760, 3223, 4263]","[2995, 3321]",4333,31,4302,1,30,4301,1
3.5,HUMAPOE4,"[166, 617, 1064, 1091, 1225, 1294, 1324, 1506, 1575, 1773, 1914, 2365, 2409, 2611, 3156, 3200, 3962, 4001, 4032, 4292, 4313, 4445, 5225]","[1914, 3200]","[166, 617, 1064, 1091, 1225, 1294, 1324, 1506, 1575, 1773, 2365, 2409, 2611, 3156, 3962, 4001, 4032, 4292, 4313, 4445, 5225]","[1914, 3200]",5508,23,5485,2,21,5485,0
3.5,HUMATPGG,"[156, 203, 213, 285, 676, 831, 1290, 1445, 1762, 1902, 2553, 2677, 2819, 2891, 2905, 2937, 3025, 3180, 3446, 3691, 4064, 4114, 4293, 4578, 5307, 5627, 5833, 5882, 5953, 6009, 6118, 6191, 6534, 6749, 7456, 7488, 7833, 7885, 7908, 8017, 8198, 8227, 9271, 9299, 9436, 9672, 10001, 10015, 10190, 10354, 10406, 10478, 10635, 10770, 10861, 11018, 11405, 11435, 11928, 12001, 12074, 12415, 12987, 13136, 13458, 13592, 14100, 14110, 14276, 14537, 14755]","[1445, 1902, 2677, 4293, 5307, 6118, 6534, 6749, 7456, 8198, 9436, 9672, 10190, 11405, 12074, 14100, 14276]","[156, 203, 213, 285, 676, 831, 1290, 1762, 2553, 2819, 2891, 2905, 2937, 3025, 3180, 3446, 3691, 4064, 4114, 4578, 5627, 5833, 5882, 5953, 6009, 6191, 7488, 7833, 7885, 7908, 8017, 8227, 9271, 9299, 10001, 10015, 10354, 10406, 10478, 10635, 10770, 10861, 11018, 11435, 11928, 12001, 12415, 12987, 13136, 13458, 13592, 14110, 14537, 14755]","[1445, 1727, 1902, 2677, 4293, 4749, 5307, 6118, 6534, 6749, 7456, 8198, 9436, 9672, 9946, 10190, 11405, 12074, 13663, 14100, 14276]",15108,71,15037,17,54,15033,4
3.5,HUMBETGLOA,"[52, 252, 351, 376, 601, 687, 920, 942, 958, 1176, 1264, 1311, 2016, 2475, 2559, 2931]","[958, 1311]","[52, 252, 351, 376, 601, 687, 920, 942, 1176, 1264, 2016, 2475, 2559, 2931]","[958, 1311]",2995,16,2979,2,14,2979,0
3.5,HUMBETGLOB,"[52, 252, 349, 374, 599, 685, 918, 940, 956, 1174, 1262, 1309, 2014, 2473, 2557, 2929]","[956, 1309]","[52, 252, 349, 374, 599, 685, 918, 940, 1174, 1262, 2014, 2473, 2557, 2929]","[956, 1309]",2993,16,2977,2,14,2977,0
3.5,HUMBETGLOC,"[52, 252, 351, 376, 601, 687, 920, 942, 958, 1176, 1264, 1311, 2016, 2475, 2559, 2931]","[958, 1311]","[52, 252, 351, 376, 601, 687, 920, 942, 1176, 1264, 2016, 2475, 2559, 2931]","[958, 1311]",2995,16,2979,2,14,2979,0
3.5,HUMBETGLOD,"[52, 252, 351, 376, 601, 687, 920, 942, 958, 1176, 1264, 1311, 2016, 2475, 2559, 2931]","[958, 1311]","[52, 252, 351, 376, 601, 687, 920, 942, 1176, 1264, 2016, 2475, 2559, 2931]","[958, 1311]",2995,16,2979,2,14,2979,0
3.5,HUMBETGLOE,"[52, 252, 349, 374, 599, 685, 918, 940, 956, 1174, 1262, 1309, 2014, 2473, 2557, 2929]","[956, 1309]","[52, 252, 349, 374, 599, 685, 918, 940, 1174, 1262, 2014, 2473, 2557, 2929]","[956, 1309]",2993,16,2977,2,14,2977,0
3.5,HUMBETGLOF,"[52, 252, 351, 376, 601, 687, 920, 942, 958, 1176, 1264, 1311, 2016, 2475, 2559, 2931]","[958, 1311]","[52, 252, 351, 376, 601, 687, 920, 942, 1176, 1264, 2016, 2475, 2559, 2931]","[958, 1311]",2995,16,2979,2,14,2979,0
3.5,HUMBETGLOG,"[52, 252, 351, 376, 601, 687, 920, 942, 958, 1176, 1264, 1311, 2016, 2475, 2559, 2931]","[958, 1311]","[52, 252, 351, 376, 601, 687, 920, 942, 1176, 1264, 2016, 2475, 2559, 2931]","[958, 1311]",2995,16,2979,2,14,2979,0
3.5,HUMBETGLOH,"[52, 252, 351, 376, 601, 687, 920, 942, 958, 1176, 1264, 1311, 2016, 2475, 2559, 2931]","[958, 1311]","[52, 252, 351, 376, 601, 687, 920, 942, 1176, 1264, 2016, 2475, 2559, 2931]","[958, 1311]",2995,16,2979,2,14,2979,0
3.5,HUMBETGLOI,"[52, 252, 349, 374, 599, 685, 918, 940, 956, 1174, 1262, 1309, 2014, 2473, 2557, 2929]","[956, 1309]","[52, 252, 349, 374, 599, 685, 918, 940, 1174, 1262, 2014, 2473, 2557, 2929]","[956, 1309]",2993,16,2977,2,14,2977,0
3.5,HUMBETGLOJ,"[52, 252, 349, 374, 599, 685, 918, 940, 956, 1174, 1262, 1309, 2014, 2473, 2557, 2929]","[956, 1309]","[52, 252, 349, 374, 599, 685, 918, 940, 1174, 1262, 2014, 2473, 2557, 2929]","[956, 1309]",2993,16,2977,2,14,2977,0
3.5,HUMBETGLOK,"[52, 252, 349, 374, 599, 685, 918, 940, 956, 1174, 1262, 1309, 2014, 2473, 2557, 2929]","[956, 1309]","[52, 252, 349, 374, 599, 685, 918, 940, 1174, 1262, 2014, 2473, 2557, 2929]","[956, 1309]",2993,16,2977,2,14,2977,0
3.5,HUMBETGLOL,"[52, 252, 349, 374, 599, 685, 918, 940, 956, 1174, 1262, 1309, 2014, 2473, 2557, 2929]","[956, 1309]","[52, 252, 349, 374, 599, 685, 918, 940, 1174, 1262, 2014, 2473, 2557, 2929]","[956, 1309]",2993,16,2977,2,14,2977,0
3.5,HUMBETGLOM,"[52, 252, 348, 373, 598, 684, 917, 939, 955, 1173, 1261, 1308, 2013, 2472, 2556, 2928]","[955, 1308]","[52, 252, 348, 373, 598, 684, 917, 939, 1173, 1261, 2013, 2472, 2556, 2928]","[955, 1308]",2992,16,2976,2,14,2976,0
3.5,HUMBETGLON,"[52, 252, 349, 374, 599, 685, 918, 940, 956, 1174, 1262, 1309, 2014, 2473, 2557, 2929]","[956, 1309]","[52, 252, 349, 374, 599, 685, 918, 940, 1174, 1262, 2014, 2473, 2557, 2929]","[956, 1309]",2993,16,2977,2,14,2977,0
3.5,HUMBETGLOO,"[52, 252, 349, 374, 599, 685, 918, 940, 956, 1174, 1262, 1309, 2014, 2473, 2557, 2929]","[956, 1309]","[52, 252, 349, 374, 599, 685, 918, 940, 1174, 1262, 2014, 2473, 2557, 2929]","[956, 1309]",2993,16,2977,2,14,2977,0
3.5,HUMBETGLOP,"[52, 252, 349, 374, 599, 685, 918, 940, 956, 1174, 1262, 1309, 2014, 2473, 2557, 2929]","[956, 1309]","[52, 252, 349, 374, 599, 685, 918, 940, 1174, 1262, 2014, 2473, 2557, 2929]","[956, 1309]",2993,16,2977,2,14,2977,0
3.5,HUMBETGLOR,"[52, 252, 349, 374, 599, 685, 918, 940, 956, 1174, 1262, 1309, 2014, 2473, 2557, 2929]","[956, 1309]","[52, 252, 349, 374, 599, 685, 918, 940, 1174, 1262, 2014, 2473, 2557, 2929]","[956, 1309]",2993,16,2977,2,14,2977,0
3.5,HUMCBRG,"[80, 90, 167, 237, 567, 704, 1220, 2123, 2689, 2848, 2897, 2901, 2950, 3041]","[567, 1220]","[80, 90, 167, 237, 704, 2123, 2689, 2848, 2897, 2901, 2950, 3041]","[567, 1220]",3319,14,3305,2,12,3305,0
3.5,HUMCHYMASE,"[510, 646, 969, 1026, 1185, 1277, 1379, 1826, 2315, 2966, 3165, 3406, 3765, 3982, 4038, 4104, 5028, 5216, 5644, 5779, 6037, 6922, 7220, 7255, 7363, 7455, 7463, 7615, 8006, 8052]","[5216, 6037, 6922, 7363]","[510, 646, 969, 1026, 1185, 1277, 1379, 1826, 2315, 2966, 3165, 3406, 3765, 3982, 4038, 4104, 5028, 5644, 5779, 7220, 7255, 7455, 7463, 7615, 8006, 8052]","[5216, 6037, 6922, 7363]",8109,30,8079,4,26,8079,0
3.5,HUMCP21OH,"[92, 185, 408, 435, 463, 505, 626, 644, 947, 994, 1134, 1259, 1357, 1566, 1571, 1970, 2158, 2167, 2528, 2580, 2845, 2907, 2931, 3094, 3589, 3659]","[947, 1134, 1571, 1970, 2158, 2528, 2907, 3094]","[92, 185, 408, 435, 463, 505, 626, 644, 994, 1259, 1357, 1566, 2167, 2580, 2845, 2931, 3589, 3659]","[947, 1134, 1571, 1780, 1970, 2158, 2528, 2907, 3094]",4035,26,4009,8,18,4008,1
3.5,HUMCP21OHC,"[92, 185, 408, 435, 506, 627, 645, 948, 995, 1135, 1260, 1358, 1567, 1572, 1971, 2159, 2529, 2581, 2846, 2908, 2933, 3096, 3591, 3661]","[948, 1135, 1572, 1971, 2159, 2529, 2908, 3096]","[92, 185, 408, 435, 506, 627, 645, 995, 1260, 1358, 1567, 2581, 2846, 2933, 3591, 3661]","[948, 1135, 1572, 1781, 1971, 2159, 2529, 2908, 3096]",4037,24,4013,8,16,4012,1
3.5,HUMCS1,"[85, 148, 310, 429, 565, 669, 991, 1010, 1334, 1496, 1591, 1679, 2042, 2095, 2196, 2210]","[565, 991, 1334, 1591]","[85, 148, 310, 429, 669, 1010, 1496, 1679, 2042, 2095, 2196, 2210]","[565, 991, 1334, 1591]",2294,16,2278,4,12,2278,0
3.5,HUMCS3,"[87, 150, 312, 431, 566, 671, 991, 1010, 1334, 1493, 1588, 2040, 2098, 2200, 2214, 2520]","[566, 991, 1334, 1588]","[87, 150, 312, 431, 671, 1010, 1493, 2040, 2098, 2200, 2214, 2520]","[566, 991, 1334, 1588]",2733,16,2717,4,12,2717,0
3.5,HUMCSN2A,"[122, 591, 1451, 1845, 2107, 2175, 2228, 2287, 2520, 3194, 3235, 3776, 4104, 4368, 4855, 5391, 5620, 5742, 5747, 6144, 6276, 6682, 6747, 6887, 6959, 7474, 7789, 8522, 8564, 8683, 8805, 9482, 10040, 10265]","[4855, 5747, 6747, 6887, 8522]","[122, 591, 1451, 1845, 2107, 2175, 2228, 2287, 2520, 3194, 3235, 3776, 4104, 4368, 5391, 5620, 5742, 6144, 6276, 6682, 6959, 7474, 7789, 8564, 8683, 8805, 9482, 10040, 10265]","[4855, 5747, 6747, 6887, 8522]",10601,34,10567,5,29,10567,0
3.5,HUMCSPA,"[455, 494, 982, 1239, 2216, 2276, 2477, 2929, 3026, 3200, 3455, 3608, 3691, 3819]","[982, 2276, 2929]","[455, 494, 1239, 2216, 2477, 3026, 3200, 3455, 3608, 3691, 3819]","[982, 2276, 2929, 3392]",4784,14,4770,3,11,4769,1
3.5,HUMCTLA1,"[988, 1812, 1976, 2119, 2179, 2297, 2336, 2349, 2360, 2770, 3041, 3122, 3236, 3532, 3695, 4099]","[988, 2179, 2770, 3236]","[1812, 1976, 2119, 2297, 2336, 2349, 2360, 3041, 3122, 3532, 3695, 4099]","[988, 2179, 2770, 3236]",4521,16,4505,4,12,4505,0
3.5,HUMDEF5A,"[296, 500, 677, 923, 1387, 1571, 1719, 1922, 2276, 2280, 2299, 2323, 2601, 2618]",[1571],"[296, 500, 677, 923, 1387, 1719, 1922, 2276, 2280, 2299, 2323, 2601, 2618]",[1571],2873,14,2859,1,13,2859,0
3.5,HUMDZA2G,"[24, 296, 333, 631, 680, 727, 829, 1160, 1425, 1531, 1645, 1747, 1973, 1982, 2003, 2013, 2353, 2928, 3711, 3942, 4262, 4436, 4857, 5316, 5389, 5436, 6013, 6178, 6636, 7542, 8063, 8480, 8981, 9184, 9590, 9649, 9898, 9945, 10624, 10677, 10862, 11016, 11212, 11267, 11300, 11530, 12139, 12274, 12318, 13183, 13467, 13485, 13632, 13857, 13862, 13938, 13984, 14171, 14633]","[5389, 9590, 13183]","[24, 296, 333, 631, 680, 727, 829, 1160, 1425, 1531, 1645, 1747, 1973, 1982, 2003, 2013, 2353, 2928, 3711, 3942, 4262, 4436, 4857, 5316, 5436, 6013, 6178, 6636, 7542, 8063, 8480, 8981, 9184, 9649, 9898, 9945, 10624, 10677, 10862, 11016, 11212, 11267, 11300, 11530, 12139, 12274, 12318, 13467, 13485, 13632, 13857, 13862, 13938, 13984, 14171, 14633]","[5389, 9590, 13183]",14687,59,14628,3,56,14628,0
3.5,HUMELAFIN,"[3, 208, 326, 338, 557, 786, 802, 1089, 1351, 1456, 1461, 1517, 1534, 1559]",[326],"[3, 208, 338, 557, 786, 802, 1089, 1351, 1456, 1461, 1517, 1534, 1559]",[326],1871,14,1857,1,13,1857,0
3.5,HUMEPOHYDD,"[504, 776, 1048, 1107, 1351, 1724, 1951, 2121, 2164, 2190, 2283, 2289, 2523, 2972, 2990, 3069, 3143, 3327, 3680, 4407, 5656, 5700, 5814, 5979, 5997, 6103, 6115, 6277, 6289, 6389, 6422, 6537, 6542, 6599, 6758, 6950, 7946, 8217, 8696, 8728, 9045, 9132, 9213, 9328, 9470, 9489, 9564, 10042, 10184, 10319, 10351, 10392, 10475, 10621, 10778, 10872, 11088, 11192, 11282, 11772, 11832, 12105, 12409, 12568, 12570, 12625, 12819, 12924, 12928, 13103, 13241, 13279, 13322, 13416, 13651, 13804, 13810, 13815, 13924, 14095, 14107, 14495, 14606, 15062, 15197, 15227, 15620, 15705, 15831, 15858, 16085, 16105, 16324, 16771, 16775, 17075, 17080, 17170, 17238, 17511, 17789, 17810, 17870, 18254, 18296, 18298, 18395, 18573, 18887, 18944, 19204, 19373, 19698, 19814, 19920, 20118, 20318, 20545, 20674, 20683, 20720, 20857, 20883, 20954, 20979, 20994, 21354, 21468, 21648, 21715, 21941, 21945, 22251, 22539, 22603, 22856, 22952, 22980, 23010, 23217, 23497, 23652, 24312, 24408, 24469, 24592]","[5656, 8696, 15620, 16085, 16775, 19204, 21354]","[504, 776, 1048, 1107, 1351, 1724, 1951, 2121, 2164, 2190, 2283, 2289, 2523, 2972, 2990, 3069, 3143, 3327, 3680, 4407, 5700, 5814, 5979, 5997, 6103, 6115, 6277, 6289, 6389, 6422, 6537, 6542, 6599, 6758, 6950, 7946, 8217, 8728, 9045, 9132, 9213, 9328, 9470, 9489, 9564, 10042, 10184, 10319, 10351, 10392, 10475, 10621, 10778, 10872, 11088, 11192, 11282, 11772, 11832, 12105, 12409, 12568, 12570, 12625, 12819, 12924, 12928, 13103, 13241, 13279, 13322, 13416, 13651, 13804, 13810, 13815, 13924, 14095, 14107, 14495, 14606, 15062, 15197, 15227, 15705, 15831, 15858, 16105, 16324, 16771, 17075, 17080, 17170, 17238, 17511, 17789, 17810, 17870, 18254, 18296, 18298, 18395, 18573, 18887, 18944, 19373, 19698, 19814, 19920, 20118, 20318, 20545, 20674, 20683, 20720, 20857, 20883, 20954, 20979, 20994, 21468, 21648, 21715, 21941, 21945, 22251, 22539, 22603, 22856, 22952, 22980, 23010, 23217, 23497, 23652, 24312, 24408, 24469, 24592]","[5656, 8696, 15620, 16085, 16775, 19204, 21354]",24783,146,24637,7,139,24637,0
3.5,HUMG0S24B,"[91, 103, 631, 658, 812, 1133, 1182, 1264, 3102]",[631],"[91, 103, 658, 812, 1133, 1182, 1264, 3102]",[631],3128,9,3119,1,8,3119,0
3.5,HUMG0S8PP,"[91, 401, 660, 743, 784, 942, 1230, 1379, 2148, 2152, 2682, 2744, 2826, 3036, 3166, 3170, 3768, 3836, 3840, 3932, 4113, 4399, 4646, 5361, 5877, 6236, 7286]","[2682, 3768, 3932, 4646]","[91, 401, 660, 743, 784, 942, 1230, 1379, 2148, 2152, 2744, 2826, 3036, 3166, 3170, 3836, 3840, 4113, 4399, 5361, 5877, 6236, 7286]","[2682, 3768, 3932, 4646]",7338,27,7311,4,23,7311,0
3.5,HUMGAD45A,"[392, 628, 724, 927, 1042, 1114, 1215, 1292, 1321, 1558, 1761, 2266, 2457, 2461, 2596, 2968, 3006, 3092, 3184, 3645, 3730, 3734, 3880, 4167, 4171, 4396, 4427, 4472, 4529, 4828, 4956, 5015]","[2596, 3184, 3645]","[392, 628, 724, 927, 1042, 1114, 1215, 1292, 1321, 1558, 1761, 2266, 2457, 2461, 2968, 3006, 3092, 3730, 3734, 3880, 4167, 4171, 4396, 4427, 4472, 4529, 4828, 4956, 5015]","[2596, 3184, 3645]",5371,32,5339,3,29,5339,0
3.5,HUMGARE,"[25, 71, 322, 590, 609, 633, 810, 964, 1056, 1467, 1872, 2239, 2243, 2330, 2373, 2411, 2455, 2611, 2653, 2861, 3118, 3133, 3207, 3213, 3254, 3259, 4469, 4718]","[810, 2239, 2653, 3118]","[25, 71, 322, 590, 609, 633, 964, 1056, 1467, 1872, 2243, 2330, 2373, 2411, 2455, 2611, 2861, 3133, 3207, 3213, 3254, 3259, 4469, 4718]","[810, 2239, 2653, 3118]",4747,28,4719,4,24,4719,0
3.5,HUMGCK,"[304, 634, 725, 916, 1188, 1514, 1582, 1989, 2345, 2647, 3096, 3197, 3248, 3360, 3783, 3789, 3799, 3882, 3954, 4288, 4312, 4806, 4999, 5015, 5092, 5118, 5341, 5442, 5452, 5584, 5623, 5808, 5848, 5964, 5981, 6475, 6500, 6630, 6651, 6744, 6765, 6921, 6946, 7127, 7155]","[1188, 3360, 3882, 4312, 4806, 5015, 5452, 5964, 6475]","[304, 634, 725, 916, 1514, 1582, 1989, 2345, 2647, 3096, 3197, 3248, 3783, 3789, 3799, 3954, 4288, 4999, 5092, 5118, 5341, 5442, 5584, 5623, 5808, 5848, 5981, 6500, 6630, 6651, 6744, 6765, 6921, 6946, 7127, 7155]","[1188, 3360, 3882, 4312, 4806, 5015, 5452, 5964, 6475]",7530,45,7485,9,36,7485,0
3.5,HUMGFP40H,"[11, 243, 910, 1058, 1140, 1173, 1731, 1748, 1846, 1870, 1943, 2486, 2593, 2752, 2781, 3126, 3261, 3263, 3426, 3615, 3833, 4025, 4290]","[910, 1058, 1173, 2593]","[11, 243, 1140, 1731, 1748, 1846, 1870, 1943, 2486, 2752, 2781, 3126, 3261, 3263, 3426, 3615, 3833, 4025, 4290]","[910, 1058, 1173, 2593]",4372,23,4349,4,19,4349,0
3.5,HUMGHG,"[40, 79, 689, 946, 1923, 1983, 2184, 2636, 2733, 2907, 3162, 3315, 3398, 3526]","[689, 1983, 2636]","[40, 79, 946, 1923, 2184, 2733, 2907, 3162, 3315, 3398, 3526]","[689, 1983, 2636, 3099]",4445,14,4431,3,11,4430,1
3.5,HUMGHN,"[85, 148, 313, 434, 569, 673, 1008, 1316, 1574, 2181, 2439, 2583]","[569, 1316, 1574]","[85, 148, 313, 434, 673, 1008, 2181, 2439, 2583]","[569, 989, 1316, 1574]",2650,12,2638,3,9,2637,1
3.5,HUMGHV,"[86, 149, 432, 566, 1017, 1136, 1328, 1351, 1584, 2188, 2443, 2485]","[566, 1328, 1584]","[86, 149, 432, 1017, 1136, 1351, 2188, 2443, 2485]","[566, 998, 1328, 1584]",2653,12,2641,3,9,2640,1
3.5,HUMGSTM4A,"[116, 516, 777, 781, 1139, 1272, 1535, 1631, 1635, 1844, 2024, 2098, 2124, 2225, 2565, 2573, 2880, 2925, 3023, 3262, 3463, 3700, 3753, 4072, 4160, 4225, 4279, 4306, 4311, 4425, 4566, 4760, 4791, 4798, 4913, 5152, 5623, 5629]","[777, 1139, 1631, 2024, 2225, 3262, 3463]","[116, 516, 781, 1272, 1535, 1635, 1844, 2098, 2124, 2565, 2573, 2880, 2925, 3023, 3700, 3753, 4072, 4160, 4225, 4279, 4306, 4311, 4425, 4566, 4760, 4791, 4798, 4913, 5152, 5623, 5629]","[777, 1139, 1631, 2024, 2225, 3262, 3463]",6075,38,6037,7,31,6037,0
3.5,HUMHMGIY,"[310, 720, 1075, 1337, 1472, 1557, 1967, 2136, 2388, 2558, 2578, 2704, 3280, 3749, 3875, 3978, 3983, 4410, 4529, 4627, 4648, 4660, 4773, 4785, 5150, 5461, 5496, 5569, 5619, 5722, 6274, 6334, 6422, 6544, 6687, 6776, 7016, 7038, 7102, 7133, 7166, 7270, 7274, 7315, 7420, 7449, 7629, 7781, 7962, 8043, 8047, 8361, 9134, 9286, 9390, 9424, 9791, 9823, 9995, 10022]","[4660, 6544, 7270]","[310, 720, 1075, 1337, 1472, 1557, 1967, 2136, 2388, 2558, 2578, 2704, 3280, 3749, 3875, 3978, 3983, 4410, 4529, 4627, 4648, 4773, 4785, 5150, 5461, 5496, 5569, 5619, 5722, 6274, 6334, 6422, 6687, 6776, 7016, 7038, 7102, 7133, 7166, 7274, 7315, 7420, 7449, 7629, 7781, 7962, 8043, 8047, 8361, 9134, 9286, 9390, 9424, 9791, 9823, 9995, 10022]","[4660, 6544, 7270]",10103,60,10043,3,57,10043,0
3.5,HUMHOX13G,"[336, 380, 503, 811, 1131, 1451, 1653, 2083, 2405, 2502, 2576, 2652, 2796]",[811],"[336, 380, 503, 1131, 1451, 1653, 2083, 2405, 2502, 2576, 2652, 2796]",[811],3064,13,3051,1,12,3051,0
3.5,HUMHPARS1,"[20, 338, 779, 967, 1046, 1300, 1320, 1961, 2005, 2105, 2327, 2362, 2632, 2648, 3020, 3096, 3337, 3496, 3855, 4015, 4744, 4820, 5061, 5220, 5577, 5730, 6373, 6499, 6620, 6948, 7164, 7217, 7221, 7231, 7510, 7569, 7692, 7696, 7752, 8010, 8126, 8485, 8703, 8728, 8994, 9085, 9344, 9570, 9649, 9904, 9924, 10183, 10406, 10408, 10563, 10607, 10668, 11363, 11385]","[1046, 2632, 3020, 3855, 4744, 5577]","[20, 338, 779, 967, 1300, 1320, 1961, 2005, 2105, 2327, 2362, 2648, 3096, 3337, 3496, 4015, 4820, 5061, 5220, 5730, 6373, 6499, 6620, 6948, 7164, 7217, 7221, 7231, 7510, 7569, 7692, 7696, 7752, 8010, 8126, 8485, 8703, 8728, 8994, 9085, 9344, 9570, 9649, 9904, 9924, 10183, 10406, 10408, 10563, 10607, 10668, 11363, 11385]","[1046, 2632, 3020, 3855, 4744, 5577]",11544,59,11485,6,53,11485,0
3.5,HUMIBP3,"[182, 854, 1260, 1284, 1409, 1473, 1556, 1685, 1701, 1718, 2149, 2221, 2441, 2457, 2584, 2687, 2715, 2845, 2849, 2935, 3142, 3149, 3153, 3356, 3635, 3924, 3984, 4247, 4262, 4304, 4342, 4358, 4406, 4713, 4924, 5122, 5197, 5534, 5553, 5735, 5953, 6375, 6425, 6617, 6621, 6764, 7184, 7377, 7471, 7687, 7842, 8250, 8353, 8677, 8756, 9118, 10031]","[2441, 5953, 6617]","[182, 854, 1260, 1284, 1409, 1473, 1556, 1685, 1701, 1718, 2149, 2221, 2457, 2584, 2687, 2715, 2845, 2849, 2935, 3142, 3149, 3153, 3356, 3635, 3924, 3984, 4247, 4262, 4304, 4342, 4358, 4406, 4713, 4924, 5122, 5197, 5534, 5553, 5735, 6375, 6425, 6621, 6764, 7184, 7377, 7471, 7687, 7842, 8250, 8353, 8677, 8756, 9118, 10031]","[2441, 5953, 6617]",10877,57,10820,3,54,10820,0
3.5,HUMIDS,"[372, 636, 1160, 1797, 1972, 2038, 2064, 2248, 2376, 2549, 2860, 3140, 3243, 3321, 3731, 4119, 4174, 4684, 4778, 4865, 5244, 5385, 5446, 5641, 5850, 5864, 5876, 5927, 6071, 6178, 6964, 7093, 7095, 7368, 8086, 8266, 8364, 8721, 8796, 9161, 9282, 9286, 9391, 9526, 9847, 9897, 9901, 9965, 10120, 10170, 10734, 10877, 10987, 11136, 11158, 11182, 11397, 11401, 11928, 12302, 12329, 12961, 13103, 13969, 14036, 14040, 14418, 14645, 14655, 14702, 15205, 15210, 15473, 15477, 15579, 15596, 15654, 15803, 15879, 15901, 15968, 16078, 16084, 16829, 16844, 16993, 18130, 18292, 18335, 18552, 18689, 18811, 18976, 19046, 19106, 19301, 19599, 19657, 19747, 20044, 21250, 21311, 21624, 21640, 21795, 21930, 22029, 22309, 22369, 22536, 22809, 22814, 23494, 24724, 24873, 25403, 25810, 25819, 26843, 26943, 27097, 27785, 27983, 28676, 28773, 28973, 29043, 29070, 29300, 29338, 29400, 29441, 29518, 29555, 29710, 30034, 30410, 30436, 30535, 30554, 30602, 30999, 31004, 31046, 31147, 31168, 31515, 31699, 31914, 32027, 32099, 33318, 33900, 34107, 34645, 34665, 35521, 35626, 35761, 35777, 35860, 35958, 36682, 36718]","[1160, 2038, 5244, 8086, 9847, 15879]","[372, 636, 1797, 1972, 2064, 2248, 2376, 2549, 2860, 3140, 3243, 3321, 3731, 4119, 4174, 4684, 4778, 4865, 5385, 5446, 5641, 5850, 5864, 5876, 5927, 6071, 6178, 6964, 7093, 7095, 7368, 8266, 8364, 8721, 8796, 9161, 9282, 9286, 9391, 9526, 9897, 9901, 9965, 10120, 10170, 10734, 10877, 10987, 11136, 11158, 11182, 11397, 11401, 11928, 12302, 12329, 12961, 13103, 13969, 14036, 14040, 14418, 14645, 14655, 14702, 15205, 15210, 15473, 15477, 15579, 15596, 15654, 15803, 15901, 15968, 16078, 16084, 16829, 16844, 16993, 18130, 18292, 18335, 18552, 18689, 18811, 18976, 19046, 19106, 19301, 19599, 19657, 19747, 20044, 21250, 21311, 21624, 21640, 21795, 21930, 22029, 22309, 22369, 22536, 22809, 22814, 23494, 24724, 24873, 25403, 25810, 25819, 26843, 26943, 27097, 27785, 27983, 28676, 28773, 28973, 29043, 29070, 29300, 29338, 29400, 29441, 29518, 29555, 29710, 30034, 30410, 30436, 30535, 30554, 30602, 30999, 31004, 31046, 31147, 31168, 31515, 31699, 31914, 32027, 32099, 33318, 33900, 34107, 34645, 34665, 35521, 35626, 35761, 35777, 35860, 35958, 36682, 36718]","[1160, 2038, 2882, 5244, 8086, 9847, 15879, 19268]",36838,164,36674,6,158,36672,2
3.5,HUMIGERA,"[68, 106, 147, 1072, 1089, 1093, 1261, 1342, 1403, 1601, 1664, 1797, 2173, 2574, 3105, 3141, 3309, 3416, 3471, 3683, 4124, 4527, 4792, 4971, 5005, 5024, 5043, 5168, 5176, 5626, 5681, 5709, 6119, 6188, 6281, 6676, 7019, 7275]","[1342, 1797, 3105, 5168]","[68, 106, 147, 1072, 1089, 1093, 1261, 1403, 1601, 1664, 2173, 2574, 3141, 3309, 3416, 3471, 3683, 4124, 4527, 4792, 4971, 5005, 5024, 5043, 5176, 5626, 5681, 5709, 6119, 6188, 6281, 6676, 7019, 7275]","[1342, 1797, 3105, 5168]",7652,38,7614,4,34,7614,0
3.5,HUMIL2RGA,"[28, 231, 735, 772, 817, 840, 943, 1232, 1476, 1646, 1914, 1957, 1980, 2162, 2176, 2402, 2683, 2783, 2794, 2841, 3031, 3126, 3353, 3718, 3781, 4026]","[735, 1476, 2402, 3031, 3353]","[28, 231, 772, 817, 840, 943, 1232, 1646, 1914, 1957, 1980, 2162, 2176, 2683, 2783, 2794, 2841, 3126, 3718, 3781, 4026]","[203, 735, 1128, 1476, 2402, 3031, 3353]",4031,26,4005,5,21,4003,2
3.5,HUMIL4A,"[59, 67, 189, 290, 328, 407, 491, 596, 989, 1306, 1496, 1626, 2072, 2810, 3021, 3035, 3234, 3254, 3380, 3469, 3861, 3877, 4037, 4460, 4465, 4541, 4830, 4997, 5634, 6460, 6557, 6702, 7003, 7171, 7433, 7514, 7518, 7646, 7915, 7981, 8041, 8135, 8208, 8316, 8362, 8391, 8407, 8461, 8466, 8512, 8605, 8686, 9292, 9369, 9400, 9501, 9622]","[1306, 1626, 7003]","[59, 67, 189, 290, 328, 407, 491, 596, 989, 1496, 2072, 2810, 3021, 3035, 3234, 3254, 3380, 3469, 3861, 3877, 4037, 4460, 4465, 4541, 4830, 4997, 5634, 6460, 6557, 6702, 7171, 7433, 7514, 7518, 7646, 7915, 7981, 8041, 8135, 8208, 8316, 8362, 8391, 8407, 8461, 8466, 8512, 8605, 8686, 9292, 9369, 9400, 9501, 9622]","[1306, 1626, 7003]",9893,57,9836,3,54,9836,0
3.5,HUMIRBPG,"[553, 786, 1487, 1516, 1819, 1823, 2338, 2419, 2428, 2593, 2776, 2935, 3181, 3221, 3263, 3400, 3550, 4554, 4606, 4612, 4672, 4686, 5069, 5157, 5171, 5340, 5556, 5568, 5575, 5838, 6337, 6592, 6975, 7160, 7238, 7261, 8440, 8766, 8885, 9086, 9262, 9308]","[3181, 5157, 7160]","[553, 786, 1487, 1516, 1819, 1823, 2338, 2419, 2428, 2593, 2776, 2935, 3221, 3263, 3400, 3550, 4554, 4606, 4612, 4672, 4686, 5069, 5171, 5340, 5556, 5568, 5575, 5838, 6337, 6592, 6975, 7238, 7261, 8440, 8766, 8885, 9086, 9262, 9308]","[3181, 5157, 7160]",9704,42,9662,3,39,9662,0
3.5,HUMLHDC,"[166, 262, 697, 766, 791, 843, 1727, 1763, 2138, 2859, 3070, 3735, 3820, 4598, 4641, 4925, 5520, 5561, 6016, 6047, 6140, 6257, 6295, 6432, 6492, 7357, 7415, 7475, 7949, 8200, 8345, 8690, 8728, 8890, 8894, 8992, 9550, 9773, 9823, 10512, 10795, 11067, 11183, 11221, 11591, 11685, 11765, 11774, 11797, 12252, 12347, 12354, 12358, 12607, 12756, 13017, 13087, 13182, 13467, 13608, 14169, 14605, 14811, 15091, 15099, 15584, 15896, 15970, 16003, 16409, 16729, 16774, 17237, 17363, 17536, 18253, 18382, 18464, 18782, 18827, 18855, 18932, 19019, 19245, 19312, 19687, 19692, 19921, 19951, 20075, 20118, 20137, 20143, 20300, 20482, 20957, 21206, 21593, 21661, 21813, 21867, 22046, 22090, 22140, 22219, 22928, 23450, 23457, 23463, 23866, 24054, 24086, 24636, 24666, 24767, 25000, 25206, 25233, 25246, 25488, 25563, 25569, 25846, 25895, 26636, 27104, 27699, 28034, 28067, 28177, 28493, 28499, 28537, 28671, 28843, 29151, 29773, 30408, 30438, 30867, 30871, 31558, 31702, 31819, 31856, 32156, 32346]","[7415, 9773, 14605, 15584, 18382, 18782, 19312, 20300, 20482, 24666, 29773]","[166, 262, 697, 766, 791, 843, 1727, 1763, 2138, 2859, 3070, 3735, 3820, 4598, 4641, 4925, 5520, 5561, 6016, 6047, 6140, 6257, 6295, 6432, 6492, 7357, 7475, 7949, 8200, 8345, 8690, 8728, 8890, 8894, 8992, 9550, 9823, 10512, 10795, 11067, 11183, 11221, 11591, 11685, 11765, 11774, 11797, 12252, 12347, 12354, 12358, 12607, 12756, 13017, 13087, 13182, 13467, 13608, 14169, 14811, 15091, 15099, 15896, 15970, 16003, 16409, 16729, 16774, 17237, 17363, 17536, 18253, 18464, 18827, 18855, 18932, 19019, 19245, 19687, 19692, 19921, 19951, 20075, 20118, 20137, 20143, 20957, 21206, 21593, 21661, 21813, 21867, 22046, 22090, 22140, 22219, 22928, 23450, 23457, 23463, 23866, 24054, 24086, 24636, 24767, 25000, 25206, 25233, 25246, 25488, 25563, 25569, 25846, 25895, 26636, 27104, 27699, 28034, 28067, 28177, 28493, 28499, 28537, 28671, 28843, 29151, 30408, 30438, 30867, 30871, 31558, 31702, 31819, 31856, 32156, 32346]","[7415, 9773, 14605, 15584, 18382, 18782, 19312, 20300, 20482, 24666, 29773]",32344,147,32197,11,136,32197,0
3.5,HUMLUCT,"[108, 324, 1550, 1877, 2369, 2505, 2861, 2962, 3004]","[1550, 2505, 2861]","[108, 324, 1877, 2369, 2962, 3004]","[1550, 2505, 2861]",3289,9,3280,3,6,3280,0
3.5,HUMLYTOXBB,"[540, 675, 677, 1097, 1235, 1357, 1361, 1395, 1917, 2157, 2184, 2202, 2275, 2657, 2694, 2734, 2934, 3150, 3207, 3229, 3274, 3330, 3376, 3631, 4298, 4333, 4402, 4477, 4665, 4677, 4948, 5005, 5291, 5345, 5349, 5530, 6032, 6167]","[2934, 3376, 3631]","[540, 675, 677, 1097, 1235, 1357, 1361, 1395, 1917, 2157, 2184, 2202, 2275, 2657, 2694, 2734, 3150, 3207, 3229, 3274, 3330, 4298, 4333, 4402, 4477, 4665, 4677, 4948, 5005, 5291, 5345, 5349, 5530, 6032, 6167]","[2934, 3376, 3631]",6298,38,6260,3,35,6260,0
3.5,HUMMCHEMP,"[159, 280, 674, 790, 812, 984, 988, 1065, 1077, 1328, 1590, 2023]","[674, 1590]","[159, 280, 790, 812, 984, 988, 1065, 1077, 1328, 2023]","[674, 1590]",2758,12,2746,2,10,2746,0
3.5,HUMMET2,"[505, 615, 866, 1128, 1167, 1233]","[866, 1233]","[505, 615, 1128, 1167]","[866, 1233]",1696,6,1690,2,4,1690,0
3.5,HUMMGPA,"[4, 333, 845, 1045, 1050, 1288, 1299, 1628, 2295, 2484, 2515, 3076, 3137, 3516, 3748, 4493, 5093, 5401, 6334, 7349, 7617]","[3516, 5093, 6334]","[4, 333, 845, 1045, 1050, 1288, 1299, 1628, 2295, 2484, 2515, 3076, 3137, 3748, 4493, 5401, 7349, 7617]","[3516, 5093, 6334]",7727,21,7706,3,18,7706,0
3.5,HUMMIF,"[700, 713, 753, 825, 912, 997, 1129, 1643, 1988, 2123]",[1643],"[700, 713, 753, 825, 912, 997, 1129, 1988, 2123]","[1281, 1643]",2160,10,2150,1,9,2149,1
3.5,HUMMIS,"[527, 623, 669, 778, 1358, 1489, 1639, 1887, 2044, 2832, 2962]","[623, 1358, 1639, 1887]","[527, 669, 778, 1489, 2044, 2832, 2962]","[623, 1358, 1639, 1887]",3093,11,3082,4,7,3082,0
3.5,HUMMKXX,"[614, 870, 1040, 1168, 1264, 1290, 1415, 1574, 1652, 1737, 1887, 2019, 2078, 2202, 2463, 2985, 3142, 3172, 3194]","[1415, 1737, 2019]","[614, 870, 1040, 1168, 1264, 1290, 1574, 1652, 1887, 2078, 2202, 2463, 2985, 3142, 3172, 3194]","[1415, 1737, 2019]",3301,19,3282,3,16,3282,0
3.5,HUMNKG5PRO,"[214, 298, 345, 362, 605, 666, 843, 964, 1055, 1118, 1505, 1644, 1865, 1896, 2262, 2357, 2567, 2639, 2715, 2721, 2788, 2915, 2978, 3215, 3283, 3314, 3387, 3580, 3584, 3848, 3912, 3982, 4048, 4473, 5180, 5323, 5379, 5435, 5468, 5480, 6072, 6237, 6576, 6599]","[2262, 3215, 3848, 5468]","[214, 298, 345, 362, 605, 666, 843, 964, 1055, 1118, 1505, 1644, 1865, 1896, 2357, 2567, 2639, 2715, 2721, 2788, 2915, 2978, 3283, 3314, 3387, 3580, 3584, 3912, 3982, 4048, 4473, 5180, 5323, 5379, 5435, 5480, 6072, 6237, 6576, 6599]","[2262, 3215, 3848, 5468]",6739,44,6695,4,40,6695,0
3.5,HUMNTRI,"[10, 575, 1247, 1483, 1629, 2145, 2342, 2412, 2615, 2802, 3141, 3151]",[2802],"[10, 575, 1247, 1483, 1629, 2145, 2342, 2412, 2615, 3141, 3151]",[2802],3703,12,3691,1,11,3691,0
3.5,HUMNTRIII,"[10, 575, 1247, 1483, 1629, 2145, 2342, 2412, 2615, 2802, 3141, 3151]",[2802],"[10, 575, 1247, 1483, 1629, 2145, 2342, 2412, 2615, 3141, 3151]",[2802],3703,12,3691,1,11,3691,0
3.5,HUMOSTP,"[214, 965, 970, 1509, 1549, 1581, 2162, 2358, 3054, 3385, 3509, 3657, 3909, 4438, 4738, 6004, 6322, 6327, 6420, 6480, 6986, 7813, 7897, 8035, 8287, 8349, 8520, 8785, 8832, 8884, 9372, 10025, 10352, 10776]","[3509, 3657, 6986, 8349]","[214, 965, 970, 1509, 1549, 1581, 2162, 2358, 3054, 3385, 3909, 4438, 4738, 6004, 6322, 6327, 6420, 6480, 7813, 7897, 8035, 8287, 8520, 8785, 8832, 8884, 9372, 10025, 10352, 10776]","[3509, 3657, 6679, 6986, 8349]",10731,34,10697,4,30,10696,1
3.5,HUMPAP,"[167, 440, 641, 673, 1012, 1410, 1490, 1495, 1676, 1737, 1970, 2089, 2115, 2354, 2414, 3167, 3336, 3342, 3477, 3574, 4164, 4270, 4366, 4478]","[1410, 2089, 2414, 3167]","[167, 440, 641, 673, 1012, 1490, 1495, 1676, 1737, 1970, 2115, 2354, 3336, 3342, 3477, 3574, 4164, 4270, 4366, 4478]","[1410, 2089, 2414, 3167]",4490,24,4466,4,20,4466,0
3.5,HUMPCI,"[284, 308, 312, 511, 803, 807, 1538, 1823, 1978, 2078, 2124, 2208, 2226, 2298, 2586, 2671, 2784, 2812, 2930, 2957, 3129, 3238, 3307, 3477, 3536, 3575, 3636, 3685, 3914, 4332, 4672, 4697, 4718, 4859, 4906, 5210, 5543, 5864, 6513, 6723, 7088, 7199, 7255, 8054, 8058, 8156, 8384, 8568, 8664, 8725, 9209, 9603, 9820, 9964, 10139, 10698, 10819, 10855, 10898, 11275, 11483, 12688, 12792, 13606, 14117, 14121, 14247, 14264, 14272, 14452, 14982, 15018, 15064, 15146]","[8568, 10898, 11483]","[284, 308, 312, 511, 803, 807, 1538, 1823, 1978, 2078, 2124, 2208, 2226, 2298, 2586, 2671, 2784, 2812, 2930, 2957, 3129, 3238, 3307, 3477, 3536, 3575, 3636, 3685, 3914, 4332, 4672, 4697, 4718, 4859, 4906, 5210, 5543, 5864, 6513, 6723, 7088, 7199, 7255, 8054, 8058, 8156, 8384, 8664, 8725, 9209, 9603, 9820, 9964, 10139, 10698, 10819, 10855, 11275, 12688, 12792, 13606, 14117, 14121, 14247, 14264, 14272, 14452, 14982, 15018, 15064, 15146]","[8568, 10898, 11483]",15564,74,15490,3,71,15490,0
3.5,HUMPEM,"[65, 693, 700, 789, 934, 948, 1033, 1537, 2101, 2266, 2421, 2614, 2707, 2850, 2973, 3203, 3297, 3314, 3352, 3590, 3745, 3904, 3921, 4170, 4210]","[934, 2266, 2421, 2707, 2973, 3203]","[65, 693, 700, 789, 948, 1033, 1537, 2101, 2614, 2850, 3297, 3314, 3352, 3590, 3745, 3904, 3921, 4170, 4210]","[934, 2266, 2421, 2707, 2973, 3203]",4236,25,4211,6,19,4211,0
3.5,HUMPEPYYA,"[7, 20, 647, 727, 734, 766, 904, 1201, 1307, 1388, 1537, 1658, 1699, 1824, 2196, 2243, 2254]","[1201, 1388]","[7, 20, 647, 727, 734, 766, 904, 1307, 1537, 1658, 1699, 1824, 2196, 2243, 2254]","[1201, 1388]",2371,17,2354,2,15,2354,0
3.5,HUMPF4V1A,"[11, 46, 199, 381, 785, 826]","[381, 826]","[11, 46, 199, 785]","[381, 826]",1461,6,1455,2,4,1455,0
3.5,HUMPHOSA,"[87, 233, 312, 425, 604, 850, 1286, 1300, 1494, 1555, 1713, 1810, 2185, 2323, 2469, 2988, 3209, 3252, 3729, 4449, 4516, 4789, 4821]","[233, 850, 1494, 1810, 2323, 2988, 3209, 3729]","[87, 312, 425, 604, 1286, 1300, 1555, 1713, 2185, 2469, 3252, 4449, 4516, 4789, 4821]","[233, 850, 1494, 1810, 2323, 2988, 3209, 3729]",4885,23,4862,8,15,4862,0
3.5,HUMPRCA,"[130, 488, 498, 684, 1048, 1687, 1916, 2114, 2201, 2304, 2309, 2354, 2761, 2920, 3044, 3181, 3438, 3499, 3631, 3703, 3856, 3995, 4175, 4572, 4778, 5118, 5213, 5348, 5452, 5512, 5585, 5624, 6604, 6648, 6777, 6827, 7002, 7256, 7719, 7822, 7994, 8396, 8524, 8580, 8584, 9206, 9387, 9430, 9620, 10055, 10977, 10987, 11461]","[2201, 3631, 5118, 5348, 5585, 8396, 9387]","[130, 488, 498, 684, 1048, 1687, 1916, 2114, 2304, 2309, 2354, 2761, 2920, 3044, 3181, 3438, 3499, 3703, 3856, 3995, 4175, 4572, 4778, 5213, 5452, 5512, 5624, 6604, 6648, 6777, 6827, 7002, 7256, 7719, 7822, 7994, 8524, 8580, 8584, 9206, 9430, 9620, 10055, 10977, 10987, 11461]","[2201, 3631, 5118, 5348, 5585, 8396, 9387]",11718,53,11665,7,46,11665,0
3.5,HUMPREELAS,"[180, 253, 274, 478, 596, 608, 826, 1054, 1070, 1357, 1619, 1724, 1729, 1785, 1802, 1827]",[596],"[180, 253, 274, 478, 608, 826, 1054, 1070, 1357, 1619, 1724, 1729, 1785, 1802, 1827]",[596],2293,16,2277,1,15,2277,0
3.5,HUMPRPHX,"[71, 292, 317, 568, 778, 963, 1143, 1346, 1475, 1551, 1560, 1838, 1911, 2127, 2140, 2357, 2502, 2523, 2550, 2869, 3173, 3322, 3633, 3719, 3914, 4221, 4225, 4319]","[1346, 1838, 2127, 2869, 3173, 3322, 3633]","[71, 292, 317, 568, 778, 963, 1143, 1475, 1551, 1560, 1911, 2140, 2357, 2502, 2523, 2550, 3719, 3914, 4221, 4225, 4319]","[1346, 1838, 2127, 2652, 2869, 3173, 3322, 3633]",4525,28,4497,7,21,4496,1
3.5,HUMRCC1,"[108, 246, 486, 560, 638, 654, 973, 1017, 1099, 1608, 1708, 2437, 2711, 3451, 3455, 4068, 4304, 4379, 4555, 4654, 4681, 4733, 4737, 4787, 4872, 4991, 5210, 5479, 5539, 5545, 5562, 5741, 6493, 6765, 7271, 7642, 7644, 8110, 8114, 8620, 8701, 8862, 8986, 9143, 9297, 9448, 9869, 9960, 10003, 10178, 10252, 10366, 10428, 10535, 10711, 10754, 11120, 11134, 11329, 11415, 12204, 12573, 12616, 12731, 13006, 13360, 13471, 13477, 13510, 13805, 13819, 14069, 14112, 14114, 14368, 14604, 14619, 14697, 14702, 14708, 15108, 15126, 15324, 15385, 15440, 15532, 15548, 15580, 15704, 15894, 16280, 16316, 16362, 16465, 16526, 16574, 16836, 17016, 17025, 17060, 17556, 17659, 17950, 18304, 18348, 18716, 18787, 18795, 19037, 19296, 19495, 19784, 19855, 19892, 20200, 20442, 20525, 20849, 20918, 21036, 21092, 21303, 21774, 22033, 22051, 22193, 22205, 22297, 22579, 22826, 22868, 23423, 23588, 23681, 23725, 24194, 24201, 24622, 25071, 25287, 25727, 25729, 25857, 26108, 26218, 26579, 26701, 26808, 26950, 26989, 27447, 27798, 27973, 27994, 28010, 28244, 28523, 28793, 28893, 29020, 29247, 29419, 29746, 29766, 29965, 30000, 30085, 30235, 30443, 30648, 31610, 31672, 31987, 32040, 32435, 33137, 33187, 33278, 33404, 33503, 34138, 34406, 34481, 34597, 34599]","[24201, 26218, 26579, 28010, 28244, 28893, 29247, 29766]","[108, 246, 486, 560, 638, 654, 973, 1017, 1099, 1608, 1708, 2437, 2711, 3451, 3455, 4068, 4304, 4379, 4555, 4654, 4681, 4733, 4737, 4787, 4872, 4991, 5210, 5479, 5539, 5545, 5562, 5741, 6493, 6765, 7271, 7642, 7644, 8110, 8114, 8620, 8701, 8862, 8986, 9143, 9297, 9448, 9869, 9960, 10003, 10178, 10252, 10366, 10428, 10535, 10711, 10754, 11120, 11134, 11329, 11415, 12204, 12573, 12616, 12731, 13006, 13360, 13471, 13477, 13510, 13805, 13819, 14069, 14112, 14114, 14368, 14604, 14619, 14697, 14702, 14708, 15108, 15126, 15324, 15385, 15440, 15532, 15548, 15580, 15704, 15894, 16280, 16316, 16362, 16465, 16526, 16574, 16836, 17016, 17025, 17060, 17556, 17659, 17950, 18304, 18348, 18716, 18787, 18795, 19037, 19296, 19495, 19784, 19855, 19892, 20200, 20442, 20525, 20849, 20918, 21036, 21092, 21303, 21774, 22033, 22051, 22193, 22205, 22297, 22579, 22826, 22868, 23423, 23588, 23681, 23725, 24194, 24622, 25071, 25287, 25727, 25729, 25857, 26108, 26701, 26808, 26950, 26989, 27447, 27798, 27973, 27994, 28523, 28793, 29020, 29419, 29746, 29965, 30000, 30085, 30235, 30443, 30648, 31610, 31672, 31987, 32040, 32435, 33137, 33187, 33278, 33404, 33503, 34138, 34406, 34481, 34597, 34599]","[24201, 26218, 26579, 28010, 28244, 28893, 29247, 29766]",34634,185,34449,8,177,34449,0
3.5,HUMREGHOM,"[52, 274, 684, 891, 1170, 1419, 1423, 1459, 1602, 1864, 1909, 2739, 2825, 3329]","[684, 1419, 1864, 2739]","[52, 274, 891, 1170, 1423, 1459, 1602, 1909, 2825, 3329]","[684, 1419, 1864, 2739]",3404,14,3390,4,10,3390,0
3.5,HUMROD1X,"[321, 454, 1146, 1223, 1242, 1804, 1876, 2015, 2227, 2343, 2611, 2638, 2695, 2720]","[1242, 1876]","[321, 454, 1146, 1223, 1804, 2015, 2227, 2343, 2611, 2638, 2695, 2720]","[1242, 1876]",2834,14,2820,2,12,2820,0
3.5,HUMRPIB2,"[310, 356, 435, 472, 510, 622, 899, 1121, 1531, 1737, 2017, 2268, 2272, 2308, 2451, 2713, 2758, 3588, 3674, 4178]","[1531, 2268, 2713, 3588]","[310, 356, 435, 472, 510, 622, 899, 1121, 1737, 2017, 2272, 2308, 2451, 2758, 3674, 4178]","[1531, 2268, 2713, 3588]",4330,20,4310,4,16,4310,0
3.5,HUMRPS6B,"[359, 363, 634, 784, 1045, 1059, 1101, 1168, 1232, 1543, 1721, 1838, 2146, 2178, 2651, 2866, 3072, 3084, 3893, 4051, 4432, 4655, 4838]","[359, 1059, 1838, 2178, 4051]","[363, 634, 784, 1045, 1101, 1168, 1232, 1543, 1721, 2146, 2651, 2866, 3072, 3084, 3893, 4432, 4655, 4838]","[359, 1059, 1838, 2178, 4051]",4967,23,4944,5,18,4944,0
3.5,HUMSEMI,"[262, 578, 681, 793, 806, 975, 1583, 1636, 2015, 2362, 2394, 2519, 2547, 2682, 2979, 3074, 3496, 3849, 3886, 4061]",[793],"[262, 578, 681, 806, 975, 1583, 1636, 2015, 2362, 2394, 2519, 2547, 2682, 2979, 3074, 3496, 3849, 3886, 4061]",[793],4157,20,4137,1,19,4137,0
3.5,HUMSEMIIB,"[121, 493, 528, 765, 1127, 1274, 1281, 1298, 1302, 1316, 1389, 1490, 1530, 1642, 1790, 1889, 1988, 2410, 2444, 2489, 2515, 2616, 2979, 3011, 3135, 3352, 3511, 3769, 3843, 4271, 4486, 4499, 4660, 4667, 5275, 5328, 5640, 5820, 6000, 6304, 6446, 6514, 7012, 7146, 7527, 7944, 8014]",[4486],"[121, 493, 528, 765, 1127, 1274, 1281, 1298, 1302, 1316, 1389, 1490, 1530, 1642, 1790, 1889, 1988, 2410, 2444, 2489, 2515, 2616, 2979, 3011, 3135, 3352, 3511, 3769, 3843, 4271, 4499, 4660, 4667, 5275, 5328, 5640, 5820, 6000, 6304, 6446, 6514, 7012, 7146, 7527, 7944, 8014]",[4486],8217,47,8170,1,46,8170,0
3.5,HUMSTATH2,"[49, 353, 911, 1140, 1197, 1553, 1675, 1820, 2025, 2131, 2151, 2312, 2322, 2403, 2530, 2627, 2733, 2848, 3239, 3710, 4592, 4596, 4629]","[353, 1553, 1675]","[49, 911, 1140, 1197, 1820, 2025, 2131, 2151, 2312, 2322, 2403, 2530, 2627, 2733, 2848, 3239, 3710, 4592, 4596, 4629]","[353, 1553, 1675]",4716,23,4693,3,20,4693,0
3.5,HUMTBGA,"[362, 377, 451, 460, 854, 1021, 1050, 1435, 1646, 2099, 2681, 2792, 2911, 3107, 3244, 3355, 3744, 4529, 4941, 5032, 5164, 5177, 5231, 5236, 5469, 5475, 5530, 5782, 5875, 5879, 6296, 6314, 6627, 6841, 7144, 7395, 7417, 7419, 7441, 7960, 8219, 8362]","[4941, 7144]","[362, 377, 451, 460, 854, 1021, 1050, 1435, 1646, 2099, 2681, 2792, 2911, 3107, 3244, 3355, 3744, 4529, 5032, 5164, 5177, 5231, 5236, 5469, 5475, 5530, 5782, 5875, 5879, 6296, 6314, 6627, 6841, 7395, 7417, 7419, 7441, 7960, 8219, 8362]","[4941, 6265, 7144]",8762,42,8720,2,40,8719,1
3.5,HUMTCRBRA,"[199, 278, 318, 405, 469, 505, 561]",[278],"[199, 318, 405, 469, 505, 561]",[278],729,7,722,1,6,722,0
3.5,HUMTHROMA,"[159, 187, 323, 743, 787, 800, 818, 1277, 1464, 1605, 1696, 1985, 2344, 2384, 2717, 3117, 4129, 4222, 4266, 4362, 4394, 4817, 5134, 5715]","[1985, 2344, 2717, 4817]","[159, 187, 323, 743, 787, 800, 818, 1277, 1464, 1605, 1696, 2384, 3117, 4129, 4222, 4266, 4362, 4394, 5134, 5715]","[1985, 2344, 2717, 4817]",6156,24,6132,4,20,6132,0
3.5,HUMTNP2SS,"[80, 86, 93, 177, 658, 673, 725, 941, 1748]",[658],"[80, 86, 93, 177, 673, 725, 941, 1748]",[658],1775,9,1766,1,8,1766,0
3.5,HUMTPALBU,"[313, 722, 872, 1094, 1359, 1402, 1559, 1621, 1708, 1850, 2692, 2741, 2932, 2941, 3377, 3412, 3425, 3781, 4153, 4361, 4587, 4707, 4711, 4720, 5066, 5992, 5999, 6086, 6127]","[1094, 1621, 2741, 3425, 4361]","[313, 722, 872, 1359, 1402, 1559, 1708, 1850, 2692, 2932, 2941, 3377, 3412, 3781, 4153, 4587, 4707, 4711, 4720, 5066, 5992, 5999, 6086, 6127]","[1094, 1621, 2741, 3425, 4361]",6165,29,6136,5,24,6136,0
3.5,HUMTRHYAL,"[192, 197, 201, 301, 562, 827, 1120, 1557, 1645, 1793, 2232, 2340, 2837, 4658, 5091, 6019, 6083, 6556, 7415, 7814, 8581]",[1645],"[192, 197, 201, 301, 562, 827, 1120, 1557, 1793, 2232, 2340, 2837, 4658, 5091, 6019, 6083, 6556, 7415, 7814, 8581]",[1645],9544,21,9523,1,20,9523,0
3.5,HUMTSHB2,"[187, 780, 872]",[187],"[780, 872]",[187],979,3,976,1,2,976,0
3.5,HUMV2R,"[261, 287, 357, 475, 531, 1366, 1404, 1507, 1815, 2047, 2118, 2128]","[261, 1507]","[287, 357, 475, 531, 1366, 1404, 1815, 2047, 2118, 2128]","[261, 1507]",2275,12,2263,2,10,2263,0
3.5,HYPSCGH,"[41, 806, 837, 889, 1039, 1252, 1624, 2112]","[41, 1039, 1624]","[806, 837, 889, 1252, 2112]","[41, 451, 1039, 1624]",2477,8,2469,3,5,2468,1
3.5,LAYEGLOBIN,"[222, 238, 470, 537, 584, 1061, 1185, 1197, 1265, 1312, 1373, 1466]","[238, 584]","[222, 470, 537, 1061, 1185, 1197, 1265, 1312, 1373, 1466]","[238, 584]",1695,12,1683,2,10,1683,0
3.5,LEBGLOB,"[94, 142, 157, 662, 1373, 1501, 1539, 1561, 1577, 1663, 1791, 1812, 1828, 1926, 2206, 2555, 3171, 3208, 3565]","[1577, 1926]","[94, 142, 157, 662, 1373, 1501, 1539, 1561, 1663, 1791, 1812, 1828, 2206, 2555, 3171, 3208, 3565]","[1577, 1926]",3639,19,3620,2,17,3620,0
3.5,LNOEGLOBIN,"[220, 236, 345, 473, 540, 587, 603, 934, 1062, 1185, 1197, 1265, 1293, 1312, 1462]","[236, 587]","[220, 345, 473, 540, 603, 934, 1062, 1185, 1197, 1265, 1293, 1312, 1462]","[236, 587]",1691,15,1676,2,13,1676,0
3.5,MACHBGA1,"[283, 457, 495, 727, 794, 841, 937, 1370, 1420, 1643]","[495, 841]","[283, 457, 727, 794, 937, 1370, 1420, 1643]","[495, 841]",2098,10,2088,2,8,2088,0
3.5,MACHBGA2,"[281, 455, 493, 725, 792, 839, 935, 1367, 1417, 1441, 1644, 2017]","[493, 839]","[281, 455, 725, 792, 935, 1367, 1417, 1441, 1644, 2017]","[493, 839]",2101,12,2089,2,10,2089,0
3.5,MAMGLUTRA,"[34, 424, 484, 488, 657, 663, 821, 1073, 1082, 1255, 1259, 1627, 1718, 1819, 2152, 2406, 2558, 2745, 2938, 3059, 3175, 4252, 4272, 4298, 4642, 4967, 4974, 5131, 5135, 5213, 5243, 5870]","[484, 821, 1255, 1627, 1819, 2745, 2938]","[34, 424, 488, 657, 663, 1073, 1082, 1259, 1718, 2152, 2406, 2558, 3059, 3175, 4252, 4272, 4298, 4642, 4967, 4974, 5131, 5135, 5213, 5243, 5870]","[484, 821, 1255, 1627, 1819, 2745, 2938]",6288,32,6256,7,25,6256,0
3.5,MAU09941,"[11, 401, 613, 778, 1031, 1166, 1480, 1803, 1830, 1846, 2406, 2427, 2514, 2667, 2932, 2968, 3124, 3134, 3521, 3697]",[1830],"[11, 401, 613, 778, 1031, 1166, 1480, 1803, 1846, 2406, 2427, 2514, 2667, 2932, 2968, 3124, 3134, 3521, 3697]",[1830],3799,20,3779,1,19,3779,0
3.5,MFAPOA2A,"[53, 69, 133, 153, 155, 226, 379, 571, 587, 720, 785, 1422]","[379, 785]","[53, 69, 133, 153, 155, 226, 571, 587, 720, 1422]","[379, 785]",1490,12,1478,2,10,1478,0
3.5,MFAPOC3A,"[115, 232, 642, 913, 1172, 1239, 1264, 1715, 1993, 2190, 2232, 2384, 2439, 2689, 3068, 3213, 3244]","[913, 1172]","[115, 232, 642, 1239, 1264, 1715, 1993, 2190, 2232, 2384, 2439, 2689, 3068, 3213, 3244]","[913, 1172]",3255,17,3238,2,15,3238,0
3.5,MMA2IXCOA,"[599, 798, 859, 878, 908, 1297, 1383, 1439, 1757, 1800, 1812, 1866, 1881, 1925, 2552, 2935, 3105, 3132, 3652, 3826, 3896, 4386, 4857, 5665, 5682, 5831, 6014, 6054, 6266, 6355, 6359, 6481, 6628, 6635, 6930, 7102, 7250, 7371, 7472, 7658, 7684, 8064, 8135, 8216, 8255, 8401, 8539, 8882, 9179, 9209, 9322, 9467, 9573, 9609, 9626, 9702, 9793, 10270, 10282, 10304, 10930, 11077, 11426, 11611, 12074, 12792, 12952, 12989, 13033, 13111, 13361, 13447, 13609, 13726, 13786, 13824, 13840, 13912, 14575, 14635, 15021, 15231, 15338, 15597, 15746, 15933, 16114, 16240, 16522, 16811, 17106, 17275, 17333, 17647, 18032, 18243, 18283, 19461]","[3132, 4386, 5682, 5831, 7102, 7250, 7371, 7684, 8064, 8216, 8401, 8539, 8882, 9322, 9467, 9626, 13033, 13447, 13726, 14575, 15021, 15338, 15597, 15746, 15933, 16114, 16240, 16522, 16811, 17275, 17647]","[599, 798, 859, 878, 908, 1297, 1383, 1439, 1757, 1800, 1812, 1866, 1881, 1925, 2552, 2935, 3105, 3652, 3826, 3896, 4857, 5665, 6014, 6054, 6266, 6355, 6359, 6481, 6628, 6635, 6930, 7472, 7658, 8135, 8255, 9179, 9209, 9573, 9609, 9702, 9793, 10270, 10282, 10304, 10930, 11077, 11426, 11611, 12074, 12792, 12952, 12989, 13111, 13361, 13609, 13786, 13824, 13840, 13912, 14635, 15231, 17106, 17333, 18032, 18243, 18283, 19461]","[3132, 4386, 5682, 5831, 7102, 7250, 7371, 7684, 8064, 8216, 8401, 8539, 8882, 9322, 9467, 9626, 13033, 13447, 13726, 14575, 15021, 15338, 15597, 15746, 15933, 16114, 16240, 16522, 16811, 17275, 17647]",19472,98,19374,31,67,19374,0
3.5,MMACLGNA,"[146, 412, 474, 499, 541, 553, 918, 1458, 1499, 1731, 2397, 2537, 2666, 2734, 2923, 2933, 2969, 3107, 3178]","[474, 3178]","[146, 412, 499, 541, 553, 918, 1458, 1499, 1731, 2397, 2537, 2666, 2734, 2923, 2933, 2969, 3107]","[474, 3178]",3874,19,3855,2,17,3855,0
3.5,MMAPOG,"[143, 265, 536, 669, 728, 806, 876, 1186, 1456, 1501, 1935, 1940, 2056, 2146]","[536, 806]","[143, 265, 669, 728, 876, 1186, 1456, 1501, 1935, 1940, 2056, 2146]","[536, 806]",2169,14,2155,2,12,2155,0
3.5,MMASM1G,"[439, 1088, 1141, 1294, 1492, 1591, 2065, 2244, 2830, 2928, 2961, 3245, 3367, 3599, 3619, 3745, 3749, 4681]","[1088, 2244, 2928, 3245, 3745]","[439, 1141, 1294, 1492, 1591, 2065, 2830, 2961, 3367, 3599, 3619, 3749, 4681]","[1088, 2244, 2928, 3245, 3745]",4768,18,4750,5,13,4750,0
3.5,MMCASEIB,"[15, 439, 1113, 1488, 1889, 2857, 2974, 3141, 3145, 3158, 3289, 3742, 3746, 3769, 4203, 4901, 4916, 5615, 5877, 6252, 6305, 6603, 6611, 6905, 6932, 7023, 7119, 7155, 7160, 7964, 8126, 8222, 8252, 8664, 8851, 9203, 9803, 10030, 10443, 10796, 11712, 11758, 11765, 11838, 12014, 12187, 12235, 12928, 13000]","[6252, 7023, 7160, 8126, 8252, 9803]","[15, 439, 1113, 1488, 1889, 2857, 2974, 3141, 3145, 3158, 3289, 3742, 3746, 3769, 4203, 4901, 4916, 5615, 5877, 6305, 6603, 6611, 6905, 6932, 7119, 7155, 7964, 8222, 8664, 8851, 9203, 10030, 10443, 10796, 11712, 11758, 11765, 11838, 12014, 12187, 12235, 12928, 13000]","[6252, 7023, 7160, 8126, 8252, 9803]",13047,49,12998,6,43,12998,0
3.5,MMCD24A,"[115, 233, 274, 287, 477, 1126, 1273, 1660, 1670, 1804, 1969, 2195, 2486, 2594, 2860, 3068, 3158, 3693, 3805, 3828, 3911, 3949, 4043, 4140, 5435, 5478, 5793, 6260, 6323, 6430, 6441, 7063, 7471, 7475]",[2486],"[115, 233, 274, 287, 477, 1126, 1273, 1660, 1670, 1804, 1969, 2195, 2594, 2860, 3068, 3158, 3693, 3805, 3828, 3911, 3949, 4043, 4140, 5435, 5478, 5793, 6260, 6323, 6430, 6441, 7063, 7471, 7475]",[2486],7635,34,7601,1,33,7601,0
3.5,MMCFOS,"[99, 376, 844, 1244, 1248, 1646, 1790, 1850, 2162, 2208, 2363, 3118, 3414]","[844, 1850, 2363]","[99, 376, 1244, 1248, 1646, 1790, 2162, 2208, 3118, 3414]","[844, 1850, 2363]",3960,13,3947,3,10,3947,0
3.5,MMCOL10A,"[30, 216, 560, 1070, 1193, 1518, 1719, 1802, 1964, 2390, 2931, 3292, 3514, 3918, 3985, 4222, 4716, 4779, 4974, 5105, 5203, 5224, 5555, 5660, 5729, 5765, 5846, 6020, 6146, 6290, 6371, 6389, 6407, 6704, 6754, 6758, 6833, 6895, 7009, 7059, 7101, 7192, 7282, 7286, 7335, 7656, 8029, 8394, 9001, 9050, 9284, 9322]",[1802],"[30, 216, 560, 1070, 1193, 1518, 1719, 1964, 2390, 2931, 3292, 3514, 3918, 3985, 4222, 4716, 4779, 4974, 5105, 5203, 5224, 5555, 5660, 5729, 5765, 5846, 6020, 6146, 6290, 6371, 6389, 6407, 6704, 6754, 6758, 6833, 6895, 7009, 7059, 7101, 7192, 7282, 7286, 7335, 7656, 8029, 8394, 9001, 9050, 9284, 9322]",[1802],9324,52,9272,1,51,9272,0
3.5,MMCRPG,"[375, 523, 824, 929, 1011, 1293]",[375],"[523, 824, 929, 1011, 1293]",[375],2133,6,2127,1,5,2127,0
3.5,MMCYTOKNA,"[810, 1089, 1123, 1339, 1580, 1881, 1983, 2549]",[810],"[1089, 1123, 1339, 1580, 1881, 1983, 2549]","[810, 1559]",2552,8,2544,1,7,2543,1
3.5,MMDM2RR,"[104, 665, 680, 854, 878, 1305, 1439, 1651, 1846, 2004, 2085, 2156, 2407, 2702, 3262, 3378, 3509, 3526, 3696, 3701, 3962, 4028, 4033, 4134, 4138, 4663, 4793, 4925, 5134, 6030, 6048, 6320, 6476, 6591]","[665, 854, 1305, 1651, 2702, 3701, 3962, 4925, 5134]","[104, 680, 878, 1439, 1846, 2004, 2085, 2156, 2407, 3262, 3378, 3509, 3526, 3696, 4028, 4033, 4134, 4138, 4663, 4793, 6030, 6048, 6320, 6476, 6591]","[665, 854, 1305, 1651, 2702, 3701, 3962, 4925, 5134]",6633,34,6599,9,25,6599,0
3.5,MMDNAASFA,"[542, 855, 859, 918, 1241, 1497, 1576, 1823, 2135, 2357, 2406, 3306, 3517, 3558, 3682, 4306]","[855, 1241, 1576, 1823, 2135, 2357]","[542, 859, 918, 1497, 2406, 3306, 3517, 3558, 3682, 4306]","[855, 1241, 1576, 1823, 2135, 2357, 2695]",4311,16,4295,6,10,4294,1
3.5,MMEZGL,"[54, 106, 589, 613, 621, 637, 715, 802, 910, 1167, 1191, 1276, 1599, 1625]","[589, 1599]","[54, 106, 613, 621, 637, 715, 802, 910, 1167, 1191, 1276, 1625]","[589, 1599]",1947,14,1933,2,12,1933,0
3.5,MMG37,"[87, 213, 265, 332, 336, 348, 381, 414, 489, 788, 1049, 1303, 1700, 1901, 2119, 2363, 2570, 2771, 2788]","[332, 788, 1303, 2119, 2363, 2570]","[87, 213, 265, 336, 348, 381, 414, 489, 1049, 1700, 1901, 2771, 2788]","[332, 788, 1303, 2119, 2363, 2570]",3066,19,3047,6,13,3047,0
3.5,MMGBCRYA,"[165, 169, 188, 332, 671, 1003, 1412, 1416, 1718, 1754, 2175, 2261, 2662]","[671, 1003]","[165, 169, 188, 332, 1412, 1416, 1718, 1754, 2175, 2261, 2662]","[671, 1003]",2655,13,2642,2,11,2642,0
3.5,MMGCCRYA,"[721, 1056, 1430, 1473, 1478, 1687, 1716, 1790, 1807, 2488, 2650, 2655]","[721, 1056]","[1430, 1473, 1478, 1687, 1716, 1790, 1807, 2488, 2650, 2655]","[721, 1056]",2885,12,2873,2,10,2873,0
3.5,MMGFAPD,"[108, 713, 976, 1035, 1175, 1298, 1624, 1901, 2277, 2449, 2760, 2995, 3351, 3473, 3660, 3711, 4335, 4868, 4874, 5245, 5452, 7117, 7192, 7253, 7498, 7605, 7877, 7902, 7907, 8227, 8409, 8598, 8630, 9093, 9301, 9788]","[713, 1624, 1901, 2995, 4335, 5452, 7907]","[108, 976, 1035, 1175, 1298, 2277, 2449, 2760, 3351, 3473, 3660, 3711, 4868, 4874, 5245, 7117, 7192, 7253, 7498, 7605, 7877, 7902, 8227, 8409, 8598, 8630, 9093, 9301, 9788]","[713, 1624, 1901, 2995, 3906, 4335, 5452, 7907]",9964,36,9928,7,29,9927,1
3.5,MMGGLINE,"[204, 279, 441, 1465, 1487, 1787, 2076, 2250, 2288, 2520, 2587, 2634, 2730, 3162, 3212, 3236, 3439, 3811, 3948, 4417, 4429, 4790, 4813, 4824, 4883, 4949, 5098, 5624, 6352, 6374, 6664, 6955, 7129, 7167, 7399, 7466, 7513, 7609, 8041, 8091, 8314, 8852, 9096, 9162, 9179, 9263, 9360, 9567, 9578, 9641, 9714, 9849, 10407, 10420, 10978, 10982, 11052]","[7167, 7513]","[204, 279, 441, 1465, 1487, 1787, 2076, 2250, 2288, 2520, 2587, 2634, 2730, 3162, 3212, 3236, 3439, 3811, 3948, 4417, 4429, 4790, 4813, 4824, 4883, 4949, 5098, 5624, 6352, 6374, 6664, 6955, 7129, 7399, 7466, 7609, 8041, 8091, 8314, 8852, 9096, 9162, 9179, 9263, 9360, 9567, 9578, 9641, 9714, 9849, 10407, 10420, 10978, 10982, 11052]","[7167, 7513]",11279,57,11222,2,55,11222,0
3.5,MMGK5,"[244, 695, 1690, 1805, 1809, 1890, 2626, 2768, 2825, 2845, 2850, 2986, 3239, 3269, 3287, 3525]","[695, 1805, 2825]","[244, 1690, 1809, 1890, 2626, 2768, 2845, 2850, 2986, 3239, 3269, 3287, 3525]","[695, 1805, 2595, 2825]",3603,16,3587,3,13,3586,1
3.5,MMH2D4Q5,"[159, 345, 644, 1055]","[159, 644]","[345, 1055]","[159, 644]",1101,4,1097,2,2,1097,0
3.5,MMHOX13,"[325, 369, 492, 800, 1037, 1135, 1147, 1440, 1455, 1570, 1647, 1651, 1716, 2076, 2407, 2504, 2583, 2658, 2798]",[800],"[325, 369, 492, 1037, 1135, 1147, 1440, 1455, 1570, 1647, 1651, 1716, 2076, 2407, 2504, 2583, 2658, 2798]",[800],2828,19,2809,1,18,2809,0
3.5,MMHOX24I,"[50, 72, 705, 837, 896, 1160, 1264, 1719]",[837],"[50, 72, 705, 896, 1160, 1264, 1719]",[837],1916,8,1908,1,7,1908,0
3.5,MMIL1BG,"[3, 121, 572, 1099, 1356, 1532, 1567, 1803, 1807, 1938, 2470, 3222, 3239, 3249, 3333, 3680, 4271, 4398, 4844, 4988, 5080, 5679, 6172, 6670]","[1356, 1938, 3680, 4398, 5679]","[3, 121, 572, 1099, 1532, 1567, 1803, 1807, 2470, 3222, 3239, 3249, 3333, 4271, 4844, 4988, 5080, 6172, 6670]","[1356, 1938, 3680, 4398, 5679]",7093,24,7069,5,19,7069,0
3.5,MMIL3G,"[129, 188, 469, 686, 745, 824, 1326, 1913, 2090, 2583]","[686, 824, 1913, 2090]","[129, 188, 469, 745, 1326, 2583]","[686, 824, 1913, 2090]",3483,10,3473,4,6,3473,0
3.5,MMIL5G,"[21, 151, 218, 731, 818, 980, 1473, 1593, 1625, 1842, 1971, 2262, 2448, 2637, 2641, 2645, 2649, 2653, 2657, 2661, 2708, 2874, 3418, 3597, 4702, 4774, 4806, 4899, 4929, 5051, 5303, 5318, 5441, 5742, 6478, 6608]","[731, 1593, 3597]","[21, 151, 218, 818, 980, 1473, 1625, 1842, 1971, 2262, 2448, 2637, 2641, 2645, 2649, 2653, 2657, 2661, 2708, 2874, 3418, 4702, 4774, 4806, 4899, 4929, 5051, 5303, 5318, 5441, 5742, 6478, 6608]","[731, 1593, 3597]",6720,36,6684,3,33,6684,0
3.5,MMKFGF,"[147, 493, 542, 566, 693, 976, 1045, 1086, 1254, 1259, 1337, 1556, 1574, 1624, 2012, 2079, 2322, 2484, 2561, 2886, 3185, 3456]","[542, 1045]","[147, 493, 566, 693, 976, 1086, 1254, 1259, 1337, 1556, 1574, 1624, 2012, 2079, 2322, 2484, 2561, 2886, 3185, 3456]","[542, 1045]",3982,22,3960,2,20,3960,0
3.5,MMLDHAG,"[105, 571, 1012, 1180, 1378, 1782, 1906, 2096, 2132, 2186, 2429, 2616, 2774, 2825, 2978, 3291, 3295, 3670, 4167, 4226, 4377, 4577, 4824, 4966, 5138, 5333, 5919, 6038, 6042, 6123, 7171, 7208, 7224, 7338, 7668, 7776, 7780, 7959, 7963, 8206, 8280, 8315, 8319, 8327, 8336, 8380, 8402, 8414, 8597, 8833, 8981, 9652, 9818, 9999, 10037, 10447, 10503, 10590, 10704, 10855, 11308, 11532, 11655, 11977, 12060, 12148, 12155, 12262, 12598]","[4577, 5919, 7171, 7668, 8597, 10704]","[105, 571, 1012, 1180, 1378, 1782, 1906, 2096, 2132, 2186, 2429, 2616, 2774, 2825, 2978, 3291, 3295, 3670, 4167, 4226, 4377, 4824, 4966, 5138, 5333, 6038, 6042, 6123, 7208, 7224, 7338, 7776, 7780, 7959, 7963, 8206, 8280, 8315, 8319, 8327, 8336, 8380, 8402, 8414, 8833, 8981, 9652, 9818, 9999, 10037, 10447, 10503, 10590, 10855, 11308, 11532, 11655, 11977, 12060, 12148, 12155, 12262, 12598]","[4577, 5919, 7171, 7668, 8597, 10704]",12844,69,12775,6,63,12775,0
3.5,MMMMP9A,"[11, 70, 880, 1476, 1600, 1631, 1734, 1890, 1949, 2008, 2375, 2550, 2781, 2849, 3064, 3222, 3230, 3359, 3418, 3808, 3945, 4206, 4321, 4478, 4492, 4851, 4864, 5301, 5695, 5708, 5716, 6087, 6282, 6356, 6564, 7049, 7374, 7752, 7770, 7791, 7954]","[2008, 2375, 2781, 3064, 3418, 3945, 4206, 5695, 6356, 6564]","[11, 70, 880, 1476, 1600, 1631, 1734, 1890, 1949, 2550, 2849, 3222, 3230, 3359, 3808, 4321, 4478, 4492, 4851, 4864, 5301, 5708, 5716, 6087, 6282, 7049, 7374, 7752, 7770, 7791, 7954]","[1341, 2008, 2375, 2781, 3064, 3418, 3945, 4206, 5695, 5936, 6356, 6564]",8183,41,8142,10,31,8140,2
3.5,MMMRPS24,"[40, 266, 353, 404, 645, 670, 836, 959, 1106, 1132, 1196, 1460, 1761, 1765, 1994, 2206, 2253, 2406, 2571, 2669, 2683, 2928, 2987, 3095, 3137, 3192, 3263, 3713, 3934, 3938, 4371, 4375, 4905, 4917, 4969, 5070, 5091, 5435]","[404, 1460, 1761, 3137]","[40, 266, 353, 645, 670, 836, 959, 1106, 1132, 1196, 1765, 1994, 2206, 2253, 2406, 2571, 2669, 2683, 2928, 2987, 3095, 3192, 3263, 3713, 3934, 3938, 4371, 4375, 4905, 4917, 4969, 5070, 5091, 5435]","[404, 1460, 1761, 3137]",5492,38,5454,4,34,5454,0
3.5,MMMTIX,"[402, 706, 758, 951, 1355, 1515]","[402, 951]","[706, 758, 1355, 1515]","[402, 951]",1553,6,1547,2,4,1547,0
3.5,MMMUPBS6,"[449, 731, 792, 861, 1203, 1207, 1246, 1298, 1451, 1614, 1901, 2045, 2425, 2793, 3185, 3236, 3445, 4527]","[731, 1203, 2045, 2793, 3236]","[449, 792, 861, 1207, 1246, 1298, 1451, 1614, 1901, 2425, 3185, 3445, 4527]","[731, 1203, 2045, 2793, 3236]",4615,18,4597,5,13,4597,0
3.5,MMMYCL,"[270, 580, 806, 919, 1615, 1787, 1951, 1955, 2042, 2419, 2554, 2785, 3292, 3810, 4161, 4613, 4617, 4673, 4744, 4970, 5883, 6468, 6484, 6619, 6752, 7436, 7477, 7560, 7565, 8161]",[1787],"[270, 580, 806, 919, 1615, 1951, 1955, 2042, 2419, 2554, 2785, 3292, 3810, 4161, 4613, 4617, 4673, 4744, 4970, 5883, 6468, 6484, 6619, 6752, 7436, 7477, 7560, 7565, 8161]",[1787],8309,30,8279,1,29,8279,0
3.5,MMNFMG,"[50, 59, 97, 120, 352, 421, 638, 1223, 1553, 1634, 1791, 2336, 2340, 2540, 2878, 3175, 3339, 3452, 3597, 3793, 4040, 4409, 4448, 4619, 4753, 4777, 4798, 4804, 4855, 4886, 5044]","[1634, 2540]","[50, 59, 97, 120, 352, 421, 638, 1223, 1553, 1791, 2336, 2340, 2878, 3175, 3339, 3452, 3597, 3793, 4040, 4409, 4448, 4619, 4753, 4777, 4798, 4804, 4855, 4886, 5044]","[1634, 2540]",5464,31,5433,2,29,5433,0
3.5,MMNMYC,"[749, 869, 970, 1163, 1210, 1355, 1584, 1609, 1732, 2053, 3124, 3257, 3278, 3549, 3611, 3661, 3902, 4261]",[1163],"[749, 869, 970, 1210, 1355, 1584, 1609, 1732, 2053, 3124, 3257, 3278, 3549, 3611, 3661, 3902, 4261]",[1163],4800,18,4782,1,17,4782,0
3.5,MMNUCLEO,"[184, 540, 622, 665, 669, 784, 863, 926, 1033, 1160, 1911, 1932, 2027, 2042, 2311, 2423, 2563, 2680, 2859, 3040, 3141, 3456, 3984, 4071, 4293, 4464, 4694, 4729, 4879, 5198, 5351, 5605, 5879, 6230, 6234, 6399, 6530, 6879, 7043, 7203, 7215, 7705, 8122, 8304, 8534, 8614, 8794, 8928, 9050, 9387, 9557, 9572, 9781, 9881, 10179, 10325, 10436, 10506, 10551, 10946, 11016]","[2042, 3141, 4293, 4694, 4879, 5198, 6230, 8122, 9050, 9881, 10436]","[184, 540, 622, 665, 669, 784, 863, 926, 1033, 1160, 1911, 1932, 2027, 2311, 2423, 2563, 2680, 2859, 3040, 3456, 3984, 4071, 4464, 4729, 5351, 5605, 5879, 6234, 6399, 6530, 6879, 7043, 7203, 7215, 7705, 8304, 8534, 8614, 8794, 8928, 9387, 9557, 9572, 9781, 10179, 10325, 10506, 10551, 10946, 11016]","[2042, 3141, 4293, 4694, 4879, 5198, 6230, 7517, 8122, 8738, 9050, 9881, 10436]",11471,61,11410,11,50,11408,2
3.5,MMODC2,"[124, 331, 335, 737, 1053, 1239, 1369, 1374, 1557, 1801, 1892, 2073, 2399, 2508, 2523, 2702, 2728, 2999, 3003, 3130, 3433, 4219]","[331, 737, 1053, 1374, 1557, 1801, 2508, 2702, 2999]","[124, 335, 1239, 1369, 1892, 2073, 2399, 2523, 2728, 3003, 3130, 3433, 4219]","[331, 737, 1053, 1374, 1557, 1801, 2508, 2702, 2999]",4253,22,4231,9,13,4231,0
3.5,MMOESTEOP,"[510, 993, 1091, 1127, 1662, 1666, 1800, 2283, 2605, 2609, 2742, 2821, 4039, 4101, 4448, 4452, 4834, 5104, 5120, 5290, 5308, 5456, 5607]","[993, 1127, 2283, 2821, 4101]","[510, 1091, 1662, 1666, 1800, 2605, 2609, 2742, 4039, 4448, 4452, 4834, 5104, 5120, 5290, 5308, 5456, 5607]","[993, 1127, 2283, 2821, 4101]",5775,23,5752,5,18,5752,0
3.5,MMPO,"[324, 475, 561, 825, 857, 1637, 1686, 1709, 1716, 1800, 1950, 2193, 2232, 2446, 2553, 2860, 2948, 3054, 3336, 3503, 3719, 3728, 3749, 4385, 4769, 4831, 4835, 5261, 5312, 5575, 5641, 5673, 6010, 6250, 6384, 6478, 6509, 6525, 6555, 6582, 6624, 6637, 6664, 6672, 6805, 6833, 6901, 6911, 6982, 7167, 7712, 7842, 8043, 8109, 8440, 8907, 9079, 9244, 9454, 9464, 9476, 9716, 9809, 9903, 9938, 10001, 10055, 10756, 10894, 10983, 11076, 11636, 11901]","[2193, 2446, 2948, 3503, 3728, 4769, 7167, 8440, 8907, 9903]","[324, 475, 561, 825, 857, 1637, 1686, 1709, 1716, 1800, 1950, 2232, 2553, 2860, 3054, 3336, 3719, 3749, 4385, 4831, 4835, 5261, 5312, 5575, 5641, 5673, 6010, 6250, 6384, 6478, 6509, 6525, 6555, 6582, 6624, 6637, 6664, 6672, 6805, 6833, 6901, 6911, 6982, 7712, 7842, 8043, 8109, 9079, 9244, 9454, 9464, 9476, 9716, 9809, 9938, 10001, 10055, 10756, 10894, 10983, 11076, 11636, 11901]","[2193, 2446, 2948, 3503, 3728, 4018, 4769, 7167, 8440, 8907, 9903]",11906,73,11833,10,63,11832,1
3.5,MMPPSOMA,"[124, 251, 411, 447, 562, 608, 706, 722, 1034, 1208, 1248, 2049, 2196, 2491]",[1034],"[124, 251, 411, 447, 562, 608, 706, 722, 1208, 1248, 2049, 2196, 2491]",[1034],2557,14,2543,1,13,2543,0
3.5,MMPROP2,"[416, 631]",[],"[416, 631]",[289],713,2,711,0,2,710,1
3.5,MMPROT1,"[312, 478, 759, 797, 937, 1094]",[759],"[312, 478, 797, 937, 1094]",[759],1179,6,1173,1,5,1173,0
3.5,MMPROT2,"[311, 361, 508, 615, 658, 880, 915, 987, 1128, 1218, 1357, 1469]",[1218],"[311, 361, 508, 615, 658, 880, 915, 987, 1128, 1357, 1469]",[1218],1569,12,1557,1,11,1557,0
3.5,MMSAP,"[441, 794, 1550, 1558]",[441],"[794, 1550, 1558]",[441],1869,4,1865,1,3,1865,0
3.5,MMSCIMIP,"[415, 578, 600, 1017, 1054, 1153, 1946]","[415, 1017]","[578, 600, 1054, 1153, 1946]","[415, 1017]",1981,7,1974,2,5,1974,0
3.5,MMSYNDE1A,"[190, 526, 762, 816, 1054, 1345, 1483, 1992, 2151, 2289, 2623, 3132, 3556, 3570, 3706, 3831, 4124, 4826, 4867, 5018, 5043, 5366, 5616, 5772, 5923, 6256, 6275, 6622, 6741, 6769, 6996, 7075, 7622, 7683, 7733, 7805, 7828, 7931, 8043, 8056, 8412, 8442, 8765, 9076, 9182, 9320, 9666, 9867, 9919, 10045, 10122, 10340, 10903, 11397, 11495, 11583, 11858, 11900, 11930, 12132, 12407, 12515, 12803, 12879, 13095, 13180, 13426, 13528, 13599, 13646, 13723, 13851, 14080, 14113, 14178, 14182, 14254, 14348, 14623, 14634, 14690, 14704, 14812, 14843, 14948, 15081, 15172, 15203, 15299, 15499, 15641, 15674, 15696, 15704, 15845, 15929, 15955, 16427, 16639, 16744, 16770, 17246, 17281, 17647, 17663, 17701, 17717, 18655, 18754, 18837, 19009, 19057, 19286, 19349, 19424, 19440, 19542, 19546, 19726, 19767, 20385, 20460, 20515, 20604, 20657, 20735, 20942, 21008, 21888, 22081, 22120, 22488, 22707, 22802, 23203]","[1345, 19009, 20385, 20942]","[190, 526, 762, 816, 1054, 1483, 1992, 2151, 2289, 2623, 3132, 3556, 3570, 3706, 3831, 4124, 4826, 4867, 5018, 5043, 5366, 5616, 5772, 5923, 6256, 6275, 6622, 6741, 6769, 6996, 7075, 7622, 7683, 7733, 7805, 7828, 7931, 8043, 8056, 8412, 8442, 8765, 9076, 9182, 9320, 9666, 9867, 9919, 10045, 10122, 10340, 10903, 11397, 11495, 11583, 11858, 11900, 11930, 12132, 12407, 12515, 12803, 12879, 13095, 13180, 13426, 13528, 13599, 13646, 13723, 13851, 14080, 14113, 14178, 14182, 14254, 14348, 14623, 14634, 14690, 14704, 14812, 14843, 14948, 15081, 15172, 15203, 15299, 15499, 15641, 15674, 15696, 15704, 15845, 15929, 15955, 16427, 16639, 16744, 16770, 17246, 17281, 17647, 17663, 17701, 17717, 18655, 18754, 18837, 19057, 19286, 19349, 19424, 19440, 19542, 19546, 19726, 19767, 20460, 20515, 20604, 20657, 20735, 21008, 21888, 22081, 22120, 22488, 22707, 22802, 23203]","[1345, 19009, 20385, 20942]",23593,135,23458,4,131,23458,0
3.5,MMTHY1G,"[80, 183, 616, 696, 1009, 1043, 1156, 1586, 1833, 1837, 2174, 2181]","[80, 1009]","[183, 616, 696, 1043, 1156, 1586, 1833, 1837, 2174, 2181]","[80, 1009]",2683,12,2671,2,10,2671,0
3.5,MMTLAC,"[140, 299, 494, 748, 912, 925, 1171, 1335, 2858, 2874, 3092, 3338, 3509, 3836, 4297, 4373, 4591, 4774, 4783, 5339]","[299, 748, 1171, 3092, 3338]","[140, 494, 912, 925, 1335, 2858, 2874, 3509, 3836, 4297, 4373, 4591, 4774, 4783, 5339]","[299, 748, 1171, 3092, 3338]",5250,20,5230,5,15,5230,0
3.5,MMTNFBG,"[315, 524, 734, 813, 1196, 1553, 1558, 1728, 2415, 2419, 2456]",[1728],"[315, 524, 734, 813, 1196, 1553, 1558, 2415, 2419, 2456]","[1728, 1911]",3212,11,3201,1,10,3200,1
3.5,MMTROPIB,"[183, 261, 656, 1261, 1274, 1276, 1307, 1568, 1697, 1744, 1749, 1832, 1932, 1939, 1956, 2033, 2038, 2185, 2274, 2421, 2522, 2656, 3037, 3564, 3690, 4269, 4493, 4580, 4604, 4620, 4748, 4865, 4950, 5379, 5561]","[1697, 1932, 2185, 2656, 3037, 3564, 4604]","[183, 261, 656, 1261, 1274, 1276, 1307, 1568, 1744, 1749, 1832, 1939, 1956, 2033, 2038, 2274, 2421, 2522, 3690, 4269, 4493, 4580, 4620, 4748, 4865, 4950, 5379, 5561]","[1697, 1932, 2185, 2656, 3037, 3564, 4604]",5684,35,5649,7,28,5649,0
3.5,MMTUM198,"[120, 347, 709, 1084, 1729, 1750, 1849, 1954, 1986, 1990, 1994, 2808, 2818, 2899, 3098, 3313, 3338, 3587, 3818, 4087, 4180, 4220]","[2818, 3098, 3313, 3587, 3818, 4180]","[120, 347, 709, 1084, 1729, 1750, 1849, 1954, 1986, 1990, 1994, 2808, 2899, 3338, 4087, 4220]","[1692, 2818, 3098, 3313, 3587, 3818, 4180]",4377,22,4355,6,16,4354,1
3.5,MMU01530,"[76, 358, 636, 891, 924, 1080, 1164, 1180, 1357, 1458, 1576, 1589, 1903, 2027, 2244, 2269, 2298, 2581, 3094, 3188, 3231, 3729, 3803, 3939, 4167, 4412, 4904, 5405, 5602, 5885, 6029, 6039, 6229, 6394, 6423, 6546]","[3094, 3231]","[76, 358, 636, 891, 924, 1080, 1164, 1180, 1357, 1458, 1576, 1589, 1903, 2027, 2244, 2269, 2298, 2581, 3188, 3729, 3803, 3939, 4167, 4412, 4904, 5405, 5602, 5885, 6029, 6039, 6229, 6394, 6423, 6546]","[3094, 3231]",6700,36,6664,2,34,6664,0
3.5,MMU02278,"[75, 342, 1041, 1135, 1638, 1858, 2159, 2312, 2344, 3100, 3368, 3433, 3669, 3873, 3967]",[1638],"[75, 342, 1041, 1135, 1858, 2159, 2312, 2344, 3100, 3368, 3433, 3669, 3873, 3967]",[1638],3974,15,3959,1,14,3959,0
3.5,MMU02298,"[475, 603, 1180, 1508, 1639, 2102, 2413, 2874, 3047, 3116, 3120, 3893, 3911, 3920, 4270, 4343, 4351, 4749, 4794, 4897, 5502, 5550]","[1180, 2413]","[475, 603, 1508, 1639, 2102, 2874, 3047, 3116, 3120, 3893, 3911, 3920, 4270, 4343, 4351, 4749, 4794, 4897, 5502, 5550]","[1180, 2413]",5852,22,5830,2,20,5830,0
3.5,MMU02884,"[214, 220, 512, 668, 814, 875, 1025, 1150, 1576, 1630, 1761, 1934, 2107, 2340, 2382, 2441, 2484, 3386, 3665, 3669, 3865, 4056, 4798, 5071, 5217, 5244, 5291, 5517, 5806, 6022, 6026, 6642, 6836, 7309, 7527, 7562, 7567, 7708, 7866, 7973, 8171, 8590, 8612]","[1630, 5244, 6836]","[214, 220, 512, 668, 814, 875, 1025, 1150, 1576, 1761, 1934, 2107, 2340, 2382, 2441, 2484, 3386, 3665, 3669, 3865, 4056, 4798, 5071, 5217, 5291, 5517, 5806, 6022, 6026, 6642, 7309, 7527, 7562, 7567, 7708, 7866, 7973, 8171, 8590, 8612]","[1630, 5244, 6836]",8758,43,8715,3,40,8715,0
3.5,MMU04056,"[186, 231, 321, 901, 1227, 1326, 1331, 1382, 1450, 1461, 1465, 1472, 1502, 1513, 1644, 1857, 1865, 2046, 2135, 2183, 2377, 2490, 2509, 2667, 2711, 2747, 2902, 2906, 2960, 3291, 3530, 4688, 5218, 5459, 5594, 6264, 6477, 7111, 7544, 7683, 7710, 7979, 8501, 8633, 8664, 8680, 8732, 8895, 9012, 9517, 9807, 10288, 10317, 10794, 10876, 10998, 11259, 11441, 11797, 12088, 12211, 12804, 13211, 13933, 14104, 14226, 14478, 14615, 14896, 15214, 15270, 15417, 15506, 15545, 15620, 15870, 15971, 15993, 15997, 16157, 16230, 16348, 16561, 16710, 16734, 16843, 16986, 16994, 17245, 17992, 18100, 19830, 19860, 20025, 20066, 20243, 20314, 20501, 20602, 20633, 20804, 20937, 21185, 21351, 21392, 21514, 21625, 21633]","[1382, 3530, 4688, 7979, 8895, 10317, 10876, 11259, 12211, 16230, 16561]","[186, 231, 321, 901, 1227, 1326, 1331, 1450, 1461, 1465, 1472, 1502, 1513, 1644, 1857, 1865, 2046, 2135, 2183, 2377, 2490, 2509, 2667, 2711, 2747, 2902, 2906, 2960, 3291, 5218, 5459, 5594, 6264, 6477, 7111, 7544, 7683, 7710, 8501, 8633, 8664, 8680, 8732, 9012, 9517, 9807, 10288, 10794, 10998, 11441, 11797, 12088, 12804, 13211, 13933, 14104, 14226, 14478, 14615, 14896, 15214, 15270, 15417, 15506, 15545, 15620, 15870, 15971, 15993, 15997, 16157, 16348, 16710, 16734, 16843, 16986, 16994, 17245, 17992, 18100, 19830, 19860, 20025, 20066, 20243, 20314, 20501, 20602, 20633, 20804, 20937, 21185, 21351, 21392, 21514, 21625, 21633]","[1382, 3530, 4688, 7979, 8895, 10317, 10876, 11259, 12211, 13491, 16230, 16561]",21711,108,21603,11,97,21602,1
3.5,MMU04827,"[105, 1299, 1649, 2179, 2246, 2280, 2512, 2767, 2828, 3095, 3551, 3555, 3684, 3688, 3933, 4276, 4281, 4301, 4969, 5286, 5444, 5675, 6145, 6692, 7133, 7252, 7369, 7579, 7592]","[3684, 4281, 4969]","[105, 1299, 1649, 2179, 2246, 2280, 2512, 2767, 2828, 3095, 3551, 3555, 3688, 3933, 4276, 4301, 5286, 5444, 5675, 6145, 6692, 7133, 7252, 7369, 7579, 7592]","[3684, 4281, 4969]",7601,29,7572,3,26,7572,0
3.5,MMU07568,"[84, 267, 482, 527]","[84, 267, 482]",[527],"[84, 267, 482]",744,4,740,3,1,740,0
3.5,MMU07808,"[61, 183, 404, 542, 547, 664, 673, 677, 987, 1019, 1087, 1179, 1208, 1697, 1762, 1918, 2384]","[673, 1697]","[61, 183, 404, 542, 547, 664, 677, 987, 1019, 1087, 1179, 1208, 1762, 1918, 2384]","[673, 1697]",2841,17,2824,2,15,2824,0
3.5,MMU09741,"[245, 1076, 1094, 1230, 1293, 1655, 2034]","[245, 1230]","[1076, 1094, 1293, 1655, 2034]","[245, 1230]",2845,7,2838,2,5,2838,0
3.5,MMU09964,"[26, 30, 45, 49, 126, 157, 321, 375, 433, 510, 803, 857, 917, 1295, 1299, 1305, 1968, 2317, 2375, 2490, 2671, 2680, 2693, 2697, 2970, 3136, 3428, 3432, 3448, 3779, 3796, 3933, 4126, 4303, 4607, 4657, 5091, 5146, 5211, 5375, 5697, 5708, 5726, 5730, 5747, 5754, 5793, 5816, 5820, 5824, 5828, 5832, 5836, 5840, 5844, 5977, 6240, 6447, 6524, 6741, 6890, 7044, 7168, 7434, 7525, 7667, 7760, 7764, 7962, 8162, 8455, 8460, 8601, 9017, 9311, 9898, 9930, 9952, 9980, 10001, 10363, 10372, 10378, 10429, 10875, 10991, 11127, 11246]","[1968, 3428, 4303, 4607, 7962, 8162, 8601, 9017, 9311, 10875]","[26, 30, 45, 49, 126, 157, 321, 375, 433, 510, 803, 857, 917, 1295, 1299, 1305, 2317, 2375, 2490, 2671, 2680, 2693, 2697, 2970, 3136, 3432, 3448, 3779, 3796, 3933, 4126, 4657, 5091, 5146, 5211, 5375, 5697, 5708, 5726, 5730, 5747, 5754, 5793, 5816, 5820, 5824, 5828, 5832, 5836, 5840, 5844, 5977, 6240, 6447, 6524, 6741, 6890, 7044, 7168, 7434, 7525, 7667, 7760, 7764, 8455, 8460, 9898, 9930, 9952, 9980, 10001, 10363, 10372, 10378, 10429, 10991, 11127, 11246]","[1968, 3428, 4303, 4607, 7962, 8162, 8601, 9017, 9311, 10875]",11455,88,11367,10,78,11367,0
3.5,MMU10098,"[593, 695, 1098, 1155, 1165, 1173, 1425, 1436, 1624, 1628, 1632, 2158, 2957, 3145, 3270, 3312, 3509, 3513, 3596, 5292, 5565, 5593, 5609, 5695, 5812]","[1173, 3509]","[593, 695, 1098, 1155, 1165, 1425, 1436, 1624, 1628, 1632, 2158, 2957, 3145, 3270, 3312, 3513, 3596, 5292, 5565, 5593, 5609, 5695, 5812]","[1173, 3509]",6118,25,6093,2,23,6093,0
3.5,MMU11054,"[185, 204, 383, 457, 1833, 1996, 2250, 2515]","[457, 1996]","[185, 204, 383, 1833, 2250, 2515]","[457, 1418, 1996]",2565,8,2557,2,6,2556,1
3.5,MMU11713,"[250, 288, 520, 587, 634, 1270, 1341, 1365]","[288, 634]","[250, 520, 587, 1270, 1341, 1365]","[288, 634]",1760,8,1752,2,6,1752,0
3.5,MMU12029,"[17, 51, 297, 342, 381, 582, 879, 1264, 1309, 1385, 1410, 1897, 2030, 2082]","[582, 1264]","[17, 51, 297, 342, 381, 879, 1309, 1385, 1410, 1897, 2030, 2082]","[582, 1264]",2256,14,2242,2,12,2242,0
3.5,MMU12273,"[38, 247, 358, 384, 389, 680, 769, 915, 1085, 1434, 1550, 1740, 1940]","[680, 1085, 1740]","[38, 247, 358, 384, 389, 769, 915, 1434, 1550, 1940]","[680, 1085, 1740]",2576,13,2563,3,10,2563,0
3.5,MMU12559,"[62, 247, 822]",[247],"[62, 822]",[247],919,3,916,1,2,916,0
3.5,MMU12560,"[62, 247, 257]",[247],"[62, 257]",[247],921,3,918,1,2,918,0
3.5,MMU12561,"[62, 247, 384, 420, 820]",[247],"[62, 384, 420, 820]",[247],917,5,912,1,4,912,0
3.5,MMU12562,"[62, 247]",[247],[62],[247],919,2,917,1,1,917,0
3.5,MMU12565,"[62, 247, 396, 630, 866]",[247],"[62, 396, 630, 866]",[247],1044,5,1039,1,4,1039,0
3.5,MMU13921,"[10, 162, 289, 329, 820, 856, 952, 1034, 1607, 1862, 1867, 2003, 2197, 2354, 2693, 3036, 3132, 3241, 3401, 3525, 3990, 4034, 4226]","[952, 2003, 2354, 2693, 3241, 3990]","[10, 162, 289, 329, 820, 856, 1034, 1607, 1862, 1867, 2197, 3036, 3132, 3401, 3525, 4034, 4226]","[952, 2003, 2354, 2693, 2930, 3241, 3990]",4671,23,4648,6,17,4647,1
3.5,MMU14421,"[255, 511, 1089, 1183, 1322, 1867, 1887, 1952, 2041, 2454, 3681, 3788, 3799, 3848, 3861, 3867, 3920, 4195, 4470, 4506, 4528, 4560, 4613, 4941, 5034, 5599, 5864, 5941, 6026]",[],"[255, 511, 1089, 1183, 1322, 1867, 1887, 1952, 2041, 2454, 3681, 3788, 3799, 3848, 3861, 3867, 3920, 4195, 4470, 4506, 4528, 4560, 4613, 4941, 5034, 5599, 5864, 5941, 6026]","[3668, 4237, 4502, 4814]",6255,29,6226,0,29,6222,4
3.5,MMVITRO,"[8, 14, 689, 725, 788, 1025, 1263, 1425, 1845, 1861, 1892, 2054, 2071, 2249, 2474, 2585, 2693, 2718, 2783, 2826, 3279, 3703, 3733, 3755, 3812, 3816, 3820, 3855, 3859, 3863, 4355, 4941, 4985, 4996]","[1845, 2054, 2474, 2693, 3279, 4355]","[8, 14, 689, 725, 788, 1025, 1263, 1425, 1861, 1892, 2071, 2249, 2585, 2718, 2783, 2826, 3703, 3733, 3755, 3812, 3816, 3820, 3855, 3859, 3863, 4941, 4985, 4996]","[1845, 2054, 2474, 2693, 3017, 3279, 4355]",4997,34,4963,6,28,4962,1
3.5,MMVPREB2,"[172, 214, 379, 908, 930]",[379],"[172, 214, 908, 930]",[379],1046,5,1041,1,4,1041,0
3.5,MMVPREB3,"[172, 214, 379, 908]",[379],"[172, 214, 908]",[379],1046,4,1042,1,3,1042,0
3.5,MNKEGLOBIM,"[221, 237, 469, 536, 583, 1060, 1184, 1196, 1264, 1465]","[237, 583]","[221, 469, 536, 1060, 1184, 1196, 1264, 1465]","[237, 583]",1694,10,1684,2,8,1684,0
3.5,MNKEGLOBIN,"[221, 237, 469, 536, 583, 1058, 1182, 1194, 1262, 1463]","[237, 583]","[221, 469, 536, 1058, 1182, 1194, 1262, 1463]","[237, 583]",1692,10,1682,2,8,1682,0
3.5,MNKHGBGGAG,"[75, 92, 249, 287, 519, 586, 633, 1064, 1123, 1127, 1282, 1338, 1342, 1485]","[287, 633]","[75, 92, 249, 519, 586, 1064, 1123, 1127, 1282, 1338, 1342, 1485]","[287, 633]",1698,14,1684,2,12,1684,0
3.5,MNPROP2,[620],[],[620],[278],697,1,696,0,1,695,1
3.5,MUS8HS20,"[257, 271, 280, 329, 503, 545, 638, 866, 940, 962, 1015, 1360, 1388, 1625, 2133, 2530, 2562]",[940],"[257, 271, 280, 329, 503, 545, 638, 866, 962, 1015, 1360, 1388, 1625, 2133, 2530, 2562]",[940],2623,17,2606,1,16,2606,0
3.5,MUSAP,"[34, 110, 443, 499, 810, 814, 931, 1012, 1815, 2291, 2551, 2617, 2656, 2686, 2766, 2868, 3186, 3190, 3264, 3574, 3815, 3844, 3950, 4034, 4160, 4509, 4539, 4740, 4780, 4927, 4971, 5211, 5230, 5290, 5369, 5529, 5547, 5619, 5952, 6013, 6067, 6071, 6406, 6494, 6554, 6709, 6929, 7201, 7890, 8019]","[3574, 3815, 4034, 4509, 4740, 4971, 5290, 5619, 5952, 6406, 6709]","[34, 110, 443, 499, 810, 814, 931, 1012, 1815, 2291, 2551, 2617, 2656, 2686, 2766, 2868, 3186, 3190, 3264, 3844, 3950, 4160, 4539, 4780, 4927, 5211, 5230, 5369, 5529, 5547, 6013, 6067, 6071, 6494, 6554, 6929, 7201, 7890, 8019]","[3574, 3815, 4034, 4509, 4740, 4971, 5290, 5619, 5952, 6406, 6709]",8087,50,8037,11,39,8037,0
3.5,MUSAP5A,"[259, 354, 551, 651, 697, 786, 853, 920, 924, 958, 1315, 1696, 1768, 1853, 1889, 2064, 2222, 2428, 2454, 2463, 2681, 2759, 2842, 3332, 3355, 3527, 3744, 3752, 3852, 4614, 4657, 4709, 5226, 5253, 5266, 5400, 5487, 5825, 6195, 6254, 6668, 6685, 6816]","[2428, 2759, 4614]","[259, 354, 551, 651, 697, 786, 853, 920, 924, 958, 1315, 1696, 1768, 1853, 1889, 2064, 2222, 2454, 2463, 2681, 2842, 3332, 3355, 3527, 3744, 3752, 3852, 4657, 4709, 5226, 5253, 5266, 5400, 5487, 5825, 6195, 6254, 6668, 6685, 6816]","[2428, 2759, 4614]",6822,43,6779,3,40,6779,0
3.5,MUSAPEX,"[300, 372, 412, 768, 1042, 1251, 1363, 1389, 1394, 1684, 1773, 1919, 2089, 2436, 2552, 2742, 2942, 3882]","[1684, 2089, 2742]","[300, 372, 412, 768, 1042, 1251, 1363, 1389, 1394, 1773, 1919, 2436, 2552, 2942, 3882]","[1684, 2089, 2742]",4035,18,4017,3,15,4017,0
3.5,MUSAPOAII,"[75, 112, 404, 474, 559, 723, 760, 940, 956, 1155, 1543, 1618, 1887, 2621]","[723, 1155]","[75, 112, 404, 474, 559, 760, 940, 956, 1543, 1618, 1887, 2621]","[723, 1155]",2953,14,2939,2,12,2939,0
3.5,MUSAPOIVA,"[63, 358, 470, 529, 588, 975, 1029, 1226, 1256, 1385, 1680, 1759, 2149, 2299, 2629, 2774, 2898, 2914, 2929]","[588, 975]","[63, 358, 470, 529, 1029, 1226, 1256, 1385, 1680, 1759, 2149, 2299, 2629, 2774, 2898, 2914, 2929]","[588, 975]",3013,19,2994,2,17,2994,0
3.5,MUSBMP4,"[336, 441, 510, 664, 768, 1064, 1068, 1080, 1847, 2095, 2149, 2413, 2473, 2683, 2820, 2888, 2960, 3208, 3212, 3307, 3697, 3967, 4135, 4198, 4471, 4495, 4594, 4806, 5132, 5289, 5497, 5725, 5890, 6380, 6626, 6645, 7157, 7179, 7951, 8211, 8267, 8446, 8462, 8525, 9626]",[7179],"[336, 441, 510, 664, 768, 1064, 1068, 1080, 1847, 2095, 2149, 2413, 2473, 2683, 2820, 2888, 2960, 3208, 3212, 3307, 3697, 3967, 4135, 4198, 4471, 4495, 4594, 4806, 5132, 5289, 5497, 5725, 5890, 6380, 6626, 6645, 7157, 7951, 8211, 8267, 8446, 8462, 8525, 9626]",[7179],9668,45,9623,1,44,9623,0
3.5,MUSBNP,"[225, 336, 412, 488, 680, 753, 903, 1057, 1449]","[336, 753]","[225, 412, 488, 680, 903, 1057, 1449]","[336, 753]",1461,9,1452,2,7,1452,0
3.5,MUSCD14A,"[176, 543, 639, 777, 1122, 1454, 1852]",[176],"[543, 639, 777, 1122, 1454, 1852]",[176],1866,7,1859,1,6,1859,0
3.5,MUSCRKNB,"[96, 460, 668, 815, 917, 1440, 1493, 1807, 1824, 1904, 1989, 2058, 2245, 2455, 2658, 2796, 2829, 2879, 3056, 3505, 3842, 3862, 3876, 3949, 4356]","[1904, 2245, 2455, 2796, 3505, 3842]","[96, 460, 668, 815, 917, 1440, 1493, 1807, 1824, 1989, 2058, 2658, 2829, 2879, 3056, 3862, 3876, 3949, 4356]","[1904, 2245, 2455, 2796, 3505, 3842]",4514,25,4489,6,19,4489,0
3.5,MUSCYTCOVB,"[48, 724, 928, 1064, 1081, 1319, 1585, 1679, 1808, 1925, 1946, 2066, 2168, 2234]","[724, 1319, 1585]","[48, 928, 1064, 1081, 1679, 1808, 1925, 1946, 2066, 2168, 2234]","[724, 1319, 1585]",2533,14,2519,3,11,2519,0
3.5,MUSENDOBA,"[59, 135, 333, 807, 923, 1066, 1276, 1500, 1507, 1701, 2117, 2130, 2462, 2614, 2743, 3027, 3115, 3350, 3618, 3892, 4049, 4342, 4346, 4371, 4430, 4853, 4898, 4920, 5090, 5527, 5589, 5616, 5660, 5696, 5700, 5721, 5817, 5969, 6258, 6301, 6358, 6506, 6929, 6980, 7007, 7151, 7548, 7585]","[2743, 3618, 4049, 4853, 5090, 5589]","[59, 135, 333, 807, 923, 1066, 1276, 1500, 1507, 1701, 2117, 2130, 2462, 2614, 3027, 3115, 3350, 3892, 4342, 4346, 4371, 4430, 4898, 4920, 5527, 5616, 5660, 5696, 5700, 5721, 5817, 5969, 6258, 6301, 6358, 6506, 6929, 6980, 7007, 7151, 7548, 7585]","[2743, 3618, 4049, 4853, 5090, 5589]",7872,48,7824,6,42,7824,0
3.5,MUSFAUA,"[506, 544, 760, 783, 846, 925, 1216, 1249, 1253, 1496, 1535, 1645, 2068, 2103, 2110, 2124, 2650]","[1249, 1496, 2124]","[506, 544, 760, 783, 846, 925, 1216, 1253, 1535, 1645, 2068, 2103, 2110, 2650]","[1249, 1496, 2124]",2843,17,2826,3,14,2826,0
3.5,MUSFERHC,"[483, 526, 1103, 1107, 1417, 1827, 1944, 2000, 2185, 2319, 2428]","[483, 1827, 2185]","[526, 1103, 1107, 1417, 1944, 2000, 2319, 2428]","[483, 1827, 2185]",2783,11,2772,3,8,2772,0
3.5,MUSFKBP13X,"[321, 736, 764, 904, 928, 1070, 1247, 1282, 1556]","[321, 736, 904, 1282]","[764, 928, 1070, 1247, 1556]","[321, 736, 904, 1282]",1574,9,1565,4,5,1565,0
3.5,MUSGAD45,"[559, 935, 1034, 1126, 1309, 1458, 1542, 1595, 1898, 2472, 2647, 3023]","[935, 1126, 1458]","[559, 1034, 1309, 1542, 1595, 1898, 2472, 2647, 3023]","[935, 1126, 1458]",3093,12,3081,3,9,3081,0
3.5,MUSGFJE,"[624, 709, 1098, 1194, 1323, 1489, 1839, 2167, 2275]","[624, 1489]","[709, 1098, 1194, 1323, 1839, 2167, 2275]","[624, 1489]",2404,9,2395,2,7,2395,0
3.5,MUSGPOAD,"[349, 430, 868, 890, 1044, 1048, 1169, 1324, 1328, 1737, 2306, 2538, 2898, 3046, 3337, 4023, 4168, 4403, 4816, 4916, 4996, 5083, 5250, 5328, 5342, 5400, 5647, 5719, 5826, 5859, 6515, 6573, 7258, 7583, 7850, 7929]","[1044, 2306, 4403, 4916]","[349, 430, 868, 890, 1048, 1169, 1324, 1328, 1737, 2538, 2898, 3046, 3337, 4023, 4168, 4816, 4996, 5083, 5250, 5328, 5342, 5400, 5647, 5719, 5826, 5859, 6515, 6573, 7258, 7583, 7850, 7929]","[1044, 2306, 4403, 4916]",8069,36,8033,4,32,8033,0
3.5,MUSHBBH0,"[163, 184, 365, 651, 914, 1012, 1112, 1265, 1566, 2081]","[365, 914]","[163, 184, 651, 1012, 1112, 1265, 1566, 2081]","[365, 914]",2128,10,2118,2,8,2118,0
3.5,MUSHBBH1,"[97, 249, 270, 451, 733, 780, 975, 1062, 1417, 1493, 1651]","[451, 780]","[97, 249, 270, 733, 975, 1062, 1417, 1493, 1651]","[451, 780]",1919,11,1908,2,9,1908,0
3.5,MUSHES1,"[355, 556, 585, 784, 788, 1108, 1121, 1159, 1351, 1367, 1400, 1406, 1488, 1698, 1797, 1819, 1839, 2208]","[556, 784, 1108]","[355, 585, 788, 1121, 1159, 1351, 1367, 1400, 1406, 1488, 1698, 1797, 1819, 1839, 2208]","[556, 784, 1108]",2818,18,2800,3,15,2800,0
3.5,MUSHOX35A,"[232, 281, 612, 1308, 1535, 1715, 2007, 2012, 2512, 2577, 2661, 2850, 3150, 3209, 3398, 3519, 3545]",[1308],"[232, 281, 612, 1535, 1715, 2007, 2012, 2512, 2577, 2661, 2850, 3150, 3209, 3398, 3519, 3545]",[1308],3848,17,3831,1,16,3831,0
3.5,MUSIL1RN,"[168, 512, 632, 652, 656, 660, 709, 713, 886, 1445, 1676, 1922, 2186, 2224, 2289, 2293, 2328, 2483, 2552, 2789, 3076, 3116, 3549, 3883, 3938, 4482, 4785, 5269, 5875, 6210]","[512, 2483, 3549]","[168, 632, 652, 656, 660, 709, 713, 886, 1445, 1676, 1922, 2186, 2224, 2289, 2293, 2328, 2552, 2789, 3076, 3116, 3883, 3938, 4482, 4785, 5269, 5875, 6210]","[512, 2483, 3549]",6343,30,6313,3,27,6313,0
3.5,MUSKE3A,"[21, 340, 349, 544, 657, 788, 840, 981, 1088, 1328, 1410, 1545, 1562, 1569, 1604, 1620, 1645, 1881, 1948, 2052, 2194, 2659, 2665, 2794, 3218, 3339, 3400, 3405, 3515]","[21, 544, 3218, 3400]","[340, 349, 657, 788, 840, 981, 1088, 1328, 1410, 1545, 1562, 1569, 1604, 1620, 1645, 1881, 1948, 2052, 2194, 2659, 2665, 2794, 3339, 3405, 3515]","[21, 544, 3218, 3400]",3613,29,3584,4,25,3584,0
3.5,MUSLMP7A,"[287, 429, 487, 535, 1318, 1354, 1364, 1407, 1978, 2153, 2157, 2293, 2454, 3029, 3046, 3178, 3674, 4005]","[1318, 2153, 2454, 3029, 3674]","[287, 429, 487, 535, 1354, 1364, 1407, 1978, 2157, 2293, 3046, 3178, 4005]","[1318, 2153, 2454, 3029, 3674]",4260,18,4242,5,13,4242,0
3.5,MUSLTA,"[530, 830, 1207, 1632, 1637, 1807, 2114, 2496, 2500, 2537]",[1807],"[530, 830, 1207, 1632, 1637, 2114, 2496, 2500, 2537]","[1807, 1990]",3287,10,3277,1,9,3276,1
3.5,MUSMC26,"[155, 816, 843, 1581, 1906, 2071, 2419, 2475, 3046, 3075, 3190, 3331, 3415, 3666, 3682, 3716, 3964, 3982, 4144, 4182, 4322]","[2419, 3190, 4144]","[155, 816, 843, 1581, 1906, 2071, 2475, 3046, 3075, 3331, 3415, 3666, 3682, 3716, 3964, 3982, 4182, 4322]","[2419, 3190, 4144]",5387,21,5366,3,18,5366,0
3.5,MUSOGC,"[113, 290, 489, 522, 631, 742, 814]","[113, 290, 489]","[522, 631, 742, 814]","[113, 290, 489]",942,7,935,3,4,935,0
3.5,MUSOGCA,"[214, 285, 356, 866, 1043, 1242, 1275, 1495, 1567]","[866, 1043, 1242]","[214, 285, 356, 1275, 1495, 1567]","[866, 1043, 1242]",1695,9,1686,3,6,1686,0
3.5,MUSOGCB,"[113, 290, 490, 523, 632, 743, 815]","[113, 290, 490]","[523, 632, 743, 815]","[113, 290, 490]",943,7,936,3,4,936,0
3.5,MUSPNMT,"[85, 276, 547, 694, 955, 1076, 1123, 1665, 1881, 2135, 2343, 2450, 2491, 2599, 2755, 2884, 2890, 2892]","[1665, 2343]","[85, 276, 547, 694, 955, 1076, 1123, 1881, 2135, 2450, 2491, 2599, 2755, 2884, 2890, 2892]","[1665, 2343]",3137,18,3119,2,16,3119,0
3.5,MUSPROTA,"[421, 585, 1945, 2033, 2069, 2530, 2585, 2604, 3119, 3224, 3555, 3663, 4024, 4600]","[1945, 2585, 3224, 3663]","[421, 585, 2033, 2069, 2530, 2604, 3119, 3555, 4024, 4600]","[1945, 2585, 3224, 3663]",4637,14,4623,4,10,4623,0
3.5,MUSPROTEB,"[337, 496, 594, 634, 647, 749, 765, 803, 993, 1024, 1482, 1920, 1988, 2130]","[337, 594, 993, 1988]","[496, 634, 647, 749, 765, 803, 1024, 1482, 1920, 2130]","[337, 594, 993, 1988]",2390,14,2376,4,10,2376,0
3.5,MUSPRPC2,"[165, 215, 652, 801, 817, 2455, 2470, 2687, 2740, 2919, 3019, 3141, 3531, 3640, 3778, 3833, 4083, 4087, 4186, 5493, 6607, 6793, 6797]",[801],"[165, 215, 652, 817, 2455, 2470, 2687, 2740, 2919, 3019, 3141, 3531, 3640, 3778, 3833, 4083, 4087, 4186, 5493, 6607, 6793, 6797]",[801],7299,23,7276,1,22,7276,0
3.5,MUSPRPMPB,"[216, 651, 801, 817, 1480, 1839, 2952, 2974]",[801],"[216, 651, 817, 1480, 1839, 2952, 2974]",[801],3567,8,3559,1,7,3559,0
3.5,MUSREGI,"[325, 632, 775, 1159, 1258, 1316, 1558, 1799, 1965, 2230, 2234, 2388, 2450, 2993]","[1159, 1799, 2230, 2993]","[325, 632, 775, 1258, 1316, 1558, 1965, 2234, 2388, 2450]","[1159, 1799, 2230, 2993]",3749,14,3735,4,10,3735,0
3.5,MUSREGII,"[530, 927, 1626, 1657, 1988, 2023, 2526, 2543, 2927, 3091, 3233, 3308, 3463]","[927, 1626, 1988, 3091]","[530, 1657, 2023, 2526, 2543, 2927, 3233, 3308, 3463]","[927, 1626, 1988, 3091]",3925,13,3912,4,9,3912,0
3.5,MUSROM1X,"[110, 115, 219, 983, 1030, 1146, 1242, 1848, 2169, 2529, 2555, 2616, 2640]","[1242, 1848]","[110, 115, 219, 983, 1030, 1146, 2169, 2529, 2555, 2616, 2640]","[1242, 1848]",2780,13,2767,2,11,2767,0
3.5,MUSRPL30,"[18, 84, 500, 504, 660, 960, 1050, 1331, 1430, 1505, 1679, 2291, 2459, 2654, 3085, 3124, 3243, 3441]","[660, 1050, 2459]","[18, 84, 500, 504, 960, 1331, 1430, 1505, 1679, 2291, 2654, 3085, 3124, 3243, 3441]","[660, 1050, 2459]",3469,18,3451,3,15,3451,0
3.5,MUSRPS16,"[17, 475, 636, 758, 1030, 1210, 1311, 1352, 1448, 1491, 1728, 1868, 1896, 2005, 2009, 2050, 2355]","[1868, 2005]","[17, 475, 636, 758, 1030, 1210, 1311, 1352, 1448, 1491, 1728, 1896, 2009, 2050, 2355]","[450, 687, 1868, 2005]",2642,17,2625,2,15,2623,2
3.5,MUSS100B,"[213, 342, 1034, 1097, 1423, 1710, 1721, 1778, 2041, 2162, 2692, 2757, 3151, 3508, 3660, 4672, 4920, 5082, 5219, 5329, 5786, 6291, 6295, 6425, 6653, 6880, 6965, 7045, 7801, 8033, 8061, 8146, 8612, 8671, 8736]",[4920],"[213, 342, 1034, 1097, 1423, 1710, 1721, 1778, 2041, 2162, 2692, 2757, 3151, 3508, 3660, 4672, 5082, 5219, 5329, 5786, 6291, 6295, 6425, 6653, 6880, 6965, 7045, 7801, 8033, 8061, 8146, 8612, 8671, 8736]",[4920],8866,35,8831,1,34,8831,0
3.5,MUSSERPROA,"[217, 1034, 1449, 1572, 1831, 2032, 2037, 2092, 2114, 2253, 2341, 2739, 3178, 3345, 3371, 3997, 4039, 4206]","[1449, 2092, 2739, 3178]","[217, 1034, 1572, 1831, 2032, 2037, 2114, 2253, 2341, 3345, 3371, 3997, 4039, 4206]","[1449, 2092, 2739, 3178]",4450,18,4432,4,14,4432,0
3.5,MUSSSATGN,"[29, 491, 613, 742, 840, 844, 1162, 1346, 1774, 1825, 2102, 2165, 2190, 2516, 2905, 2929, 3039, 3233, 3436, 3612, 3706, 3892]","[840, 1162, 1346, 2905, 3039]","[29, 491, 613, 742, 844, 1774, 1825, 2102, 2165, 2190, 2516, 2929, 3233, 3436, 3612, 3706, 3892]","[840, 1162, 1346, 2905, 3039]",4059,22,4037,5,17,4037,0
3.5,MUSTCP,"[6, 224, 453, 470, 624, 908, 1005, 1329, 1705, 1779, 1940, 1993, 2068, 2146, 2164, 2427, 2463, 2496, 2781, 3172, 3270, 3474, 3576, 3599, 3642, 4019, 4278, 4363, 4687, 6098, 6552, 6567, 7134, 7177, 7230, 7255, 7274, 7512, 7562, 7780]","[453, 1705, 1993, 3270, 4278, 4687, 6098, 6552, 7230, 7512]","[6, 224, 470, 624, 908, 1005, 1329, 1779, 1940, 2068, 2146, 2164, 2427, 2463, 2496, 2781, 3172, 3474, 3576, 3599, 3642, 4019, 4363, 6567, 7134, 7177, 7255, 7274, 7562, 7780]","[453, 1705, 1993, 3270, 3746, 4278, 4687, 6098, 6552, 7230, 7512]",9254,40,9214,10,30,9213,1
3.5,MUSTHY1,"[80, 183, 616, 696, 1009, 1043, 1156, 1586, 1833, 1837, 2174, 2181]","[80, 1009]","[183, 616, 696, 1043, 1156, 1586, 1833, 1837, 2174, 2181]","[80, 1009]",2683,12,2671,2,10,2671,0
3.5,MUSTLAG,"[153, 261, 269, 547, 705, 901, 1155, 1314, 1327, 1573, 1733, 1790, 2128, 2250, 3260, 3276, 3494, 3740, 3911, 4237, 4788, 5009, 5192, 5201]","[705, 1155, 1573, 3494, 3740]","[153, 261, 269, 547, 901, 1314, 1327, 1733, 1790, 2128, 2250, 3260, 3276, 3911, 4237, 4788, 5009, 5192, 5201]","[705, 1155, 1573, 3494, 3740]",5413,24,5389,5,19,5389,0
3.5,MUSTSHBA2,"[69, 388, 464, 830, 1045, 1255]",[464],"[69, 388, 830, 1045, 1255]",[464],1284,6,1278,1,5,1278,0
3.5,MUSY1GLOB,"[334, 354, 361, 377, 576, 690, 829, 1066, 1224, 1249]","[377, 690]","[334, 354, 361, 576, 829, 1066, 1224, 1249]","[377, 690]",1746,10,1736,2,8,1736,0
3.5,OABBGLOB,"[33, 192, 525, 692, 920, 958, 962, 1174, 1262, 1309, 1868, 1987, 2701]","[958, 1309]","[33, 192, 525, 692, 920, 962, 1174, 1262, 1868, 1987, 2701]","[958, 1309]",3242,13,3229,2,11,3229,0
3.5,OABCGLOB,"[33, 193, 433, 919, 957, 1011, 1177, 1265, 1312, 1352, 1879, 2648]","[957, 1312]","[33, 193, 433, 919, 1011, 1177, 1265, 1352, 1879, 2648]","[957, 1312]",3193,12,3181,2,10,3181,0
3.5,OAINIGFII1,"[740, 1022, 1165, 1588, 1671, 1752, 2106, 2199]",[740],"[1022, 1165, 1588, 1671, 1752, 2106, 2199]",[740],2386,8,2378,1,7,2378,0
3.5,OAINTL3,"[115, 134, 674, 813, 850, 1598, 1764, 1909, 2072, 2099, 2565, 2670, 2704]","[674, 813, 1909, 2072]","[115, 134, 850, 1598, 1764, 2099, 2565, 2670, 2704]","[674, 813, 1909, 2072]",2794,13,2781,4,9,2781,0
3.5,OAKRT213,"[144, 975, 1088, 1215, 1228, 1294, 1328, 1593, 1714, 1992, 2641, 2852, 3029, 3198, 3241, 3333, 3357, 3938, 4124, 4147, 4213, 4467, 4642, 4752, 4813, 5210, 5258, 5288, 5377, 5487, 5584, 5671, 5684, 6077, 6474, 6548, 6914, 7076, 7268, 7393, 7427, 7455, 7752, 7896, 7911, 7913, 8453, 8502, 8931, 9063, 9083, 9294, 9316, 9454]","[3198, 4147, 4813, 5288, 5684, 6077, 6548, 7393]","[144, 975, 1088, 1215, 1228, 1294, 1328, 1593, 1714, 1992, 2641, 2852, 3029, 3241, 3333, 3357, 3938, 4124, 4213, 4467, 4642, 4752, 5210, 5258, 5377, 5487, 5584, 5671, 6474, 6914, 7076, 7268, 7427, 7455, 7752, 7896, 7911, 7913, 8453, 8502, 8931, 9063, 9083, 9294, 9316, 9454]","[3198, 4147, 4813, 5288, 5684, 6077, 6548, 7393]",9523,54,9469,8,46,9469,0
3.5,OALGB,"[109, 123, 374, 955, 959, 1216, 1459, 1682, 2432, 2438, 2660, 2939, 2994, 3330, 3336, 3500, 3557, 3883, 4204, 4250, 4387, 4656, 4886, 4911, 4954, 5008, 5143, 5244, 5895, 7320]","[2660, 3883, 4656]","[109, 123, 374, 955, 959, 1216, 1459, 1682, 2432, 2438, 2939, 2994, 3330, 3336, 3500, 3557, 4204, 4250, 4387, 4886, 4911, 4954, 5008, 5143, 5244, 5895, 7320]","[938, 1742, 2660, 3883, 4656]",7372,30,7342,3,27,7340,2
3.5,OAMETIAG,"[9, 142, 205, 438, 701, 1136, 1479, 1674, 2726]","[701, 1479]","[9, 142, 205, 438, 1136, 1674, 2726]","[701, 1479]",2793,9,2784,2,7,2784,0
3.5,OAMTIB,"[338, 368, 444, 1209, 1721, 1922, 2041, 2170, 2185, 2554, 2983, 3016, 3175, 3205]",[1721],"[338, 368, 444, 1209, 1922, 2041, 2170, 2185, 2554, 2983, 3016, 3175, 3205]","[965, 1721]",3212,14,3198,1,13,3197,1
3.5,OAMTIC,"[65, 381, 621, 707, 1295, 1332]","[621, 1295]","[65, 381, 707, 1332]","[621, 1295]",2376,6,2370,2,4,2370,0
3.5,OAMTII,"[326, 799, 1023, 1312, 1378, 1976]","[1023, 1378]","[326, 799, 1312, 1976]","[1023, 1378]",2048,6,2042,2,4,2042,0
3.5,OAPROTP1,[],[],[],[212],525,0,525,0,0,524,1
3.5,OATRICH,"[146, 152, 966, 1174, 1179, 1183, 1197, 1798, 2328, 2892, 3157, 3309, 4055, 4062, 4464, 4631, 4744, 4772, 4947, 5498, 5721, 5825, 6075, 6254, 6612, 6681, 6750, 7050, 7119, 7209, 7368, 7437, 7506, 7575]",[3157],"[146, 152, 966, 1174, 1179, 1183, 1197, 1798, 2328, 2892, 3309, 4055, 4062, 4464, 4631, 4744, 4772, 4947, 5498, 5721, 5825, 6075, 6254, 6612, 6681, 6750, 7050, 7119, 7209, 7368, 7437, 7506, 7575]",[3157],9337,34,9303,1,33,9303,0
3.5,OCAPOAIG,"[361, 553, 777, 855, 1152, 1159, 1239, 1467, 1798, 1916]","[553, 855]","[361, 777, 1152, 1159, 1239, 1467, 1798, 1916]","[553, 855]",1987,10,1977,2,8,1977,0
3.5,OCTNFBETA,"[68, 202, 245, 390, 577, 609, 1247, 1637]",[577],"[68, 202, 245, 390, 609, 1247, 1637]","[577, 766]",1965,8,1957,1,7,1956,1
3.5,OCUTGLOB,"[1279, 1336, 1576, 1708, 1821, 2050, 2144, 2162, 2281, 2566, 2588, 2680, 2700, 3077, 3172, 3357, 3424, 3496, 4176, 4265, 4404, 4529, 4900, 4912, 5062, 5072, 5207, 5317, 5831, 6183]","[3357, 5831]","[1279, 1336, 1576, 1708, 1821, 2050, 2144, 2162, 2281, 2566, 2588, 2680, 2700, 3077, 3172, 3424, 3496, 4176, 4265, 4404, 4529, 4900, 4912, 5062, 5072, 5207, 5317, 6183]","[3357, 5831]",6561,30,6531,2,28,6531,0
3.5,OOGH,"[127, 200, 333, 446, 768, 849, 881, 914, 946, 950, 1084, 1475, 2002, 2065]","[333, 1084, 1475]","[127, 200, 446, 768, 849, 881, 914, 946, 950, 2002, 2065]","[333, 740, 1084, 1475]",2155,14,2141,3,11,2140,1
3.5,OPOP1,[249],[249],[],[249],617,1,616,1,0,616,0
3.5,ORAPROTP1A,"[59, 163, 276]",[163],"[59, 276]",[163],410,3,407,1,2,407,0
3.5,PAA1GL,"[155, 160, 185, 204, 513, 598, 752]","[204, 513]","[155, 160, 185, 598, 752]","[204, 513]",873,7,866,2,5,866,0
3.5,PAAFPG,"[214, 328]",[214],[328],[214],1088,2,1086,1,1,1086,0
3.5,PAU03674,"[361, 1194, 1566, 1633, 1710, 1853, 2100, 2414, 2493, 3171, 3574, 3773, 3777, 3870, 4013, 4023, 4171, 4181, 4611, 4741, 4765, 5237]","[3171, 3574, 3773, 4013, 4611]","[361, 1194, 1566, 1633, 1710, 1853, 2100, 2414, 2493, 3777, 3870, 4023, 4171, 4181, 4741, 4765, 5237]","[3171, 3574, 3773, 4013, 4294, 4611]",5438,22,5416,5,17,5415,1
3.5,PIGAPAI,"[35, 62, 107, 449, 562, 794, 798, 1031, 1051, 1129, 1156, 1163, 1549, 1819, 1823, 1918, 1930, 2041, 2317, 2367, 2693, 2897, 2917, 3022, 3317]","[794, 1129]","[35, 62, 107, 449, 562, 798, 1031, 1051, 1156, 1163, 1549, 1819, 1823, 1918, 1930, 2041, 2317, 2367, 2693, 2897, 2917, 3022, 3317]","[794, 1129]",3326,25,3301,2,23,3301,0
3.5,PIGAPCIII,"[27, 45, 148, 620, 682, 736, 774, 867, 944, 948, 1141, 1432, 1711, 2031, 2035, 2083, 2639, 3036]","[1432, 1711]","[27, 45, 148, 620, 682, 736, 774, 867, 944, 948, 1141, 2031, 2035, 2083, 2639, 3036]","[1432, 1711]",3269,18,3251,2,16,3251,0
3.5,PIGCNP,"[400, 429, 466, 528, 1150, 1416, 1430, 1622, 1662]",[400],"[429, 466, 528, 1150, 1416, 1430, 1622, 1662]",[400],1887,9,1878,1,8,1878,0
3.5,PIGFSB,"[269, 515, 589, 1042, 1511, 1598, 1801, 1849, 1885]","[515, 1042]","[269, 589, 1511, 1598, 1801, 1849, 1885]","[515, 1042]",2044,9,2035,2,7,2035,0
3.5,PIKEGLOBIN,"[221, 237, 474, 541, 588, 1011, 1069, 1193, 1272, 1319, 1473]","[237, 588]","[221, 474, 541, 1011, 1069, 1193, 1272, 1319, 1473]","[237, 588]",1702,11,1691,2,9,1691,0
3.5,PPGLTG,"[308, 373, 527, 662, 715, 747, 907]","[373, 662]","[308, 527, 715, 747, 907]","[373, 662]",1065,7,1058,2,5,1058,0
3.5,PPPROP2,"[63, 446, 576, 661]",[],"[63, 446, 576, 661]",[319],740,4,736,0,4,735,1
3.5,PPYPROP2,"[16, 530, 615]",[],"[16, 530, 615]",[272],689,3,686,0,3,685,1
3.5,PTAZGLO,"[441, 840, 943, 965, 974, 1062, 1086, 1603, 1648, 1652, 1679, 1707, 1721, 1749, 1791, 1833, 1947, 1991, 2120, 2162, 2176, 2244, 2253, 2987, 3065, 3077]","[1603, 3077]","[441, 840, 943, 965, 974, 1062, 1086, 1648, 1652, 1679, 1707, 1721, 1749, 1791, 1833, 1947, 1991, 2120, 2162, 2176, 2244, 2253, 2987, 3065]","[1603, 3077]",3612,26,3586,2,24,3586,0
3.5,PTGGGLOG,"[162, 200, 431, 545, 641, 1064, 1076, 1358, 1501, 1730]","[200, 545]","[162, 431, 641, 1064, 1076, 1358, 1501, 1730]","[200, 545]",1815,10,1805,2,8,1805,0
3.5,PTPPINS,"[688, 728, 799, 933, 1028, 1054, 1140, 1410, 1985, 2010, 2469]",[1410],"[688, 728, 799, 933, 1028, 1054, 1140, 1985, 2010, 2469]",[1410],2476,11,2465,1,10,2465,0
3.5,PTPROP2,"[74, 588, 673]",[],"[74, 588, 673]",[330],751,3,748,0,3,747,1
3.5,PVU11715,"[250, 288, 519, 586, 633, 1021, 1272, 1340, 1344, 1368]","[288, 633]","[250, 519, 586, 1021, 1272, 1340, 1344, 1368]","[288, 633]",1782,10,1772,2,8,1772,0
3.5,QULNFLW,"[15, 145, 260, 648, 762, 867, 961, 1222, 1548, 1667, 2169, 2301, 2364, 2405, 2425, 2461, 2703, 3290, 3329, 3662, 3720, 3794, 4139, 4443, 4587, 4656, 4817, 5192, 5368, 5612, 5849, 5873, 5894, 5921, 5972, 6211, 6672, 6808, 7385, 7413]","[3794, 4656, 5921]","[15, 145, 260, 648, 762, 867, 961, 1222, 1548, 1667, 2169, 2301, 2364, 2405, 2425, 2461, 2703, 3290, 3329, 3662, 3720, 4139, 4443, 4587, 4817, 5192, 5368, 5612, 5849, 5873, 5894, 5972, 6211, 6672, 6808, 7385, 7413]","[3794, 4656, 5921]",7926,40,7886,3,37,7886,0
3.5,QULTROPIA,"[67, 240, 469, 591, 678, 689, 694, 1449, 1505, 1858, 1998, 2156, 2186, 2210, 2360, 2707, 2899, 3004, 3033, 3149, 3437, 3638, 4007, 4020, 4047, 4052, 4225, 4229, 4336, 4544, 4565, 4823]","[2186, 2360, 3004, 3437, 4047, 4336]","[67, 240, 469, 591, 678, 689, 694, 1449, 1505, 1858, 1998, 2156, 2210, 2707, 2899, 3033, 3149, 3638, 4007, 4020, 4052, 4225, 4229, 4544, 4565, 4823]","[2186, 2360, 3004, 3437, 4047, 4336]",4959,32,4927,6,26,4927,0
3.5,RABCRP,"[397, 416, 579, 990, 1221, 1228]",[397],"[416, 579, 990, 1221, 1228]",[397],1431,6,1425,1,5,1425,0
3.5,RABDNP3AA,"[370, 654, 742, 816, 906, 924, 995, 1030, 1865, 2156, 2435, 2483, 2540, 2821]",[2156],"[370, 654, 742, 816, 906, 924, 995, 1030, 1865, 2435, 2483, 2540, 2821]",[2156],3083,14,3069,1,13,3069,0
3.5,RABSURFA,"[378, 471, 503, 530, 636, 679, 780, 795, 928, 1038, 1431, 1539, 1642, 2209, 2320, 2385, 2409, 3239, 3281, 3290, 3423, 3443, 3447, 3455, 3550, 4033, 4166, 4177, 4188, 4361, 4584, 4636, 4857, 4987, 5088, 5622, 5899, 6219, 6359, 6529, 6793, 7268, 7344, 7760]","[4033, 4361, 5088]","[378, 471, 503, 530, 636, 679, 780, 795, 928, 1038, 1431, 1539, 1642, 2209, 2320, 2385, 2409, 3239, 3281, 3290, 3423, 3443, 3447, 3455, 3550, 4166, 4177, 4188, 4584, 4636, 4857, 4987, 5622, 5899, 6219, 6359, 6529, 6793, 7268, 7344, 7760]","[4033, 4361, 5088]",8090,44,8046,3,41,8046,0
3.5,RABTNF,"[261, 503, 851, 1077, 1355, 1481, 1563, 1652, 1761, 1792, 2139, 2268, 2565, 3034]","[851, 1355, 1563]","[261, 503, 1077, 1481, 1652, 1761, 1792, 2139, 2268, 2565, 3034]","[851, 1355, 1563]",3193,14,3179,3,11,3179,0
3.5,RATCYC,"[70, 270, 362, 452, 456, 572, 636, 833, 1333, 1438, 2350]",[1333],"[70, 270, 362, 452, 456, 572, 636, 833, 1438, 2350]",[1333],2521,11,2510,1,10,2510,0
3.5,RATCYSS,"[81, 119, 356, 445, 1006, 1119, 1174, 1217, 1221, 1268, 1630, 1686, 2500, 4026, 4083, 4200, 4277, 4283, 4287, 4690, 4869]","[1006, 4026]","[81, 119, 356, 445, 1119, 1174, 1217, 1221, 1268, 1630, 1686, 2500, 4083, 4200, 4277, 4283, 4287, 4690, 4869]","[1006, 4026]",5556,21,5535,2,19,5535,0
3.5,RATDCCOVB,"[13, 211, 788, 880, 1396, 1545, 1559, 1599, 1943, 1951, 2267, 2271, 2283, 2292, 2471, 2864, 3126, 3498, 3716, 3782, 4349, 4730, 5129]","[2267, 2864, 3126]","[13, 211, 788, 880, 1396, 1545, 1559, 1599, 1943, 1951, 2271, 2283, 2292, 2471, 3498, 3716, 3782, 4349, 4730, 5129]","[2267, 2864, 3126]",5324,23,5301,3,20,5301,0
3.5,RATGRG,"[83, 204, 286, 331, 658, 719, 1291, 1302, 1397, 1494, 1622, 1696, 1732, 1918, 1942, 2106, 2187, 2319, 2392, 2525, 2546, 2616, 2994, 3290, 3294, 3552, 3591, 3715, 3763]","[83, 286, 1291, 1494, 1696, 1942, 2187, 2319, 2616, 2994, 3290]","[204, 331, 658, 719, 1302, 1397, 1622, 1732, 1918, 2106, 2392, 2525, 2546, 3294, 3552, 3591, 3715, 3763]","[83, 286, 1291, 1494, 1696, 1942, 2187, 2319, 2616, 2994, 3290]",3881,29,3852,11,18,3852,0
3.5,RATGROS,"[397, 401, 621, 746, 1178, 1219, 1349, 1390, 1482, 1587, 2001, 2131]","[1178, 1390, 1587]","[397, 401, 621, 746, 1219, 1349, 1482, 2001, 2131]","[1178, 1390, 1587]",2489,12,2477,3,9,2477,0
3.5,RATGSTY,"[659, 663, 718, 728, 853, 884, 996, 1310, 1495, 1499, 1647, 1862, 1959, 2060, 2086, 2416, 2606, 2830, 3003, 3022, 3180, 3201, 3225, 3376, 3576, 3804, 3854, 3958, 4115, 4123, 4646, 4691, 4772, 5009, 5214, 5813, 5926, 5995]","[659, 996, 1495, 1862, 2060, 3180, 3376]","[663, 718, 728, 853, 884, 1310, 1499, 1647, 1959, 2086, 2416, 2606, 2830, 3003, 3022, 3201, 3225, 3576, 3804, 3854, 3958, 4115, 4123, 4646, 4691, 4772, 5009, 5214, 5813, 5926, 5995]","[659, 996, 1495, 1862, 2060, 3180, 3376]",6287,38,6249,7,31,6249,0
3.5,RATIGFBA,"[526, 850, 1002, 1097, 1242, 1381, 1450, 1455, 1788, 1948, 2034, 2082, 2203, 2396, 3002, 3105, 3214, 3262, 3312, 3450, 3496, 3828, 3873, 3924, 4127, 4362, 4512, 4546, 4578, 4620]","[526, 2034, 3002]","[850, 1002, 1097, 1242, 1381, 1450, 1455, 1788, 1948, 2082, 2203, 2396, 3105, 3214, 3262, 3312, 3450, 3496, 3828, 3873, 3924, 4127, 4362, 4512, 4546, 4578, 4620]","[526, 2034, 3002]",4993,30,4963,3,27,4963,0
3.5,RATJE,"[417, 682, 1191, 1299, 1619, 1816, 1989, 2417, 2777, 2986]","[1191, 1989]","[417, 682, 1299, 1619, 1816, 2417, 2777, 2986]","[1191, 1989]",3098,10,3088,2,8,3088,0
3.5,RATKALA,"[225, 618, 825, 945, 992, 1062, 1275, 2657, 3167, 3282, 3753, 3770, 4027, 4031, 4043, 4047, 4051, 4061, 4388, 4424, 4476, 4506, 4652, 4709, 4729, 4734, 4826, 4915, 5334, 5689, 5693, 5818, 6007, 6132]","[1275, 3282, 4476, 4709]","[225, 618, 825, 945, 992, 1062, 2657, 3167, 3753, 3770, 4027, 4031, 4043, 4047, 4051, 4061, 4388, 4424, 4506, 4652, 4729, 4734, 4826, 4915, 5334, 5689, 5693, 5818, 6007, 6132]","[1275, 3282, 4476, 4709]",6250,34,6216,4,30,6216,0
3.5,RATLHB,"[217, 621, 784, 793, 817, 825, 837, 934, 1028, 1230, 1247, 1293, 1359, 1510]","[817, 1230]","[217, 621, 784, 793, 825, 837, 934, 1028, 1247, 1293, 1359, 1510]","[817, 1230]",1791,14,1777,2,12,1777,0
3.5,RATLITHOST,"[80, 397, 992, 1357, 2013, 2464, 2496, 2847, 3117, 3471, 3475, 3902, 3906, 4229, 4652, 4715, 4832]","[2847, 3471, 3902, 4652]","[80, 397, 992, 1357, 2013, 2464, 2496, 3117, 3475, 3906, 4229, 4715, 4832]","[2847, 3471, 3902, 4652]",5400,17,5383,4,13,5383,0
3.5,RATLYSOZYM,"[38, 342, 960, 1561, 1736, 1788, 2210, 2220, 2752, 3092, 3255, 3588, 3999, 4136, 4367, 4497, 4558, 4907, 5174, 5339, 5443, 5691, 6270, 6404, 6539]","[1561, 3255, 5174]","[38, 342, 960, 1736, 1788, 2210, 2220, 2752, 3092, 3588, 3999, 4136, 4367, 4497, 4558, 4907, 5339, 5443, 5691, 6270, 6404, 6539]","[1561, 3255, 5174]",6733,25,6708,3,22,6708,0
3.5,RATLYSZYM,"[6, 113, 306, 323, 508, 574, 749, 801, 1007, 1044, 1099, 1108, 1392, 1667, 1671, 2101, 2912, 3260, 3840, 4290, 4624, 5036, 5192, 5423, 5553, 5614, 5963, 6230, 6395, 6499, 6746, 7325, 7461, 7596]","[574, 4290, 6230]","[6, 113, 306, 323, 508, 749, 801, 1007, 1044, 1099, 1108, 1392, 1667, 1671, 2101, 2912, 3260, 3840, 4624, 5036, 5192, 5423, 5553, 5614, 5963, 6395, 6499, 6746, 7325, 7461, 7596]","[574, 4290, 6230]",7944,34,7910,3,31,7910,0
3.5,RATOSCAL,"[261, 1072, 1192, 1373, 1540, 1586, 1633, 1828, 1832, 2085]","[1192, 1373, 1586]","[261, 1072, 1540, 1633, 1828, 1832, 2085]","[1192, 1373, 1586]",2120,10,2110,3,7,2110,0
3.5,RATPAP,"[624, 628, 633, 662, 863, 921, 1048, 1076, 1308, 1648, 1737, 1795, 2295, 3305, 3570, 3715, 4152, 4704]","[1308, 1648, 2295, 3305]","[624, 628, 633, 662, 863, 921, 1048, 1076, 1737, 1795, 3570, 3715, 4152, 4704]","[1308, 1648, 2295, 2604, 3305]",4864,18,4846,4,14,4845,1
3.5,RATPAPIIB,"[333, 474, 1916, 2291, 2298, 2332, 2486, 2532, 2693, 2701, 2705, 2751, 3021, 3387, 3473, 3587, 3817, 3834, 4107, 4297]","[2298, 3473, 4107]","[333, 474, 1916, 2291, 2332, 2486, 2532, 2693, 2701, 2705, 2751, 3021, 3387, 3587, 3817, 3834, 4297]","[2298, 3140, 3473, 4107]",4718,20,4698,3,17,4697,1
3.5,RATPPP,"[118, 740, 1249, 1406, 1497, 1538, 1542, 1893, 1983, 2002, 2261, 2271, 2451, 2521, 2718, 2853, 2927, 2986, 2990, 3065, 3270, 3500, 3732, 3991, 4400]",[2261],"[118, 740, 1249, 1406, 1497, 1538, 1542, 1893, 1983, 2002, 2271, 2451, 2521, 2718, 2853, 2927, 2986, 2990, 3065, 3270, 3500, 3732, 3991, 4400]",[2261],4535,25,4510,1,24,4510,0
3.5,RATPTBZR02,"[224, 326, 669, 673, 727, 871, 909, 1028, 1206, 1222, 1306, 1323, 1535, 1927, 2066, 2123, 2145, 2200, 2295, 2371, 2598, 2719, 2988, 3110, 3232, 3245]","[1306, 2066]","[224, 326, 669, 673, 727, 871, 909, 1028, 1206, 1222, 1323, 1535, 1927, 2123, 2145, 2200, 2295, 2371, 2598, 2719, 2988, 3110, 3232, 3245]","[1306, 2066]",3427,26,3401,2,24,3401,0
3.5,RATRGPI,"[261, 857, 1222, 1879, 2329, 2361, 2712, 2984, 3339, 3343, 3770, 3774, 4097, 4521, 4584]","[2712, 3339, 3770, 4521]","[261, 857, 1222, 1879, 2329, 2361, 2984, 3343, 3774, 4097, 4584]","[2712, 3339, 3770, 4521]",5238,15,5223,4,11,5223,0
3.5,RATRPIII,"[1226, 1601, 1608, 1642, 1796, 1843, 2009, 2017, 2021, 2067, 2337, 2456, 2704, 2790, 2905, 3135, 3152, 3426, 3617, 4044]","[1608, 2456, 2790, 3426]","[1226, 1601, 1642, 1796, 1843, 2009, 2017, 2021, 2067, 2337, 2704, 2905, 3135, 3152, 3617, 4044]","[1608, 2456, 2790, 3426]",4134,20,4114,4,16,4114,0
3.5,RATSVSIV1,"[67, 72, 244, 380, 659, 721, 814, 892]",[244],"[67, 72, 380, 659, 721, 814, 892]",[244],974,8,966,1,7,966,0
3.5,RATTSHB,"[260, 265, 435, 661, 880, 1288, 1661, 1758, 2177, 2183, 2290, 2711, 2874, 2899, 3202, 3462, 3999, 4093, 4299, 4375, 4781]",[4375],"[260, 265, 435, 661, 880, 1288, 1661, 1758, 2177, 2183, 2290, 2711, 2874, 2899, 3202, 3462, 3999, 4093, 4299, 4781]",[4375],5160,21,5139,1,20,5139,0
3.5,RN0B2GLOB,"[9, 31, 80, 84, 316, 500, 558, 579, 693, 796, 1134, 1702, 1766]",[693],"[9, 31, 80, 84, 316, 500, 558, 579, 796, 1134, 1702, 1766]","[354, 693]",1791,13,1778,1,12,1777,1
3.5,RN2BGLOB,"[264, 394, 432, 571, 629, 650, 764, 1217, 1710, 1760, 1769]","[432, 764]","[264, 394, 571, 629, 650, 1217, 1710, 1760, 1769]","[432, 764]",1877,11,1866,2,9,1866,0
3.5,RN3B2GLOB,"[84, 122, 267, 325, 346, 460, 867, 1360, 1421]","[122, 460]","[84, 267, 325, 346, 867, 1360, 1421]","[122, 460]",1438,9,1429,2,7,1429,0
3.5,RN3B3GLOB,"[75, 125, 129, 365, 403, 546, 604, 625, 739, 1146, 1642]","[403, 739]","[75, 125, 129, 365, 546, 604, 625, 1146, 1642]","[403, 739]",1739,11,1728,2,9,1728,0
3.5,RN3BGLOB,"[250, 288, 433, 491, 512, 626, 1028, 1522]","[288, 626]","[250, 433, 491, 512, 1028, 1522]","[288, 626]",1532,8,1524,2,6,1524,0
3.5,RNAC01,"[127, 131, 309, 374, 417, 513, 528, 582, 844, 1049, 1207, 1367, 1463, 1467, 1694, 1914, 1992, 2190, 2528, 2597, 2631, 2685, 2867, 3335, 3556, 3767, 3850, 3984, 4000]","[1367, 1694, 2597, 2867]","[127, 131, 309, 374, 417, 513, 528, 582, 844, 1049, 1207, 1463, 1467, 1914, 1992, 2190, 2528, 2631, 2685, 3335, 3556, 3767, 3850, 3984, 4000]","[1367, 1694, 2597, 2867]",4085,29,4056,4,25,4056,0
3.5,RNAC02,"[33, 251, 262, 480, 636, 1368, 1475, 1526, 1734, 1787, 1820, 2138, 2180, 2243, 2561, 2637, 2681, 2759]","[1368, 1787, 2138]","[33, 251, 262, 480, 636, 1475, 1526, 1734, 1820, 2180, 2243, 2561, 2637, 2681, 2759]","[1368, 1787, 2138, 2429, 2743]",3193,18,3175,3,15,3173,2
3.5,RNANTANT,"[62, 88, 236, 476, 1017, 1295, 1339, 1524, 1678, 1808, 2839, 2904, 2969, 3119, 3263, 3301, 3420, 3609, 3646, 3883, 3993, 4213, 4532]","[1524, 3263, 3883]","[62, 88, 236, 476, 1017, 1295, 1339, 1678, 1808, 2839, 2904, 2969, 3119, 3301, 3420, 3609, 3646, 3993, 4213, 4532]","[1524, 3263, 3883]",5118,23,5095,3,20,5095,0
3.5,RNAPOEG,"[459, 499, 615, 620, 1077, 1152, 1293, 1440, 1746, 1812, 1955, 2461, 2536, 2692, 2705, 2863, 2867, 2884, 3203]","[1293, 1955]","[459, 499, 615, 620, 1077, 1152, 1440, 1746, 1812, 2461, 2536, 2692, 2705, 2863, 2867, 2884, 3203]","[1293, 1955]",3230,19,3211,2,17,3211,0
3.5,RNCALBD9,"[161, 373, 469, 596, 600, 984, 1041, 1399, 1532, 1621, 1739, 1779, 1781, 1831, 2187, 2285, 2499, 2736, 3254, 3508, 4062, 4310, 4587, 4711, 4869]",[2736],"[161, 373, 469, 596, 600, 984, 1041, 1399, 1532, 1621, 1739, 1779, 1781, 1831, 2187, 2285, 2499, 3254, 3508, 4062, 4310, 4587, 4711, 4869]",[2736],4884,25,4859,1,24,4859,0
3.5,RNGAMT,"[497, 799, 1531, 1552, 1564, 2173, 2752, 3141, 3319, 3462, 3628, 3760, 3797, 3802, 4003, 4441, 4635, 4704, 4715, 4876]","[2173, 3141, 3319, 3760, 4003]","[497, 799, 1531, 1552, 1564, 2752, 3462, 3628, 3797, 3802, 4441, 4635, 4704, 4715, 4876]","[2173, 3141, 3319, 3760, 4003]",4957,20,4937,5,15,4937,0
3.5,RNGMTG,"[92, 440, 620, 741, 806, 1011, 1016, 1226, 1267, 1406, 1434, 1682, 1818, 2067, 2117, 2433, 2443, 2987, 3249, 3357, 3428, 3481, 3555, 3918, 4048, 4063, 4120, 4158, 4425, 4432, 4463, 4548, 4624, 5122, 5252, 5306, 5347]","[1682, 3249, 3918, 4463]","[92, 440, 620, 741, 806, 1011, 1016, 1226, 1267, 1406, 1434, 1818, 2067, 2117, 2433, 2443, 2987, 3357, 3428, 3481, 3555, 4048, 4063, 4120, 4158, 4425, 4432, 4548, 4624, 5122, 5252, 5306, 5347]","[1682, 3249, 3918, 4254, 4463]",5392,37,5355,4,33,5354,1
3.5,RNGROW3,"[216, 365, 471, 543, 817, 1096, 1652, 1751, 1973]","[471, 817, 1652, 1973]","[216, 365, 543, 1096, 1751]","[471, 817, 1652, 1973]",2550,9,2541,4,5,2541,0
3.5,RNHSC73,"[498, 522, 546, 570, 954, 1244, 1528, 1713, 1982, 2062, 2258, 2297, 2506, 2618, 2664, 3034, 3259, 3448, 3452, 3542, 3766, 3942]","[1244, 1713, 1982, 2618, 3034, 3448, 3766]","[498, 522, 546, 570, 954, 1528, 2062, 2258, 2297, 2506, 2664, 3259, 3452, 3542, 3942]","[1244, 1713, 1982, 2618, 3034, 3448, 3766]",4313,22,4291,7,15,4291,0
3.5,RNLALB01,"[39, 347, 351, 821, 877, 891, 1101, 1237, 1242, 1354, 1414, 1914, 2096, 2419, 2744, 2897, 2974, 3297, 3482]","[1414, 1914, 2419]","[39, 347, 351, 821, 877, 891, 1101, 1237, 1242, 1354, 2096, 2744, 2897, 2974, 3297, 3482]","[1414, 1914, 2419]",3814,19,3795,3,16,3795,0
3.5,RNLPKG,"[33, 102, 1022, 1729, 1911, 2062, 2169, 2183, 2847, 2926, 3195, 3374, 3407, 3634, 3949, 4069, 4076, 4321, 4493, 5605, 5806, 5836, 6009, 6284, 6457, 6605, 6805, 7192, 7321, 7481, 7582, 7818, 7822, 8078, 8286, 8465, 8608, 9121, 9142, 9414, 9480, 9838, 9857, 9919, 10935, 11648, 11834, 12153, 12180, 12937]","[3949, 6009, 6284, 6605, 7192, 7818, 8078, 9480]","[33, 102, 1022, 1729, 1911, 2062, 2169, 2183, 2847, 2926, 3195, 3374, 3407, 3634, 4069, 4076, 4321, 4493, 5605, 5806, 5836, 6457, 6805, 7321, 7481, 7582, 7822, 8286, 8465, 8608, 9121, 9142, 9414, 9838, 9857, 9919, 10935, 11648, 11834, 12153, 12180, 12937]","[3219, 3949, 6009, 6284, 6605, 7192, 7453, 7818, 8078, 9480]",13004,50,12954,8,42,12952,2
3.5,RNODC,"[115, 570, 877, 1097, 1279, 1339, 1344, 1554, 1568, 2454, 2666, 3174, 3305, 3525, 3529, 3618, 3918, 4182, 4382, 4517, 4698, 4953, 4982, 5321, 5347, 5522, 5631, 5650, 5825, 5851, 5974, 5997, 6291, 6350, 6412, 6582, 6692, 7326, 7755, 7759]","[3525, 3918, 4182, 4517, 4698, 4953, 5631, 5825, 6291]","[115, 570, 877, 1097, 1279, 1339, 1344, 1554, 1568, 2454, 2666, 3174, 3305, 3529, 3618, 4382, 4982, 5321, 5347, 5522, 5650, 5851, 5974, 5997, 6350, 6412, 6582, 6692, 7326, 7755, 7759]","[3525, 3918, 4182, 4517, 4698, 4953, 5631, 5825, 6291]",7769,40,7729,9,31,7729,0
3.5,RNP9KA,"[22, 30, 172, 207, 248, 723, 727, 736, 823, 905, 910, 937, 1227, 1468, 1612, 2118, 2220, 2224, 2311]",[1227],"[22, 30, 172, 207, 248, 723, 727, 736, 823, 905, 910, 937, 1468, 1612, 2118, 2220, 2224, 2311]",[1227],2333,19,2314,1,18,2314,0
3.5,RNPBPG,"[231, 235, 980, 1117, 1155, 1180, 1808, 2100, 2592, 2638, 2950, 3056, 3190, 3363, 4056, 4073]","[1117, 2950]","[231, 235, 980, 1155, 1180, 1808, 2100, 2592, 2638, 3056, 3190, 3363, 4056, 4073]","[1117, 2950]",6022,16,6006,2,14,6006,0
3.5,RNPGMUT,"[32, 63, 167, 174, 370, 1216, 1273, 1425, 1515, 1596, 1605, 1618, 1734, 1912, 2242, 2287, 2291]",[1596],"[32, 63, 167, 174, 370, 1216, 1273, 1425, 1515, 1605, 1618, 1734, 1912, 2242, 2287, 2291]","[1596, 1872]",2421,17,2404,1,16,2403,1
3.5,RNPROST22,"[45, 237, 438, 444, 499, 528, 733, 876, 1262, 2200, 2321, 2702, 3121, 3647, 3835, 3841, 3916, 4048, 4279, 4526, 4727, 4820, 5333, 5680, 5765, 6009, 6680, 7004, 7412]","[876, 3647, 4526]","[45, 237, 438, 444, 499, 528, 733, 1262, 2200, 2321, 2702, 3121, 3835, 3841, 3916, 4048, 4279, 4727, 4820, 5333, 5680, 5765, 6009, 6680, 7004, 7412]","[876, 3647, 4526]",7668,29,7639,3,26,7639,0
3.5,RNREVSV2A,"[12, 67, 71, 121, 290, 848, 1201, 1304, 1341]","[67, 1304]","[12, 71, 121, 290, 848, 1201, 1341]","[67, 1304]",1731,9,1722,2,7,1722,0
3.5,RNSDHG,"[160, 199, 285, 290, 379, 405, 435, 1007, 1376, 1536, 1775, 1777, 1993, 2205, 2256, 2697, 3035, 3480, 3554, 4077, 4179, 4413, 4705, 5079, 5590, 5691, 5866, 6052, 6095, 6253, 6479, 6576, 6634, 6641, 6877, 6984, 7081, 7600, 7962, 8014, 8314, 8667, 8671, 8888, 9541]","[5691, 6052, 6253, 6984, 8671]","[160, 199, 285, 290, 379, 405, 435, 1007, 1376, 1536, 1775, 1777, 1993, 2205, 2256, 2697, 3035, 3480, 3554, 4077, 4179, 4413, 4705, 5079, 5590, 5866, 6095, 6479, 6576, 6634, 6641, 6877, 7081, 7600, 7962, 8014, 8314, 8667, 8888, 9541]","[4640, 5691, 6052, 6253, 6984, 8671]",9571,45,9526,5,40,9525,1
3.5,RNSVFG,"[213, 500, 636, 670, 1018, 1250, 1267, 1347, 1919]",[500],"[213, 636, 670, 1018, 1250, 1267, 1347, 1919]",[500],1844,9,1835,1,8,1835,0
3.5,RNTHYCSG,"[68, 318, 326, 355, 679, 1071, 1105, 1229, 1450, 1906, 2196, 2203, 2271]","[68, 1071]","[318, 326, 355, 679, 1105, 1229, 1450, 1906, 2196, 2203, 2271]","[68, 1071]",2856,13,2843,2,11,2843,0
3.5,RNU03551,"[46, 64, 219, 584, 620, 715, 766, 832, 1471, 1545, 1969, 2006, 2115, 2183, 2263, 2418, 2461, 2511, 2552, 3083, 3176, 3226, 3360]","[832, 2418, 3083]","[46, 64, 219, 584, 620, 715, 766, 1471, 1545, 1969, 2006, 2115, 2183, 2263, 2461, 2511, 2552, 3176, 3226, 3360]","[832, 2418, 3083]",3591,23,3568,3,20,3568,0
3.5,RNU09193,"[402, 438, 469, 1457, 1727, 2084, 2295, 2449, 2630, 2749, 3084, 3584, 3600, 3612, 3787, 3899, 3910]","[2084, 2749, 3084, 3787]","[402, 438, 469, 1457, 1727, 2295, 2449, 2630, 3584, 3600, 3612, 3899, 3910]","[2084, 2749, 3084, 3787]",4188,17,4171,4,13,4171,0
3.5,RNU12250,"[252, 293, 325, 464, 473, 826, 1704, 1708, 1769]","[293, 473]","[252, 325, 464, 826, 1704, 1708, 1769]","[293, 473]",1864,9,1855,2,7,1855,0
3.5,RNUCPG,"[112, 255, 380, 458, 848, 1135, 1396, 1424, 1519, 1663, 1730, 1796, 1834, 1881, 2428, 2614, 2812, 3539, 3598, 3801, 3844, 4110, 4187, 4310, 4818, 4822, 4896, 4965, 5157, 5677, 5744, 6018, 6121, 6426, 6470, 6660, 6983, 7395, 7846, 7852, 7996, 8157, 8180, 9172, 9401, 9441, 10198, 10292, 10300, 10603, 10871, 11061, 11092, 11481, 11722]","[4310, 5157, 8157, 9401]","[112, 255, 380, 458, 848, 1135, 1396, 1424, 1519, 1663, 1730, 1796, 1834, 1881, 2428, 2614, 2812, 3539, 3598, 3801, 3844, 4110, 4187, 4818, 4822, 4896, 4965, 5677, 5744, 6018, 6121, 6426, 6470, 6660, 6983, 7395, 7846, 7852, 7996, 8180, 9172, 9441, 10198, 10292, 10300, 10603, 10871, 11061, 11092, 11481, 11722]","[4310, 5157, 7964, 8157, 9401]",12497,55,12442,4,51,12441,1
3.5,RNVEGP1,"[305, 926, 1043, 1156, 1262, 1286, 1623, 1629, 1635, 1834, 1994, 2076, 2108, 2628, 2777, 3032, 3454, 3809, 3852, 3940, 4037, 4126, 4140, 4452, 4611, 4844, 4962, 5195, 5630, 5948]","[1262, 1834, 3032, 4037, 4611]","[305, 926, 1043, 1156, 1286, 1623, 1629, 1635, 1994, 2076, 2108, 2628, 2777, 3454, 3809, 3852, 3940, 4126, 4140, 4452, 4844, 4962, 5195, 5630, 5948]","[1262, 1834, 3032, 4037, 4611]",5949,30,5919,5,25,5919,0
3.5,RNVEGP2C,"[84, 430, 536, 1041, 1159, 1272, 1378, 1402, 1739, 1745, 1751, 1950, 2105, 2182, 2213, 2875, 3128, 3918, 3961, 4146, 4671, 4727, 4960, 5078, 5566]","[1378, 1950, 3128, 4146]","[84, 430, 536, 1041, 1159, 1272, 1402, 1739, 1745, 1751, 2105, 2182, 2213, 2875, 3918, 3961, 4671, 4727, 4960, 5078, 5566]","[1378, 1950, 3128, 4146, 4723]",5745,25,5720,4,21,5719,1
3.5,RRU04320,"[323, 573, 838, 1077, 1105, 1126, 1132, 1538, 1559, 2004, 2008, 2022, 2107, 2118, 2500, 2592, 2606, 3080, 3099, 3301, 3412, 3643, 4216, 4275, 5366, 5370, 5456]","[2500, 3643]","[323, 573, 838, 1077, 1105, 1126, 1132, 1538, 1559, 2004, 2008, 2022, 2107, 2118, 2592, 2606, 3080, 3099, 3301, 3412, 4216, 4275, 5366, 5370, 5456]","[2500, 3643]",6799,27,6772,2,25,6772,0
3.5,S46763,"[186, 336, 479, 535, 699, 777, 788, 1006, 1235, 1252, 1406, 1690, 1787, 2111, 2487, 2561, 2722, 2775, 2850, 2928, 2946, 3209, 3245, 3278, 3563, 3954, 4052, 4256, 4358, 4381, 4424, 4801, 5060, 5145, 5469, 6880, 7334, 7349, 7916, 7959, 8012, 8037, 8056, 8294, 8344, 8562]","[1235, 2487, 2775, 4052, 5060, 5469, 6880, 7334, 8012, 8294]","[186, 336, 479, 535, 699, 777, 788, 1006, 1252, 1406, 1690, 1787, 2111, 2561, 2722, 2850, 2928, 2946, 3209, 3245, 3278, 3563, 3954, 4256, 4358, 4381, 4424, 4801, 5145, 7349, 7916, 7959, 8037, 8056, 8344, 8562]","[1235, 2487, 2775, 4052, 4528, 5060, 5469, 6880, 7334, 8012, 8294]",10036,46,9990,10,36,9989,1
3.5,S49651,"[246, 471, 823, 1117, 1189, 1229, 1652, 2378, 2476, 3255, 3571, 3856, 4137, 4577, 4624]","[1652, 3255, 4137]","[246, 471, 823, 1117, 1189, 1229, 2378, 2476, 3571, 3856, 4577, 4624]","[1652, 2786, 3255, 4137]",5441,15,5426,3,12,5425,1
3.5,S57980,"[44, 236, 437, 443, 498, 527, 732, 875, 1261, 2198, 2319, 2700, 3119, 3645, 3833, 3839, 3914, 4046, 4277, 4524, 4725, 4818, 5331, 5678, 5763, 6007, 6678, 7002, 7410]","[875, 3645, 4524]","[44, 236, 437, 443, 498, 527, 732, 1261, 2198, 2319, 2700, 3119, 3833, 3839, 3914, 4046, 4277, 4725, 4818, 5331, 5678, 5763, 6007, 6678, 7002, 7410]","[875, 3645, 4524]",7666,29,7637,3,26,7637,0
3.5,S62287,"[190, 239, 570, 1266, 1493, 1673, 1965, 1970, 2470, 2535, 2619, 2808, 3108, 3167, 3356]",[1266],"[190, 239, 570, 1493, 1673, 1965, 1970, 2470, 2535, 2619, 2808, 3108, 3167, 3356]",[1266],3426,15,3411,1,14,3411,0
3.5,S63697,"[280, 829, 1240]","[280, 829]",[1240],"[280, 829]",1332,3,1329,2,1,1329,0
3.5,S66606,"[152, 238, 248, 325, 340, 379, 385, 679, 865, 1076, 1846, 1875, 2506, 2706, 3613, 3631, 3675, 3723, 3899, 3982, 4067, 4530, 4598, 4706, 5644, 5936, 5958, 6167, 6171, 6255, 6296]","[2506, 2706, 3899, 4598]","[152, 238, 248, 325, 340, 379, 385, 679, 865, 1076, 1846, 1875, 3613, 3631, 3675, 3723, 3982, 4067, 4530, 4706, 5644, 5936, 5958, 6167, 6171, 6255, 6296]","[2506, 2706, 3899, 4598]",6360,31,6329,4,27,6329,0
3.5,S67057,"[49, 83, 98, 322, 840]",[840],"[49, 83, 98, 322]",[840],1747,5,1742,1,4,1742,0
3.5,S69277,"[142, 151, 207, 857, 1007, 1706, 1967, 1971, 2058, 2074, 2101, 2103, 2538, 3072, 3098, 3229, 3316, 3521, 3723, 3839, 4103, 4385, 4556, 4726, 4852, 5378]","[3098, 3316, 3521, 3839, 4103]","[142, 151, 207, 857, 1007, 1706, 1967, 1971, 2058, 2074, 2101, 2103, 2538, 3072, 3229, 3723, 4385, 4556, 4726, 4852, 5378]","[3098, 3316, 3521, 3839, 4103]",5517,26,5491,5,21,5491,0
3.5,S69278,"[84, 279, 323, 547, 846, 861, 1184, 1402, 1406, 1500, 1529, 2564, 2590, 2739, 2826, 3031, 3231, 3347, 3561, 3832, 4004, 4174, 4236, 4880]","[2590, 2826, 3031, 3347, 3561]","[84, 279, 323, 547, 846, 861, 1184, 1402, 1406, 1500, 1529, 2564, 2739, 3231, 3832, 4004, 4174, 4236, 4880]","[2590, 2826, 3031, 3347, 3561]",5016,24,4992,5,19,4992,0
3.5,S69350,"[235, 566, 1179, 1866, 2039, 2149]",[235],"[566, 1179, 1866, 2039, 2149]",[235],2153,6,2147,1,5,2147,0
3.5,SAIEGLOBIM,"[221, 237, 346, 474, 541, 588, 604, 983, 1001, 1194, 1317, 1329, 1397, 1425, 1444, 1598]","[237, 588]","[221, 346, 474, 541, 604, 983, 1001, 1194, 1317, 1329, 1397, 1425, 1444, 1598]","[237, 588]",1827,16,1811,2,14,1811,0
3.5,SMIGCU,"[696, 799, 911, 1233, 1631, 1779, 1805, 1946, 2139, 2173, 2612, 2624]","[799, 1233, 1631]","[696, 911, 1779, 1805, 1946, 2139, 2173, 2612, 2624]","[799, 1233, 1631]",2834,12,2822,3,9,2822,0
3.5,SMNPRP1A,"[215, 236]",[215],[236],[215],624,2,622,1,1,622,0
3.5,SOEEGLOBIN,"[17, 220, 236, 344, 472, 539, 586, 602, 935, 1060, 1183, 1195, 1263, 1291, 1310, 1460]","[236, 586]","[17, 220, 344, 472, 539, 602, 935, 1060, 1183, 1195, 1263, 1291, 1310, 1460]","[236, 586]",1689,16,1673,2,14,1673,0
3.5,SSBAT1G,"[260, 482, 518, 1316, 1344, 1446, 1471, 1681, 1843, 2021, 2215, 2323, 2425, 2582, 2592, 2610, 2616, 2716, 2814, 2990, 3618, 3837, 4001, 4399, 4538, 4875, 5527, 5738, 6021, 6104, 6390, 6533, 6678, 6735, 6908, 6978, 7799, 8238, 8485, 8489, 8708, 8767, 9144, 9252, 9674, 10370, 10537]","[1316, 2215, 2582, 4538, 8238, 9144, 9674]","[260, 482, 518, 1344, 1446, 1471, 1681, 1843, 2021, 2323, 2425, 2592, 2610, 2616, 2716, 2814, 2990, 3618, 3837, 4001, 4399, 4875, 5527, 5738, 6021, 6104, 6390, 6533, 6678, 6735, 6908, 6978, 7799, 8485, 8489, 8708, 8767, 9252, 10370, 10537]","[1316, 2215, 2582, 4538, 5771, 8238, 9144, 9388, 9674]",10667,47,10620,7,40,10618,2
3.5,SSIKBAGE,"[60, 788, 956, 1247, 1575, 1729, 2377, 2469, 2528, 3151, 3334, 3520, 3620, 3713, 3766, 3938, 3954, 4091, 4470, 4600, 5251, 5304, 5601, 5628]","[2469, 3151, 3713, 4091, 4470]","[60, 788, 956, 1247, 1575, 1729, 2377, 2528, 3334, 3520, 3620, 3766, 3938, 3954, 4600, 5251, 5304, 5601, 5628]","[2469, 3151, 3713, 4091, 4470]",5757,24,5733,5,19,5733,0
3.5,SSPINT1B,"[88, 185, 206, 743, 1081, 1518, 1615, 1933, 1971, 2127, 2252, 2551, 2673, 2759, 3399, 3407, 3903, 4159, 4582, 4793, 5245, 6247, 6605, 6609, 6774, 6790, 7102, 7761, 8049, 8233, 8246, 8448, 8541, 8611, 8731]","[1971, 2551, 3903, 5245, 6605]","[88, 185, 206, 743, 1081, 1518, 1615, 1933, 2127, 2252, 2673, 2759, 3399, 3407, 4159, 4582, 4793, 6247, 6609, 6774, 6790, 7102, 7761, 8049, 8233, 8246, 8448, 8541, 8611, 8731]","[1971, 2551, 3903, 5245, 6605]",8745,35,8710,5,30,8710,0
3.5,TAPROTP1,[],[],[],[230],548,0,548,0,0,547,1
3.5,TARHBE,"[76, 103, 119, 351, 400, 418, 465, 1202]","[119, 465]","[76, 103, 351, 400, 418, 1202]","[119, 465]",1683,8,1675,2,6,1675,0
3.5,TARHBG,"[58, 227, 265, 276, 608, 704, 1032, 1217, 1488, 1822, 2059, 2072]",[265],"[58, 227, 276, 608, 704, 1032, 1217, 1488, 1822, 2059, 2072]","[265, 612]",2140,12,2128,1,11,2127,1
3.5,TFLPA2P1,"[266, 272, 326, 374, 596, 650, 883, 972, 1293, 1311, 1749, 1848, 2031, 2035, 2108, 2240, 2495]","[596, 972, 1749]","[266, 272, 326, 374, 650, 883, 1293, 1311, 1848, 2031, 2035, 2108, 2240, 2495]","[596, 972, 1749]",2709,17,2692,3,14,2692,0
3.5,TFLPA2P2,"[266, 368, 590, 644, 900, 935, 966, 1017, 1286, 1304, 1565, 1783, 1882, 2068, 2072, 2274]","[590, 966, 1783]","[266, 368, 644, 900, 935, 1017, 1286, 1304, 1565, 1882, 2068, 2072, 2274]","[590, 966, 1783]",2432,16,2416,3,13,2416,0
3.5,TFLPA2P3,"[266, 272, 326, 374, 596, 650, 883, 972, 1293, 1311, 1749, 1848, 2031, 2035, 2108, 2240, 2495]","[596, 972, 1749]","[266, 272, 326, 374, 650, 883, 1293, 1311, 1848, 2031, 2035, 2108, 2240, 2495]","[596, 972, 1749]",2709,17,2692,3,14,2692,0
3.5,TFLPA2P4,"[266, 368, 590, 644, 900, 935, 966, 1017, 1286, 1304, 1565, 1783, 1882, 2068, 2072, 2274]","[590, 966, 1783]","[266, 368, 644, 900, 935, 1017, 1286, 1304, 1565, 1882, 2068, 2072, 2274]","[590, 966, 1783]",2432,16,2416,3,13,2416,0
3.5,TGLHBB,"[155, 519, 712, 774, 888, 1106, 1214, 1256, 1742, 1770, 2034, 2233]","[519, 888]","[155, 712, 774, 1106, 1214, 1256, 1742, 1770, 2034, 2233]","[519, 888]",2301,12,2289,2,10,2289,0
3.5,TIOPRP1A,"[212, 233]",[212],[233],[212],557,2,555,1,1,555,0
3.5,U00432,"[83, 237, 793, 975, 1101, 1203, 1312, 1459]","[83, 237, 793, 1101, 1312]","[975, 1203, 1459]","[83, 237, 793, 1101, 1312]",1576,8,1568,5,3,1568,0
3.5,U00433,"[83, 267, 752, 936, 1245, 1270, 1424]","[83, 267, 752, 1270]","[936, 1245, 1424]","[83, 267, 752, 1062, 1270]",1546,7,1539,4,3,1538,1
3.5,U00454,"[131, 413, 772, 849, 951, 1031, 1062, 1066, 1090, 1263, 1598, 1631, 1749, 1967, 2071, 2382, 2781, 2823, 3201, 3464, 3905, 4179, 4328, 4529, 4653, 4824, 4862, 5011, 5303, 5625, 5820, 6565, 6782, 6800, 6887, 7057]","[1598, 4862]","[131, 413, 772, 849, 951, 1031, 1062, 1066, 1090, 1263, 1631, 1749, 1967, 2071, 2382, 2781, 2823, 3201, 3464, 3905, 4179, 4328, 4529, 4653, 4824, 5011, 5303, 5625, 5820, 6565, 6782, 6800, 6887, 7057]","[1598, 4862]",7193,36,7157,2,34,7157,0
3.5,U00938,"[60, 71, 102, 247, 556, 832, 912, 1133, 1169, 1173, 1454, 1465, 1516, 2179, 2207, 2384, 2611, 2661, 2715, 2719, 2742, 2824, 3013, 3017, 3079, 3311, 3397, 3587, 3617, 3702, 4070, 4796, 5155, 5202, 5261, 5452, 5570, 5640, 5745, 5809, 5962, 6009, 6482, 6711]","[1169, 4070, 5155]","[60, 71, 102, 247, 556, 832, 912, 1133, 1173, 1454, 1465, 1516, 2179, 2207, 2384, 2611, 2661, 2715, 2719, 2742, 2824, 3013, 3017, 3079, 3311, 3397, 3587, 3617, 3702, 4796, 5202, 5261, 5452, 5570, 5640, 5745, 5809, 5962, 6009, 6482, 6711]","[1169, 4070, 5155]",6781,44,6737,3,41,6737,0
3.5,U01026,"[52, 492, 1105, 1153, 1364, 1419, 1746, 1927, 2071, 2154, 2316, 2537, 2636, 2760, 2826, 3028]","[1364, 1746, 2537]","[52, 492, 1105, 1153, 1419, 1927, 2071, 2154, 2316, 2636, 2760, 2826, 3028]","[1364, 1746, 2537]",3217,16,3201,3,13,3201,0
3.5,U01027,"[248, 309, 357, 571, 625, 947, 1128, 1272, 1290, 1710, 1809, 1999, 2192, 2740]","[571, 947, 1710]","[248, 309, 357, 625, 1128, 1272, 1290, 1809, 1999, 2192, 2740]","[571, 947, 1710]",2762,14,2748,3,11,2748,0
3.5,U01844,"[64, 304, 476, 623, 663, 684, 1307, 1472, 1559, 1589, 1770, 1919, 1986, 2090, 2141, 2395, 2474, 2585, 2653, 3175, 3211, 3256, 3403, 3781, 3843]","[1986, 2141, 2474, 2653, 3211]","[64, 304, 476, 623, 663, 684, 1307, 1472, 1559, 1589, 1770, 1919, 2090, 2395, 2585, 3175, 3256, 3403, 3781, 3843]","[1986, 2141, 2474, 2653, 3211]",4220,25,4195,5,20,4195,0
3.5,XELCRPGA,"[285, 726, 842, 892, 1096, 1871, 2377, 2504, 2961, 3199, 3338, 3497, 3794]",[1096],"[285, 726, 842, 892, 1871, 2377, 2504, 2961, 3199, 3338, 3497, 3794]",[1096],3892,13,3879,1,12,3879,0
3.5,XELCRYB,"[162, 170, 196, 200, 592, 605, 706, 945, 990, 1326, 1500]","[706, 1326]","[162, 170, 196, 200, 592, 605, 945, 990, 1500]","[706, 1326]",2050,11,2039,2,9,2039,0
3.5,XELHBBC,"[263, 678, 715, 1352, 1418, 1832, 1844]","[263, 678]","[715, 1352, 1418, 1832, 1844]","[263, 678]",1982,7,1975,2,5,1975,0
3.5,XLACTA,"[309, 553, 1260, 1349, 2591, 3197, 3422, 3556, 3815, 3868, 3913, 3976, 4138, 4592, 4845, 4946, 4961, 5012, 5128, 5338, 5353, 5509, 5898]","[2591, 3868, 4138, 4845, 5128]","[309, 553, 1260, 1349, 3197, 3422, 3556, 3815, 3913, 3976, 4592, 4946, 4961, 5012, 5338, 5353, 5509, 5898]","[2591, 3868, 4138, 4845, 5128]",5947,23,5924,5,18,5924,0
3.5,XLACTCAG,"[831, 855, 1201, 1600, 1605, 1638, 2094, 2398, 2473, 3023, 3128, 3298, 3302, 3325, 3329, 3353, 3386, 3561, 3591, 3614, 4364, 4412, 4769, 4931, 5493, 5562, 6279, 6294, 6355, 6461, 7511, 7853, 8347, 8410, 8892]","[2473, 3614, 4931, 5562, 6461]","[831, 855, 1201, 1600, 1605, 1638, 2094, 2398, 3023, 3128, 3298, 3302, 3325, 3329, 3353, 3386, 3561, 3591, 4364, 4412, 4769, 5493, 6279, 6294, 6355, 7511, 7853, 8347, 8410, 8892]","[2473, 3614, 4931, 5562, 6461]",8901,35,8866,5,30,8866,0
3.5,XLBGL3,"[388, 1040, 1175, 1551, 1851, 2443, 2638]","[388, 1175]","[1040, 1551, 1851, 2443, 2638]","[388, 1175]",2965,7,2958,2,5,2958,0
3.5,XLGLAA1,"[137, 502, 559, 590, 594, 650]","[137, 502]","[559, 590, 594, 650]","[137, 502]",1193,6,1187,2,4,1187,0
3.5,XLGLAA2,"[138, 519, 586, 601, 1163]","[138, 519]","[586, 601, 1163]","[138, 519]",1193,5,1188,2,3,1188,0
3.5,XLK81A1G,"[1517, 1618, 1671, 1911, 2033, 2294, 2369, 2734, 2900, 2928, 3026, 3145, 3149, 3240, 3388, 3409, 3531, 3647, 3849, 4127, 4170, 4425, 4429, 4769, 5223, 5318, 5672]","[2294, 2734, 3026, 3531, 3849, 4170]","[1517, 1618, 1671, 1911, 2033, 2369, 2900, 2928, 3145, 3149, 3240, 3388, 3409, 3647, 4127, 4425, 4429, 4769, 5223, 5318, 5672]","[1759, 2294, 2734, 3026, 3531, 3849, 4170]",5893,27,5866,6,21,5865,1
3.5,XLRPL14,"[377, 709, 912, 1141, 1292, 1499, 1601, 1605, 1837, 2087, 2140, 2145, 2560, 2624, 2713, 3051, 3085, 3651, 3897, 4037, 4978, 5232, 5287, 5356, 5856, 6146, 6481, 6485, 6804, 7158, 7239, 7618, 7840, 7904, 8659, 9072]","[912, 2087, 4978, 5356, 7904]","[377, 709, 1141, 1292, 1499, 1601, 1605, 1837, 2140, 2145, 2560, 2624, 2713, 3051, 3085, 3651, 3897, 4037, 5232, 5287, 5856, 6146, 6481, 6485, 6804, 7158, 7239, 7618, 7840, 8659, 9072]","[912, 1891, 2087, 4978, 5356, 7904]",9117,36,9081,5,31,9080,1
3.5,XLRPL1AG,"[308, 339, 503, 512, 543, 634, 1078, 1597, 2105, 2121, 2638, 2695, 2818, 3137, 3594, 3735, 3831, 3844, 4433, 4533, 4573, 4994, 5179, 5232, 5303, 5480, 5643, 5757, 5825, 5916, 5925, 6206, 6451]","[512, 2121, 2818, 3137, 3831, 4573, 5179, 5757]","[308, 339, 503, 543, 634, 1078, 1597, 2105, 2638, 2695, 3594, 3735, 3844, 4433, 4533, 4994, 5232, 5303, 5480, 5643, 5825, 5916, 5925, 6206, 6451]","[512, 2121, 2438, 2818, 3137, 3831, 4573, 5179, 5757]",6950,33,6917,8,25,6916,1
3.5,XLS8,"[83, 87, 164, 692, 804, 961, 1006, 1530, 1867, 1874, 2032, 2326, 2616, 2865, 2893, 3505, 3938, 3963, 4181, 4498, 4856, 5432, 5618, 5708, 5849, 5912, 6119, 6325, 6381, 6468, 6931, 7181, 7381, 8071, 8411, 8542, 9259, 9325, 9832, 9886, 10366, 10822, 10967, 10988, 12265, 12388, 12527, 12978, 13088]","[2032, 3938, 5912, 7381]","[83, 87, 164, 692, 804, 961, 1006, 1530, 1867, 1874, 2326, 2616, 2865, 2893, 3505, 3963, 4181, 4498, 4856, 5432, 5618, 5708, 5849, 6119, 6325, 6381, 6468, 6931, 7181, 8071, 8411, 8542, 9259, 9325, 9832, 9886, 10366, 10822, 10967, 10988, 12265, 12388, 12527, 12978, 13088]","[2032, 3938, 5912, 7381, 12177]",13517,49,13468,4,45,13467,1
3.5,XLTUBAG,"[272, 482, 591, 595, 678, 1023, 1030, 1280, 1323, 1454, 1541, 1555, 1613, 1885, 2006, 2020, 2440, 2610, 2870, 3080, 3094, 3268, 3684, 3744, 4024, 4179, 4224, 4401, 4775, 4898, 5039, 5214, 5431, 5575, 6312, 6494, 6604, 6612, 6618, 6630, 6686]","[678, 4401, 5575]","[272, 482, 591, 595, 1023, 1030, 1280, 1323, 1454, 1541, 1555, 1613, 1885, 2006, 2020, 2440, 2610, 2870, 3080, 3094, 3268, 3684, 3744, 4024, 4179, 4224, 4775, 4898, 5039, 5214, 5431, 6312, 6494, 6604, 6612, 6618, 6630, 6686]","[678, 4401, 5575]",6889,41,6848,3,38,6848,0
3.5,XLXANF1A,"[1460, 1789, 1960, 2647, 2706, 3255, 3259, 4478, 4595]","[1460, 1960, 2706]","[1789, 2647, 3255, 3259, 4478, 4595]","[1460, 1960, 2706]",4879,9,4870,3,6,4870,0
3.5,XTGLA,"[158, 235, 269, 286, 419, 731, 1323, 1752, 2034, 2283, 2838, 2861, 3340, 3493, 4013, 4344, 4437, 4443]","[731, 2838]","[158, 235, 269, 286, 419, 1323, 1752, 2034, 2283, 2861, 3340, 3493, 4013, 4344, 4437, 4443]","[731, 2838]",4839,18,4821,2,16,4821,0
3.5,XTGLAA,"[416, 541, 656, 1036, 1411, 1493]","[1036, 1411]","[416, 541, 656, 1493]","[1036, 1411]",1993,6,1987,2,4,1987,0
3.5,XTGLB,"[21, 169, 212, 389, 1398, 1823, 2097, 2384, 2643, 2836, 3061, 3539, 4034]","[2384, 2836]","[21, 169, 212, 389, 1398, 1823, 2097, 2643, 3061, 3539, 4034]","[2384, 2836]",4044,13,4031,2,11,4031,0
3.5,ZEFB2MICB,"[304, 684, 985, 1187, 1323, 1345]","[304, 1187]","[684, 985, 1323, 1345]","[304, 1187]",2194,6,2188,2,4,2188,0
