Threshold,Locus,Predict Sites,Positive Sites,Negative Sites,Actual Donor Sites,Predict Num,Predict Positive Num,Predict Negative Num,TP,FP,TN,FN
6.0,ACU08131,"[2029, 2803, 3336]","[2029, 2803]",[3336],"[642, 1363, 2029, 2803, 3798]",5385,3,5382,2,1,5379,3
6.0,AGGGLINE,"[3504, 4309, 6387]",[3504],"[4309, 6387]","[3158, 3504]",7222,3,7219,1,2,7218,1
6.0,AGU04852,"[536, 3877, 3956, 5912, 6740, 8817]","[3956, 5912, 6740]","[536, 3877, 8817]","[3956, 5517, 5912, 6740]",10977,6,10971,3,3,10970,1
6.0,ALOEGLOBIM,"[237, 583]","[237, 583]",[],"[237, 583]",1684,2,1682,2,0,1682,0
6.0,ALOEGLOBIN,"[237, 583, 1182]","[237, 583]",[1182],"[237, 583]",1684,3,1681,2,1,1681,0
6.0,ALOPROTP1A,[],[],[],[166],411,0,411,0,0,410,1
6.0,AMU12024,"[257, 667, 2482]","[257, 667, 2482]",[],"[257, 667, 1864, 2126, 2482]",3645,3,3642,3,0,3640,2
6.0,AMU12025,"[1080, 1412, 1830, 2654, 3278]","[1412, 1830, 2654, 3278]",[1080],"[1412, 1830, 2654, 2902, 3278]",5376,5,5371,4,1,5370,1
6.0,AOIRHODOPS,"[1702, 1969, 4005, 4067, 5373]","[1702, 4067, 5373]","[1969, 4005]","[1702, 4067, 5373, 6243]",9916,5,9911,3,2,9910,1
6.0,ASPROP2,[],[],[],[325],665,0,665,0,0,664,1
6.0,ASYRVISP,"[625, 1042]","[625, 1042]",[],"[625, 1042, 1335, 1585, 1916]",2222,2,2220,2,0,2217,3
6.0,ATREGLOBIN,"[237, 588]","[237, 588]",[],"[237, 588]",1692,2,1690,2,0,1690,0
6.0,BABAPOE,"[60, 2847]",[2847],[60],"[897, 2847]",4755,2,4753,1,1,4752,1
6.0,BATROX,"[341, 3011, 3975]","[341, 3011]",[3975],"[341, 3011, 5035, 6955]",8093,3,8090,2,1,8088,2
6.0,BCHEGLOBIN,"[237, 583, 1196]","[237, 583]",[1196],"[237, 583]",1698,3,1695,2,1,1695,0
6.0,BOVANPA,[],[],[],"[433, 858]",1762,0,1762,0,0,1760,2
6.0,BOVCOX7AL,"[3328, 5049]",[5049],[3328],"[1540, 2812, 5049]",6850,2,6848,1,1,6846,2
6.0,BOVGAS,[],[],[],[751],1059,0,1059,0,0,1058,1
6.0,BOVIAP,"[1318, 1764, 1994, 3392, 3996]","[1764, 1994, 3392, 3996]",[1318],"[1568, 1764, 1994, 2354, 2606, 2999, 3157, 3392, 3667, 3996]",5392,5,5387,4,1,5381,6
6.0,BOVIRBP,"[3174, 3723, 3801, 4212, 6494, 7699, 9959, 11020]","[3174, 7699]","[3723, 3801, 4212, 6494, 9959, 11020]","[3174, 5595, 7699]",11786,8,11778,2,6,11777,1
6.0,BOVLHB,[803],[803],[],"[803, 1272]",1857,1,1856,1,0,1855,1
6.0,BOVLYSOZMA,[5771],[5771],[],"[3039, 5771, 8654]",12215,1,12214,1,0,12212,2
6.0,BOVLYSOZMB,"[1662, 4005, 5148, 6212, 6807, 7058]","[4005, 6212]","[1662, 5148, 6807, 7058]","[2673, 4005, 6212]",10205,6,10199,2,4,10198,1
6.0,BOVLYSOZMC,[2323],[2323],[],"[905, 2323, 4194]",8044,1,8043,1,0,8041,2
6.0,BOVMYF5A,[273],[],[273],"[698, 1625]",5212,1,5211,0,1,5209,2
6.0,BRHOX22,[1431],[1431],[],[1431],3435,1,3434,1,0,3434,0
6.0,BRHOX34A,[],[],[],[981],3491,0,3491,0,0,3490,1
6.0,BRU12895,"[1135, 1986]",[1135],[1986],[1135],3233,2,3231,1,1,3231,0
6.0,BTATPAAA,"[2314, 4106, 4188, 5729]","[2314, 5729]","[4106, 4188]","[740, 2314, 3707, 5729, 5984, 6337, 6827, 7151, 7770, 8023, 9129]",9908,4,9904,2,2,9895,9
6.0,BTEBGL2,"[294, 310, 658]","[310, 658]",[294],"[310, 658]",1834,3,1831,2,1,1831,0
6.0,BTEBGL4,"[294, 310, 658, 815]","[310, 658]","[294, 815]","[310, 658]",1829,4,1825,2,2,1825,0
6.0,BTGL01,"[365, 1008]","[365, 1008]",[],"[365, 1008]",2041,2,2039,2,0,2039,0
6.0,BTHOR02,[],[],[],"[484, 1920]",2420,0,2420,0,0,2418,2
6.0,BTKER6B,"[1678, 2346]",[1678],[2346],"[1678, 2559, 3070, 3315, 3530, 4056, 4666]",5719,2,5717,1,1,5711,6
6.0,BTSPDNA,[],[],[],[1541],2149,0,2149,0,0,2148,1
6.0,BTSVSP109,"[799, 2189, 2359, 2555, 5292, 5643, 6096]","[2359, 5292]","[799, 2189, 2555, 5643, 6096]","[2359, 3984, 5292]",6949,7,6942,2,5,6941,1
6.0,BTTNP2G,"[847, 1326]",[],"[847, 1326]",[774],1842,2,1840,0,2,1839,1
6.0,BTU02285,"[21, 1858, 4222, 4780, 5056]","[4222, 4780, 5056]","[21, 1858]","[3792, 4222, 4487, 4780, 5056]",6389,5,6384,3,2,6382,2
6.0,CALEGLOBIM,"[236, 587, 1197]","[236, 587]",[1197],"[236, 587]",1691,3,1688,2,1,1688,0
6.0,CBUEGLOBIM,"[236, 587, 1197]","[236, 587]",[1197],"[236, 587]",1691,3,1688,2,1,1688,0
6.0,CCALAC,[2409],[2409],[],"[1358, 1852, 2409]",3620,1,3619,1,0,3617,2
6.0,CCBEGLOBIM,"[237, 587, 1203]","[237, 587]",[1203],"[237, 587]",1696,3,1693,2,1,1693,0
6.0,CCBEGLOBIN,"[238, 589, 1206]","[238, 589]",[1206],"[238, 589]",1699,3,1696,2,1,1696,0
6.0,CCGHG,"[283, 1778]","[283, 1778]",[],"[283, 706, 1051, 1778]",2831,2,2829,2,0,2827,2
6.0,CCGONBS1,[],[],[],"[1767, 2072]",3464,0,3464,0,0,3462,2
6.0,CCGONBS2,[],[],[],"[1785, 2091]",3483,0,3483,0,0,3481,2
6.0,CCGTHA1,[],[],[],"[302, 572]",1145,0,1145,0,0,1143,2
6.0,CCT64CLU,"[1644, 2757, 3005, 4514]","[1644, 2757, 3005, 4514]",[],"[1644, 2757, 3005, 3496, 4514, 5272, 5659]",6278,4,6274,4,0,6271,3
6.0,CEPPINS,[],[],[],[858],1902,0,1902,0,0,1901,1
6.0,CHBLG,"[4019, 4298, 4861, 6255]",[4019],"[4298, 4861, 6255]","[2285, 3090, 4019, 5246, 6025]",8081,4,8077,1,3,8073,4
6.0,CHEBGLI,"[909, 1213]",[909],[1213],"[570, 909]",2206,2,2204,1,1,2203,1
6.0,CHEBGLII,"[547, 563, 912]","[563, 912]",[547],"[563, 912]",2260,3,2257,2,1,2257,0
6.0,CHKALDB,"[4004, 5748, 6172, 6664, 6955, 6960, 7504, 8186, 10844]","[6172, 6664, 6955, 8186]","[4004, 5748, 6960, 7504, 10844]","[6172, 6664, 6955, 7265, 8186, 8842, 9185]",11644,9,11635,4,5,11632,3
6.0,CHKAPOII,"[1839, 2131, 3317]",[3317],"[1839, 2131]","[3317, 3820]",4954,3,4951,1,2,4950,1
6.0,CHKDPCP,"[347, 637, 1624]",[637],"[347, 1624]",[637],1903,3,1900,1,2,1900,0
6.0,CHKMAX,"[1236, 2127, 2291, 3928, 4295]","[2127, 2291, 3928, 4295]",[1236],"[2127, 2291, 3928, 4295]",5691,5,5686,4,1,5686,0
6.0,CHKMYOD,"[2106, 4941, 6150]","[4941, 6150]",[2106],"[4941, 6150]",7382,3,7379,2,1,7379,0
6.0,CHKOVAL,"[1390, 3164]",[3164],[1390],"[3164, 3466, 4176, 4694, 5795, 6282]",9199,2,9197,1,1,9192,5
6.0,CHKRPL30,"[671, 801, 1872, 2753]","[801, 1872, 2753]",[671],"[801, 1872, 2753]",3885,4,3881,3,1,3881,0
6.0,CHKRPL37A,"[1376, 2125, 2255]",[1376],"[2125, 2255]","[798, 1376, 2386]",3466,3,3463,1,2,3461,2
6.0,CHKRPL5G,"[1632, 2618]",[1632],[2618],"[498, 1419, 1632, 3157, 3955, 5165, 6897]",8314,2,8312,1,1,8306,6
6.0,CHKTUB4B,"[779, 1573]",[1573],[779],"[437, 949, 1573]",3146,2,3144,1,1,3142,2
6.0,CHKY,"[1664, 3603, 4683]","[3603, 4683]",[1664],"[3603, 4199, 4683, 5648, 6012, 6249]",8365,3,8362,2,1,8358,4
6.0,CHPPHYGEN,"[22, 3764, 3786, 4945, 7000, 10818, 10833, 10849, 11193, 12603]",[4945],"[22, 3764, 3786, 7000, 10818, 10833, 10849, 11193, 12603]","[4599, 4945]",13690,10,13680,1,9,13679,1
6.0,CHPPROTP1A,[],[],[],[159],398,0,398,0,0,397,1
6.0,CHPPROTP1B,[],[],[],[160],397,0,397,0,0,396,1
6.0,CHWEGLOBIM,"[237, 588]","[237, 588]",[],"[237, 588]",1702,2,1700,2,0,1700,0
6.0,CIGH,"[2029, 2889]",[2889],[2029],"[1281, 1691, 2280, 2889]",3968,2,3966,1,1,3963,3
6.0,CITEGLOBIM,"[236, 587, 1198]","[236, 587]",[1198],"[236, 587]",1692,3,1689,2,1,1689,0
6.0,CJAEGLOBIN,"[237, 588]","[237, 588]",[],"[237, 588]",1703,2,1701,2,0,1701,0
6.0,CJINTERFG,"[4187, 4465]","[4187, 4465]",[],"[2881, 4187, 4465]",8520,2,8518,2,0,8517,1
6.0,CL54K,"[512, 959, 1177, 1294, 1538, 2581, 2696]",[512],"[959, 1177, 1294, 1538, 2581, 2696]",[512],3409,7,3402,1,6,3402,0
6.0,CMBGA2B2,"[383, 989, 1597]",[383],"[989, 1597]","[383, 718]",2685,3,2682,1,2,2681,1
6.0,CMEGA2E2,[416],[416],[],"[416, 753]",2047,1,2046,1,0,2045,1
6.0,CMU11711,"[1685, 2031]","[1685, 2031]",[],"[1685, 2031]",3165,2,3163,2,0,3163,0
6.0,CPPROT1GN,[],[],[],[164],391,0,391,0,0,390,1
6.0,CRASEQB,"[2825, 3464]",[2825],[3464],"[1920, 2825]",5121,2,5119,1,1,5118,1
6.0,CRUCH7AHYD,"[1731, 2941, 3016, 5283, 7866]","[1731, 7866]","[2941, 3016, 5283]","[1731, 3651, 4938, 6076, 7866]",10607,5,10602,2,3,10599,3
6.0,CRUGAD45A,"[1877, 2417]","[1877, 2417]",[],"[1877, 2063, 2417]",4428,2,4426,2,0,4425,1
6.0,DMPROTP1,[],[],[],[249],617,0,617,0,0,616,1
6.0,DMU11712,"[1705, 2043]","[1705, 2043]",[],"[1705, 2043]",3020,2,3018,2,0,3018,0
6.0,DOGCOLIP,"[224, 249, 416, 1411, 2378, 2508]",[2378],"[224, 249, 416, 1411, 2508]","[1108, 2378]",3157,6,3151,1,5,3150,1
6.0,DOGIL8T,[118],[118],[],"[118, 1406, 1769]",2230,1,2229,1,0,2227,2
6.0,ECGLOAP1,[657],[657],[],"[363, 657]",1134,1,1133,1,0,1132,1
6.0,ECPZA2GL,"[954, 1560, 3576, 4059]","[3576, 4059]","[954, 1560]","[3576, 4059]",5082,4,5078,2,2,5078,0
6.0,ECZGL1,[700],[700],[],"[700, 1534]",1995,1,1994,1,0,1993,1
6.0,ECZGL2,[255],[255],[],"[255, 1084]",1556,1,1555,1,0,1554,1
6.0,ELMETL,[],[],[],"[1097, 1291]",1866,0,1866,0,0,1864,2
6.0,FDFELDI2,"[678, 1070, 1882, 2011]",[],"[678, 1070, 1882, 2011]","[276, 970]",2418,4,2414,0,4,2412,2
6.0,FDTNFA,"[187, 972]","[187, 972]",[],"[187, 790, 972]",1715,2,1713,2,0,1712,1
6.0,GDMYF5G,"[1036, 1104]",[1036],[1104],"[639, 1036]",1602,2,1600,1,1,1599,1
6.0,GGAC01,"[273, 634, 1586, 1666, 3189]","[1666, 3189]","[273, 634, 1586]","[1666, 2226, 3189, 3677]",5039,5,5034,2,3,5032,2
6.0,GGACTAC,"[339, 3218, 4398]","[3218, 4398]",[339],"[970, 2127, 2914, 3218, 4398]",5456,3,5453,2,1,5450,3
6.0,GGACTI,"[153, 841, 1841]","[841, 1841]",[153],"[404, 841, 1137, 1554, 1841]",2419,3,2416,2,1,2413,3
6.0,GGCALB,"[1292, 1863, 2289, 6149, 6784, 7824, 8718, 9052]","[1863, 2289, 6784, 7824, 8718, 9052]","[1292, 6149]","[386, 1863, 2289, 3467, 3793, 4235, 4894, 5205, 5933, 6784, 7035, 7824, 8718, 9052, 9685, 10195]",11061,8,11053,6,2,11043,10
6.0,GGCRYD1,"[267, 441, 5234, 6395]","[441, 5234, 6395]",[267],"[441, 1734, 2742, 3150, 3516, 3944, 4332, 4528, 4907, 5234, 5899, 6138, 6395, 6734, 7213]",8153,4,8149,3,1,8137,12
6.0,GGGL03,"[432, 1160]",[432],[1160],"[432, 768]",1201,2,1199,1,1,1198,1
6.0,GGGNRHIA,"[1684, 3627, 4392, 4544]","[3627, 4392]","[1684, 4544]","[3627, 4392]",6275,4,6271,2,2,6271,0
6.0,GGNFM1D,[1541],[],[1541],"[2132, 2451]",5631,1,5630,0,1,5628,2
6.0,GGPROP2,[],[],[],[307],641,0,641,0,0,640,1
6.0,GGRIHBGEN,"[1038, 1973, 2982, 3454]","[2982, 3454]","[1038, 1973]","[2982, 3219, 3454]",3879,4,3875,2,2,3874,1
6.0,GGVITIIG,"[54, 190, 2561, 2948, 2952, 3138, 4818, 5848, 6443, 8481, 10714, 10971, 12272, 12791, 15771, 15880, 19081, 20126]","[54, 190, 2948, 4818, 6443, 10714, 12272, 15771, 19081]","[2561, 2952, 3138, 5848, 8481, 10971, 12791, 15880, 20126]","[54, 190, 442, 2021, 2694, 2948, 3267, 3543, 3791, 4818, 5441, 6229, 6443, 7045, 7268, 8026, 8302, 9149, 9467, 10104, 10448, 10714, 11757, 12272, 12615, 13267, 13505, 14028, 14704, 15348, 15771, 16955, 17864, 19081]",20336,18,20318,9,9,20293,25
6.0,GIBPROTP1A,[],[],[],[160],394,0,394,0,0,393,1
6.0,GORAFPA,"[75, 999, 2955, 4192, 11145, 14707, 15952, 17195]","[999, 2955, 14707]","[75, 4192, 11145, 15952, 17195]","[999, 1860, 2955, 5457, 6760, 7766, 9445, 11629, 13421, 14087, 14707, 16581, 17834]",24600,8,24592,3,5,24582,10
6.0,GORPROTP1A,[],[],[],[164],405,0,405,0,0,404,1
6.0,GPIINS,[],[],[],[526],1465,0,1465,0,0,1464,1
6.0,HAMAMYLP,"[1394, 1473, 2308, 4561, 5045]",[2308],"[1394, 1473, 4561, 5045]",[2308],5948,5,5943,1,4,5943,0
6.0,HAMHG5,"[2817, 4856, 6597]","[4856, 6597]",[2817],"[4856, 5517, 6188, 6597, 7441]",9712,3,9709,2,1,9706,3
6.0,HROAMD1,"[289, 1072, 2687, 3486, 4700, 4816, 5962]","[2687, 3486, 4700]","[289, 1072, 4816, 5962]","[2687, 3486, 4700]",7092,7,7085,3,4,7085,0
6.0,HROMA2,"[739, 1174]","[739, 1174]",[],"[739, 1174]",1780,2,1778,2,0,1778,0
6.0,HROMA4A,"[1108, 1670]","[1108, 1670]",[],"[1108, 1670]",2332,2,2330,2,0,2330,0
6.0,HRSPRMI,[],[],[],[722],2199,0,2199,0,0,2198,1
6.0,HS1D3HLH,"[1039, 1231]",[1039],[1231],[1039],2474,2,2472,1,1,2472,0
6.0,HS2OXOC,"[1162, 1421, 1694, 1719]","[1162, 1421, 1694]",[1719],"[116, 871, 1162, 1421, 1694, 1825]",2511,4,2507,3,1,2504,3
6.0,HSABLGR1,"[3140, 3344, 6508, 6820, 8720, 10400, 13875, 15514, 17116, 17249, 20105, 24805, 25906, 26127, 29268, 32399, 33787, 35562]","[8720, 10400, 17116]","[3140, 3344, 6508, 6820, 13875, 15514, 17249, 20105, 24805, 25906, 26127, 29268, 32399, 33787, 35562]","[8720, 10400, 12434, 14200, 15741, 17116, 17991]",35955,18,35937,3,15,35933,4
6.0,HSALDCG,"[1283, 2641, 3567]","[2641, 3567]",[1283],"[2641, 2939, 3110, 3366, 3567, 3994, 4326]",5191,3,5188,2,1,5183,5
6.0,HSAPC3A,[],[],[],"[919, 1178]",6042,0,6042,0,0,6040,2
6.0,HSAPOA2B,"[232, 245, 490]",[490],"[232, 245]","[490, 916]",1748,3,1745,1,2,1744,1
6.0,HSAPOAIA,[57],[],[57],"[317, 661]",2186,1,2185,0,1,2183,2
6.0,HSAPOAIT,[231],[],[231],"[491, 835]",2378,1,2377,0,1,2375,2
6.0,HSAPOC2G,"[1276, 1494, 2714]",[2714],"[1276, 1494]","[2714, 3041]",3833,3,3830,1,2,3829,1
6.0,HSAQUPN2,[],[],[],"[431, 632, 746]",988,0,988,0,0,985,3
6.0,HSARYLA,"[1571, 2528, 2666]",[1571],"[2528, 2666]","[848, 1238, 1571, 1815, 2252, 2470, 2823]",3630,3,3627,1,2,3621,6
6.0,HSAT3,"[646, 3311, 4823, 4978, 6059, 6934, 10401, 11303, 11320]","[646, 3311, 6059, 10401]","[4823, 4978, 6934, 11303, 11320]","[646, 3311, 6059, 7102, 8303, 10401]",14199,9,14190,4,5,14188,2
6.0,HSATPCP1,"[831, 4773, 6382, 6830, 6843, 6999, 7267]","[6382, 7267]","[831, 4773, 6830, 6843, 6999]","[5389, 6382, 7267]",9450,7,9443,2,5,9442,1
6.0,HSATPCP2,"[4013, 6152, 7490, 8957, 9194, 9752, 10918, 13435]","[7490, 10918]","[4013, 6152, 8957, 9194, 9752, 13435]","[7490, 10195, 10918]",15009,8,15001,2,6,15000,1
6.0,HSB3A,[2623],[],[2623],[1843],3676,1,3675,0,1,3674,1
6.0,HSBGPG,[560],[560],[],"[560, 850, 1096]",1668,1,1667,1,0,1665,2
6.0,HSBSF2,"[238, 2450, 3601, 4715, 4943]",[3601],"[238, 2450, 4715, 4943]","[1242, 1587, 2748, 3601]",5954,5,5949,1,4,5946,3
6.0,HSCBMYHC,"[369, 1577, 3932, 4595, 5041, 5485, 5644, 7246, 7735, 8898, 10877, 11339, 12155, 12427, 12829, 13342, 14210, 17120, 18777, 18896, 21839, 23454, 23701]","[4595, 5041, 5485, 5644, 7246, 8898, 10877, 11339, 12155, 12427, 12829, 13342, 14210, 17120, 18896, 21839, 23454, 23701]","[369, 1577, 3932, 7735, 18777]","[4595, 5041, 5485, 5644, 6354, 6529, 6694, 7246, 7567, 8354, 8898, 9174, 9626, 10530, 10877, 11339, 12155, 12427, 12829, 13342, 14210, 14571, 15900, 17120, 18228, 18590, 18896, 19262, 19970, 20319, 20604, 21466, 21839, 22088, 22474, 23454, 23701]",24993,23,24970,18,5,24951,19
6.0,HSCD14G,[159],[159],[],[159],1563,1,1562,1,0,1562,0
6.0,HSCKBG,"[876, 2570, 3521]",[3521],"[876, 2570]","[1341, 1619, 1824, 2380, 3174, 3521]",4193,3,4190,1,2,4185,5
6.0,HSCOMT2,"[1075, 2378]",[2378],[1075],"[1630, 1959, 2378]",3644,2,3642,1,1,3640,2
6.0,HSCPH70,"[865, 2936, 3675, 4407]",[4407],"[865, 2936, 3675]","[1729, 4204, 4407, 4801]",6704,4,6700,1,3,6697,3
6.0,HSCSF1PO,"[2816, 7572, 8287, 9217, 9575, 10517, 11063, 11515, 12975, 15733, 18046, 18156, 18465, 20123, 21444, 24260, 26732, 27465, 30823, 34006, 34399]","[7572, 8287, 11063, 18156, 18465, 20123, 27465, 30823, 34006]","[2816, 9217, 9575, 10517, 11515, 12975, 15733, 18046, 21444, 24260, 26732, 34399]","[1965, 7572, 8287, 10227, 11063, 15036, 17882, 18156, 18465, 20123, 26605, 26837, 27465, 28627, 30823, 31040, 32108, 32301, 33091, 34006]",35093,21,35072,9,12,35061,11
6.0,HSCST3G,"[1328, 3865, 4129]",[1328],"[3865, 4129]","[1328, 3694]",7285,3,7282,1,2,7281,1
6.0,HSCYCLA,"[2406, 5338, 6323]","[2406, 5338]",[6323],"[1393, 2406, 3731, 4168, 5338, 5911, 6667]",8356,3,8353,2,1,8348,5
6.0,HSCYP216,"[255, 879, 1836]","[255, 879, 1836]",[],"[255, 442, 879, 1088, 1278, 1466, 1836, 2215, 2402]",2764,3,2761,3,0,2755,6
6.0,HSCYP45C,"[185, 1772, 4680, 4963, 5008, 5801, 6016, 6562]","[5801, 6016]","[185, 1772, 4680, 4963, 5008, 6562]","[4942, 5624, 5801, 6016, 6248]",7547,8,7539,2,6,7536,3
6.0,HSCYTOK17,"[396, 452, 2079, 2304, 2928, 4123, 4987]","[2304, 4123]","[396, 452, 2079, 2928, 4987]","[581, 1709, 2304, 3066, 3693, 4000, 4123]",5253,7,5246,2,5,5241,5
6.0,HSCYTOK20,"[3128, 5281, 5352, 8722, 9470, 12705, 16620]","[5281, 9470, 12705]","[3128, 5352, 8722, 16620]","[5281, 7512, 9470, 9984, 10271, 11940, 12705]",18054,7,18047,3,4,18043,4
6.0,HSDAO,"[588, 956, 2551, 7431]",[7431],"[588, 956, 2551]","[6426, 7431, 9013]",9896,4,9892,1,3,9890,2
6.0,HSERPG,"[628, 1340, 1683, 2474]","[628, 1340, 1683, 2474]",[],"[628, 1340, 1683, 2474]",3391,4,3387,4,0,3387,0
6.0,HSFAU1,"[505, 857, 1096, 1129, 1613]","[857, 1096, 1613]","[505, 1129]","[857, 1096, 1613]",2009,5,2004,3,2,2004,0
6.0,HSFESFPS,"[1227, 1553, 4522, 5924, 6240, 6445, 7634, 8069, 8782, 9371, 11511]","[1227, 1553, 5924, 6240, 6445, 7634, 8069, 8782, 9371]","[4522, 11511]","[1227, 1553, 3023, 3336, 5405, 5598, 5924, 6240, 6445, 7150, 7634, 8069, 8782, 9151, 9371, 9768, 10015]",12256,11,12245,9,2,12237,8
6.0,HSGCSFG,"[404, 735, 744, 1230, 1521]","[404, 744, 1230, 1521]",[735],"[404, 744, 1230, 1521]",2953,5,2948,4,1,2948,0
6.0,HSGEBCMA,"[700, 1648, 2292, 3234]",[],"[700, 1648, 2292, 3234]","[607, 1496]",3720,4,3716,0,4,3714,2
6.0,HSGGL2,[547],[547],[],"[202, 547]",1621,1,1620,1,0,1619,1
6.0,HSGLA,"[2148, 8413]",[8413],[2148],"[1374, 5269, 7447, 8413, 10293, 10708]",12429,2,12427,1,1,12422,5
6.0,HSGROW2,[345],[345],[],"[345, 762, 1091, 1349]",1957,1,1956,1,0,1953,3
6.0,HSGSTM4,"[37, 3953]",[37],[3953],"[37, 391, 874, 1262, 1458, 2469, 2670]",4835,2,4833,1,1,4827,6
6.0,HSGTRH,"[515, 2205, 2322, 3816, 5548, 6275]","[2205, 3816]","[515, 2322, 5548, 6275]","[2205, 3816]",7217,6,7211,2,4,7211,0
6.0,HSHMG17G,"[1793, 2279, 2524, 4021]","[2524, 4021]","[1793, 2279]","[2524, 3415, 3620, 4021, 4553]",7188,4,7184,2,2,7181,3
6.0,HSHNRNPA,"[814, 868, 2869, 3602, 4312]","[814, 2869]","[868, 3602, 4312]","[814, 1494, 1936, 2295, 2481, 2660, 2869, 3962]",5361,5,5356,2,3,5350,6
6.0,HSHOX51,"[1278, 1791, 2415, 4023]",[],"[1278, 1791, 2415, 4023]",[2052],6298,4,6294,0,4,6293,1
6.0,HSHSC70,"[27, 1245, 1773, 2250, 3307]","[1245, 1773, 2250, 3307]",[27],"[1245, 1773, 2250, 2893, 3307, 3734, 4114]",5401,5,5396,4,1,5393,3
6.0,HSIFNAR,"[631, 830, 5386, 8594, 15482, 16062, 16944, 19442, 21239, 24341, 25061, 28142, 29554, 30489]","[830, 16944, 19442, 25061, 29554]","[631, 5386, 8594, 15482, 16062, 21239, 24341, 28142, 30489]","[830, 11325, 16944, 19188, 19442, 21132, 25061, 25314, 28679, 29554]",32899,14,32885,5,9,32880,5
6.0,HSIFNG,"[1897, 2175, 2413, 2446]","[1897, 2175]","[2413, 2446]","[589, 1897, 2175]",5954,4,5950,2,2,5949,1
6.0,HSIL1AG,"[2208, 3215, 3939, 4326]","[2208, 3215, 4326]",[3939],"[2208, 3215, 4326, 6433, 7940]",11963,4,11959,3,1,11957,2
6.0,HSIL1B,"[3144, 7406]","[3144, 7406]",[],"[2528, 3144, 5327, 6039, 7406]",9705,2,9703,2,0,9700,3
6.0,HSINT2,"[3549, 9331, 10533, 10644, 10708]",[3549],"[9331, 10533, 10644, 10708]","[1156, 3549]",11601,5,11596,1,4,11595,1
6.0,HSL7A,"[2073, 2867, 3525, 4164, 4919]","[2073, 2867, 3525, 4164, 4919]",[],"[2073, 2867, 3525, 3881, 4164, 4572, 4919]",5499,5,5494,5,0,5492,2
6.0,HSLCATG,"[991, 1352, 1590, 2266, 2574, 5372, 5638, 6574]","[991, 2266, 2574]","[1352, 1590, 5372, 5638, 6574]","[991, 1881, 2076, 2266, 2574]",6894,8,6886,3,5,6884,2
6.0,HSMECDAG,"[716, 2584, 2593, 2776, 3170, 3852]","[2776, 3852]","[716, 2584, 2593, 3170]","[1393, 2517, 2776, 2966, 3544, 3852]",4363,6,4357,2,4,4353,4
6.0,HSMED,"[636, 789, 1354, 1998]",[1354],"[636, 789, 1998]","[1354, 1943, 2315, 4716]",5285,4,5281,1,3,5278,3
6.0,HSMT1H,[20],[],[20],"[816, 1475]",2135,1,2134,0,1,2132,2
6.0,HSNCAMX1,"[1550, 2245, 4142, 8529, 8552, 9373, 10015, 10317, 12072, 12786, 13049, 13893, 14002]","[4142, 8529, 9373, 10015, 10317, 12072, 12786, 13049, 13893, 14002]","[1550, 2245, 8552]","[1609, 4142, 4778, 5218, 6315, 6582, 6983, 7316, 7569, 7852, 8529, 8809, 9068, 9373, 9571, 10015, 10317, 10722, 11667, 12072, 12283, 12550, 12786, 13049, 13487, 13893, 14002]",16281,13,16268,10,3,16251,17
6.0,HSNFM,"[417, 432, 2675, 4491]",[2675],"[417, 432, 4491]","[1822, 2675]",6229,4,6225,1,3,6224,1
6.0,HSODCG,"[1002, 2912, 4649, 5421, 5633, 7614, 8052, 8090, 8854]","[4649, 5421, 5633, 7614]","[1002, 2912, 8052, 8090, 8854]","[4192, 4649, 5028, 5421, 5633, 5893, 7111, 7306, 7614]",9036,9,9027,4,5,9022,5
6.0,HSODF2,"[4, 964, 993]",[],"[4, 964, 993]",[600],1423,3,1420,0,3,1419,1
6.0,HSPAT133,"[393, 654, 794, 1173, 1447]",[1447],"[393, 654, 794, 1173]",[1447],3713,5,3708,1,4,3708,0
6.0,HSPLAPL,"[599, 827]","[599, 827]",[],"[403, 599, 827]",1275,2,1273,2,0,1272,1
6.0,HSPRB3L,"[566, 789, 1103]",[566],"[789, 1103]","[566, 1537]",4509,3,4506,1,2,4505,1
6.0,HSPRB4S,[913],[],[913],"[693, 1658]",5806,1,5805,0,1,5803,2
6.0,HSPSAG,"[4044, 4080]",[4044],[4080],"[447, 1848, 3764, 4044]",5866,2,5864,1,1,5861,3
6.0,HSRPII145,"[588, 1233, 1688, 1729]","[588, 1233]","[1688, 1729]","[449, 588, 908, 1071, 1233]",2086,4,2082,2,2,2079,3
6.0,HSRPS7,"[404, 516, 1831, 2166, 2369, 4254, 5100, 6064, 6068, 6325, 6429]","[2166, 2369, 4254]","[404, 516, 1831, 5100, 6064, 6068, 6325, 6429]","[2166, 2369, 3108, 4254, 6734]",7506,11,7495,3,8,7493,2
6.0,HSSAA1B,"[862, 1009, 2345, 2367]",[],"[862, 1009, 2345, 2367]","[1543, 3845]",4816,4,4812,0,4,4810,2
6.0,HSSHBG,"[1058, 2672, 3148]","[1058, 3148]",[2672],"[472, 696, 1058, 1551, 1938, 2205, 3148]",3803,3,3800,2,1,3795,5
6.0,HSSSPN1AG,"[2330, 3360, 3491]","[3360, 3491]",[2330],"[1343, 1635, 1809, 3360, 3491]",4089,3,4086,2,1,4083,3
6.0,HSSURF3,"[284, 1033, 1692, 2048, 2321, 3074]","[284, 1033, 1692, 2048, 2321, 3074]",[],"[284, 1033, 1692, 2048, 2321, 2729, 3074]",3410,6,3404,6,0,3403,1
6.0,HSTNFB,"[836, 1375, 3015]",[1375],"[836, 3015]","[1375, 1567]",3030,3,3027,1,2,3026,1
6.0,HSTPI1G,"[746, 972, 1558, 2035, 3181, 4651, 4849]","[746, 2035, 3181]","[972, 1558, 4651, 4849]","[746, 2035, 2231, 2438, 2821, 3181]",4988,7,4981,3,4,4978,3
6.0,HSTUBAG,"[536, 2287, 3733, 3759]","[536, 2287]","[3733, 3759]","[536, 2287, 2584]",4080,4,4076,2,2,4075,1
6.0,HSU01102,"[668, 1671, 1943]",[668],"[1671, 1943]","[668, 3896]",4988,3,4985,1,2,4984,1
6.0,HSU04357,"[97, 1201, 1342, 1963]","[97, 1342]","[1201, 1963]","[97, 1342]",2075,4,2071,2,2,2071,0
6.0,HSU04636,"[103, 1018, 1935, 2996, 5723, 6008]","[1018, 1935, 2996, 6008]","[103, 5723]","[1018, 1935, 2199, 2996, 3608, 4424, 4790, 5359, 6008]",9446,6,9440,4,2,9435,5
6.0,HSU05259,"[2091, 2173]",[],"[2091, 2173]","[782, 2685, 3045, 4128]",5663,2,5661,0,2,5657,4
6.0,HSU07807,"[454, 459, 757]",[757],"[454, 459]","[757, 3386]",4832,3,4829,1,2,4828,1
6.0,HSU07983,[390],[390],[],[390],1419,1,1418,1,0,1418,0
6.0,HSU08198,"[707, 1124, 1316, 1689, 1811, 1900]","[1124, 1316, 1689, 1811]","[707, 1900]","[583, 895, 1124, 1316, 1689, 1811]",2337,6,2331,4,2,2329,2
6.0,HSU12421,"[1941, 2080, 2255, 3573, 3747]",[2080],"[1941, 2255, 3573, 3747]","[311, 2080]",4251,5,4246,1,4,4245,1
6.0,HSUBR,"[1589, 2324]","[1589, 2324]",[],"[1589, 2324]",3290,2,3288,2,0,3288,0
6.0,HSXBXVIII,"[473, 1189, 2137, 3859, 4586, 5486, 6115, 7675, 9475, 11843, 12085]","[11843, 12085]","[473, 1189, 2137, 3859, 4586, 5486, 6115, 7675, 9475]","[11405, 11589, 11843, 12085]",12637,11,12626,2,9,12624,2
6.0,HSZNGP1,"[518, 565, 6347, 8597]",[518],"[565, 6347, 8597]","[518, 4718, 8313]",9816,4,9812,1,3,9810,2
6.0,HUMADAG,"[1355, 2405, 3737, 4817, 5267, 5657, 11568, 13503, 15661, 18465, 19292, 19529, 20776, 21114, 30860, 31304, 32497, 32675, 32916, 34484, 35203]","[19292, 31304, 32497, 32675, 32916, 34484, 35203]","[1355, 2405, 3737, 4817, 5267, 5657, 11568, 13503, 15661, 18465, 19529, 20776, 21114, 30860]","[4064, 19292, 26467, 29052, 29939, 31304, 32497, 32675, 32916, 34484, 35203]",36734,21,36713,7,14,36709,4
6.0,HUMADPRF02,"[1650, 3035, 3392]",[1650],"[3035, 3392]","[359, 1308, 1650]",5160,3,5157,1,2,5155,2
6.0,HUMAPEXN,"[349, 1465, 1535, 2622]","[1465, 2622]","[349, 1535]","[1465, 1863, 2622]",3723,4,3719,2,2,3718,1
6.0,HUMAPOCII,"[1557, 1778, 2995]",[2995],"[1557, 1778]","[2995, 3321]",4333,3,4330,1,2,4329,1
6.0,HUMAPOE4,"[1091, 3200]",[3200],[1091],"[1914, 3200]",5508,2,5506,1,1,5505,1
6.0,HUMATPGG,"[1902, 4293, 6534, 7456, 14100]","[1902, 4293, 6534, 7456, 14100]",[],"[1445, 1727, 1902, 2677, 4293, 4749, 5307, 6118, 6534, 6749, 7456, 8198, 9436, 9672, 9946, 10190, 11405, 12074, 13663, 14100, 14276]",15108,5,15103,5,0,15087,16
6.0,HUMBETGLOA,"[687, 1311, 2559]",[1311],"[687, 2559]","[958, 1311]",2995,3,2992,1,2,2991,1
6.0,HUMBETGLOB,"[685, 1309, 2557]",[1309],"[685, 2557]","[956, 1309]",2993,3,2990,1,2,2989,1
6.0,HUMBETGLOC,"[687, 1311, 2559]",[1311],"[687, 2559]","[958, 1311]",2995,3,2992,1,2,2991,1
6.0,HUMBETGLOD,"[687, 1311, 2559]",[1311],"[687, 2559]","[958, 1311]",2995,3,2992,1,2,2991,1
6.0,HUMBETGLOE,"[685, 1309, 2557]",[1309],"[685, 2557]","[956, 1309]",2993,3,2990,1,2,2989,1
6.0,HUMBETGLOF,"[687, 1311, 2559]",[1311],"[687, 2559]","[958, 1311]",2995,3,2992,1,2,2991,1
6.0,HUMBETGLOG,"[687, 1311, 2559]",[1311],"[687, 2559]","[958, 1311]",2995,3,2992,1,2,2991,1
6.0,HUMBETGLOH,"[687, 1311, 2559]",[1311],"[687, 2559]","[958, 1311]",2995,3,2992,1,2,2991,1
6.0,HUMBETGLOI,"[685, 1309, 2557]",[1309],"[685, 2557]","[956, 1309]",2993,3,2990,1,2,2989,1
6.0,HUMBETGLOJ,"[685, 1309, 2557]",[1309],"[685, 2557]","[956, 1309]",2993,3,2990,1,2,2989,1
6.0,HUMBETGLOK,"[685, 1309, 2557]",[1309],"[685, 2557]","[956, 1309]",2993,3,2990,1,2,2989,1
6.0,HUMBETGLOL,"[685, 1309, 2557]",[1309],"[685, 2557]","[956, 1309]",2993,3,2990,1,2,2989,1
6.0,HUMBETGLOM,"[684, 1308, 2556]",[1308],"[684, 2556]","[955, 1308]",2992,3,2989,1,2,2988,1
6.0,HUMBETGLON,"[685, 1309, 2557]",[1309],"[685, 2557]","[956, 1309]",2993,3,2990,1,2,2989,1
6.0,HUMBETGLOO,"[685, 1309, 2557]",[1309],"[685, 2557]","[956, 1309]",2993,3,2990,1,2,2989,1
6.0,HUMBETGLOP,"[685, 1309, 2557]",[1309],"[685, 2557]","[956, 1309]",2993,3,2990,1,2,2989,1
6.0,HUMBETGLOR,"[685, 1309, 2557]",[1309],"[685, 2557]","[956, 1309]",2993,3,2990,1,2,2989,1
6.0,HUMCBRG,[1220],[1220],[],"[567, 1220]",3319,1,3318,1,0,3317,1
6.0,HUMCHYMASE,"[969, 5216, 6037]","[5216, 6037]",[969],"[5216, 6037, 6922, 7363]",8109,3,8106,2,1,8104,2
6.0,HUMCP21OH,"[947, 1571, 2528]","[947, 1571, 2528]",[],"[947, 1134, 1571, 1780, 1970, 2158, 2528, 2907, 3094]",4035,3,4032,3,0,4026,6
6.0,HUMCP21OHC,"[948, 1572, 2529]","[948, 1572, 2529]",[],"[948, 1135, 1572, 1781, 1971, 2159, 2529, 2908, 3096]",4037,3,4034,3,0,4028,6
6.0,HUMCS1,[565],[565],[],"[565, 991, 1334, 1591]",2294,1,2293,1,0,2290,3
6.0,HUMCS3,"[566, 2520]",[566],[2520],"[566, 991, 1334, 1588]",2733,2,2731,1,1,2728,3
6.0,HUMCSN2A,"[122, 4855, 5620, 5747, 9482]","[4855, 5747]","[122, 5620, 9482]","[4855, 5747, 6747, 6887, 8522]",10601,5,10596,2,3,10593,3
6.0,HUMCSPA,"[982, 2276, 2929, 3691]","[982, 2276, 2929]",[3691],"[982, 2276, 2929, 3392]",4784,4,4780,3,1,4779,1
6.0,HUMCTLA1,"[988, 2179, 2770, 3236]","[988, 2179, 2770, 3236]",[],"[988, 2179, 2770, 3236]",4521,4,4517,4,0,4517,0
6.0,HUMDEF5A,[296],[],[296],[1571],2873,1,2872,0,1,2871,1
6.0,HUMDZA2G,"[2003, 3942, 5389, 5436, 11212, 13467]",[5389],"[2003, 3942, 5436, 11212, 13467]","[5389, 9590, 13183]",14687,6,14681,1,5,14679,2
6.0,HUMELAFIN,"[326, 1461]",[326],[1461],[326],1871,2,1869,1,1,1869,0
6.0,HUMEPOHYDD,"[2289, 8696, 9045, 16085, 16775, 19204, 20857, 20994, 21354, 22952, 23010]","[8696, 16085, 16775, 19204, 21354]","[2289, 9045, 20857, 20994, 22952, 23010]","[5656, 8696, 15620, 16085, 16775, 19204, 21354]",24783,11,24772,5,6,24770,2
6.0,HUMG0S24B,[631],[631],[],[631],3128,1,3127,1,0,3127,0
6.0,HUMG0S8PP,[4646],[4646],[],"[2682, 3768, 3932, 4646]",7338,1,7337,1,0,7334,3
6.0,HUMGAD45A,"[2596, 3645]","[2596, 3645]",[],"[2596, 3184, 3645]",5371,2,5369,2,0,5368,1
6.0,HUMGARE,"[810, 3207, 4469]",[810],"[3207, 4469]","[810, 2239, 2653, 3118]",4747,3,4744,1,2,4741,3
6.0,HUMGCK,"[3799, 6475]",[6475],[3799],"[1188, 3360, 3882, 4312, 4806, 5015, 5452, 5964, 6475]",7530,2,7528,1,1,7520,8
6.0,HUMGFP40H,[3126],[],[3126],"[910, 1058, 1173, 2593]",4372,1,4371,0,1,4367,4
6.0,HUMGHG,"[689, 1983, 2636, 3398]","[689, 1983, 2636]",[3398],"[689, 1983, 2636, 3099]",4445,4,4441,3,1,4440,1
6.0,HUMGHN,[569],[569],[],"[569, 989, 1316, 1574]",2650,1,2649,1,0,2646,3
6.0,HUMGHV,"[432, 566]",[566],[432],"[566, 998, 1328, 1584]",2653,2,2651,1,1,2648,3
6.0,HUMGSTM4A,"[777, 1272, 4760]",[777],"[1272, 4760]","[777, 1139, 1631, 2024, 2225, 3262, 3463]",6075,3,6072,1,2,6066,6
6.0,HUMHMGIY,"[1075, 4627, 4660, 5150, 5496, 7133, 9286, 9390]",[4660],"[1075, 4627, 5150, 5496, 7133, 9286, 9390]","[4660, 6544, 7270]",10103,8,10095,1,7,10093,2
6.0,HUMHOX13G,[380],[],[380],[811],3064,1,3063,0,1,3062,1
6.0,HUMHPARS1,"[1046, 3855, 5577, 7692, 9649, 11385]","[1046, 3855, 5577]","[7692, 9649, 11385]","[1046, 2632, 3020, 3855, 4744, 5577]",11544,6,11538,3,3,11535,3
6.0,HUMIBP3,"[2441, 2845, 2935, 3142, 4358, 4406, 6617, 8353]","[2441, 6617]","[2845, 2935, 3142, 4358, 4406, 8353]","[2441, 5953, 6617]",10877,8,10869,2,6,10868,1
6.0,HUMIDS,"[2038, 2376, 4119, 4174, 4778, 5244, 11158, 11397, 14655, 15901, 25810, 29400, 30410, 31004, 34645, 35761]","[2038, 5244]","[2376, 4119, 4174, 4778, 11158, 11397, 14655, 15901, 25810, 29400, 30410, 31004, 34645, 35761]","[1160, 2038, 2882, 5244, 8086, 9847, 15879, 19268]",36838,16,36822,2,14,36816,6
6.0,HUMIGERA,"[1342, 1797, 2173, 3105, 4527, 5168]","[1342, 1797, 3105, 5168]","[2173, 4527]","[1342, 1797, 3105, 5168]",7652,6,7646,4,2,7646,0
6.0,HUMIL2RGA,"[772, 840, 3031, 3353]","[3031, 3353]","[772, 840]","[203, 735, 1128, 1476, 2402, 3031, 3353]",4031,4,4027,2,2,4022,5
6.0,HUMIL4A,"[1306, 1626, 3254, 8407, 8466]","[1306, 1626]","[3254, 8407, 8466]","[1306, 1626, 7003]",9893,5,9888,2,3,9887,1
6.0,HUMIRBPG,"[786, 1823, 3181, 3550, 5069, 7160]","[3181, 7160]","[786, 1823, 3550, 5069]","[3181, 5157, 7160]",9704,6,9698,2,4,9697,1
6.0,HUMLHDC,"[166, 3070, 7415, 10512, 11221, 11774, 14169, 14605, 18382, 18464, 18855, 20300, 20482, 22046, 23463, 31819]","[7415, 14605, 18382, 20300, 20482]","[166, 3070, 10512, 11221, 11774, 14169, 18464, 18855, 22046, 23463, 31819]","[7415, 9773, 14605, 15584, 18382, 18782, 19312, 20300, 20482, 24666, 29773]",32344,16,32328,5,11,32322,6
6.0,HUMLUCT,"[1550, 2861]","[1550, 2861]",[],"[1550, 2505, 2861]",3289,2,3287,2,0,3286,1
6.0,HUMLYTOXBB,"[1235, 1357, 2934, 3631]","[2934, 3631]","[1235, 1357]","[2934, 3376, 3631]",6298,4,6294,2,2,6293,1
6.0,HUMMCHEMP,"[159, 674]",[674],[159],"[674, 1590]",2758,2,2756,1,1,2755,1
6.0,HUMMET2,[866],[866],[],"[866, 1233]",1696,1,1695,1,0,1694,1
6.0,HUMMGPA,[3748],[],[3748],"[3516, 5093, 6334]",7727,1,7726,0,1,7723,3
6.0,HUMMIF,[1643],[1643],[],"[1281, 1643]",2160,1,2159,1,0,2158,1
6.0,HUMMIS,[623],[623],[],"[623, 1358, 1639, 1887]",3093,1,3092,1,0,3089,3
6.0,HUMMKXX,[2463],[],[2463],"[1415, 1737, 2019]",3301,1,3300,0,1,3297,3
6.0,HUMNKG5PRO,"[2262, 3215, 3848, 5468]","[2262, 3215, 3848, 5468]",[],"[2262, 3215, 3848, 5468]",6739,4,6735,4,0,6735,0
6.0,HUMNTRI,"[2145, 2802, 3141]",[2802],"[2145, 3141]",[2802],3703,3,3700,1,2,3700,0
6.0,HUMNTRIII,"[2145, 2802, 3141]",[2802],"[2145, 3141]",[2802],3703,3,3700,1,2,3700,0
6.0,HUMOSTP,"[3657, 6986]","[3657, 6986]",[],"[3509, 3657, 6679, 6986, 8349]",10731,2,10729,2,0,10726,3
6.0,HUMPAP,"[1012, 1410, 3167, 3342]","[1410, 3167]","[1012, 3342]","[1410, 2089, 2414, 3167]",4490,4,4486,2,2,4484,2
6.0,HUMPCI,"[312, 2226, 2298, 3307, 4697, 7199, 8568, 8725, 11483, 14117, 14247]","[8568, 11483]","[312, 2226, 2298, 3307, 4697, 7199, 8725, 14117, 14247]","[8568, 10898, 11483]",15564,11,15553,2,9,15552,1
6.0,HUMPEM,"[934, 1033, 2266, 2707, 2973, 3203, 3297]","[934, 2266, 2707, 2973, 3203]","[1033, 3297]","[934, 2266, 2421, 2707, 2973, 3203]",4236,7,4229,5,2,4228,1
6.0,HUMPEPYYA,"[727, 1201]",[1201],[727],"[1201, 1388]",2371,2,2369,1,1,2368,1
6.0,HUMPF4V1A,[381],[381],[],"[381, 826]",1461,1,1460,1,0,1459,1
6.0,HUMPHOSA,[850],[850],[],"[233, 850, 1494, 1810, 2323, 2988, 3209, 3729]",4885,1,4884,1,0,4877,7
6.0,HUMPRCA,"[130, 2309, 3438, 5118, 5348, 5452, 5585, 11461]","[5118, 5348, 5585]","[130, 2309, 3438, 5452, 11461]","[2201, 3631, 5118, 5348, 5585, 8396, 9387]",11718,8,11710,3,5,11706,4
6.0,HUMPREELAS,"[596, 1729]",[596],[1729],[596],2293,2,2291,1,1,2291,0
6.0,HUMPRPHX,"[1143, 1838, 2127, 2502, 2869, 3173, 3322, 3633]","[1838, 2127, 2869, 3173, 3322, 3633]","[1143, 2502]","[1346, 1838, 2127, 2652, 2869, 3173, 3322, 3633]",4525,8,4517,6,2,4515,2
6.0,HUMRCC1,"[638, 654, 2711, 4304, 4555, 4733, 5210, 5479, 5741, 11134, 12573, 14368, 14697, 15532, 20918, 22033, 24201, 26218, 28010, 28244, 28523, 29766]","[24201, 26218, 28010, 28244, 29766]","[638, 654, 2711, 4304, 4555, 4733, 5210, 5479, 5741, 11134, 12573, 14368, 14697, 15532, 20918, 22033, 28523]","[24201, 26218, 26579, 28010, 28244, 28893, 29247, 29766]",34634,22,34612,5,17,34609,3
6.0,HUMREGHOM,"[52, 684, 1909, 2739, 2825]","[684, 2739]","[52, 1909, 2825]","[684, 1419, 1864, 2739]",3404,5,3399,2,3,3397,2
6.0,HUMROD1X,[1876],[1876],[],"[1242, 1876]",2834,1,2833,1,0,2832,1
6.0,HUMRPIB2,"[899, 1531, 2758, 3588, 3674]","[1531, 3588]","[899, 2758, 3674]","[1531, 2268, 2713, 3588]",4330,5,4325,2,3,4323,2
6.0,HUMRPS6B,"[359, 1168, 1838, 3893]","[359, 1838]","[1168, 3893]","[359, 1059, 1838, 2178, 4051]",4967,4,4963,2,2,4960,3
6.0,HUMSEMI,[793],[793],[],[793],4157,1,4156,1,0,4156,0
6.0,HUMSEMIIB,"[4486, 4667, 5820, 6446]",[4486],"[4667, 5820, 6446]",[4486],8217,4,8213,1,3,8213,0
6.0,HUMSTATH2,"[1553, 2025, 2848]",[1553],"[2025, 2848]","[353, 1553, 1675]",4716,3,4713,1,2,4711,2
6.0,HUMTBGA,"[854, 1021, 4941, 5164, 6314]",[4941],"[854, 1021, 5164, 6314]","[4941, 6265, 7144]",8762,5,8757,1,4,8755,2
6.0,HUMTCRBRA,[278],[278],[],[278],729,1,728,1,0,728,0
6.0,HUMTHROMA,"[159, 787, 4817, 5134]",[4817],"[159, 787, 5134]","[1985, 2344, 2717, 4817]",6156,4,6152,1,3,6149,3
6.0,HUMTNP2SS,[],[],[],[658],1775,0,1775,0,0,1774,1
6.0,HUMTPALBU,"[2741, 4587]",[2741],[4587],"[1094, 1621, 2741, 3425, 4361]",6165,2,6163,1,1,6159,4
6.0,HUMTRHYAL,"[201, 2232]",[],"[201, 2232]",[1645],9544,2,9542,0,2,9541,1
6.0,HUMTSHB2,[],[],[],[187],979,0,979,0,0,978,1
6.0,HUMV2R,"[261, 1366, 1507, 2128]","[261, 1507]","[1366, 2128]","[261, 1507]",2275,4,2271,2,2,2271,0
6.0,HYPSCGH,"[806, 1624]",[1624],[806],"[41, 451, 1039, 1624]",2477,2,2475,1,1,2472,3
6.0,LAYEGLOBIN,"[238, 584, 1197]","[238, 584]",[1197],"[238, 584]",1695,3,1692,2,1,1692,0
6.0,LEBGLOB,"[142, 157, 1501, 1926]",[1926],"[142, 157, 1501]","[1577, 1926]",3639,4,3635,1,3,3634,1
6.0,LNOEGLOBIN,"[236, 587, 1197]","[236, 587]",[1197],"[236, 587]",1691,3,1688,2,1,1688,0
6.0,MACHBGA1,"[283, 841]",[841],[283],"[495, 841]",2098,2,2096,1,1,2095,1
6.0,MACHBGA2,"[281, 839]",[839],[281],"[493, 839]",2101,2,2099,1,1,2098,1
6.0,MAMGLUTRA,"[484, 5131]",[484],[5131],"[484, 821, 1255, 1627, 1819, 2745, 2938]",6288,2,6286,1,1,6280,6
6.0,MAU09941,"[1031, 1166, 1830]",[1830],"[1031, 1166]",[1830],3799,3,3796,1,2,3796,0
6.0,MFAPOA2A,"[133, 379]",[379],[133],"[379, 785]",1490,2,1488,1,1,1487,1
6.0,MFAPOC3A,[2232],[],[2232],"[913, 1172]",3255,1,3254,0,1,3252,2
6.0,MMA2IXCOA,"[1812, 4386, 5682, 6355, 7102, 7250, 7684, 8882, 9322, 9467, 9609, 9626, 13447, 13726, 14575, 15597, 15933, 16114, 16240, 16522, 16811, 17275, 18283]","[4386, 5682, 7102, 7250, 7684, 8882, 9322, 9467, 9626, 13447, 13726, 14575, 15597, 15933, 16114, 16240, 16522, 16811, 17275]","[1812, 6355, 9609, 18283]","[3132, 4386, 5682, 5831, 7102, 7250, 7371, 7684, 8064, 8216, 8401, 8539, 8882, 9322, 9467, 9626, 13033, 13447, 13726, 14575, 15021, 15338, 15597, 15746, 15933, 16114, 16240, 16522, 16811, 17275, 17647]",19472,23,19449,19,4,19437,12
6.0,MMACLGNA,"[474, 1458]",[474],[1458],"[474, 3178]",3874,2,3872,1,1,3871,1
6.0,MMAPOG,"[265, 536]",[536],[265],"[536, 806]",2169,2,2167,1,1,2166,1
6.0,MMASM1G,"[1088, 3245, 3745]","[1088, 3245, 3745]",[],"[1088, 2244, 2928, 3245, 3745]",4768,3,4765,3,0,4763,2
6.0,MMCASEIB,"[4901, 5615, 6603, 7023, 7160, 10443]","[7023, 7160]","[4901, 5615, 6603, 10443]","[6252, 7023, 7160, 8126, 8252, 9803]",13047,6,13041,2,4,13037,4
6.0,MMCD24A,[2486],[2486],[],[2486],7635,1,7634,1,0,7634,0
6.0,MMCFOS,"[844, 1850, 2363]","[844, 1850, 2363]",[],"[844, 1850, 2363]",3960,3,3957,3,0,3957,0
6.0,MMCOL10A,"[560, 1070, 1802, 4222, 5660, 6146, 9322]",[1802],"[560, 1070, 4222, 5660, 6146, 9322]",[1802],9324,7,9317,1,6,9317,0
6.0,MMCRPG,[],[],[],[375],2133,0,2133,0,0,2132,1
6.0,MMCYTOKNA,[810],[810],[],"[810, 1559]",2552,1,2551,1,0,2550,1
6.0,MMDM2RR,"[665, 854, 878, 1651, 2702, 3378, 3962, 4925]","[665, 854, 1651, 2702, 3962, 4925]","[878, 3378]","[665, 854, 1305, 1651, 2702, 3701, 3962, 4925, 5134]",6633,8,6625,6,2,6622,3
6.0,MMDNAASFA,"[855, 1497, 1576]","[855, 1576]",[1497],"[855, 1241, 1576, 1823, 2135, 2357, 2695]",4311,3,4308,2,1,4303,5
6.0,MMEZGL,[1599],[1599],[],"[589, 1599]",1947,1,1946,1,0,1945,1
6.0,MMG37,"[788, 2570]","[788, 2570]",[],"[332, 788, 1303, 2119, 2363, 2570]",3066,2,3064,2,0,3060,4
6.0,MMGBCRYA,[671],[671],[],"[671, 1003]",2655,1,2654,1,0,2653,1
6.0,MMGCCRYA,"[721, 2488]",[721],[2488],"[721, 1056]",2885,2,2883,1,1,2882,1
6.0,MMGFAPD,"[1901, 4335, 7907]","[1901, 4335, 7907]",[],"[713, 1624, 1901, 2995, 3906, 4335, 5452, 7907]",9964,3,9961,3,0,9956,5
6.0,MMGGLINE,"[204, 2076, 2634, 6374, 6955, 7513, 9179]",[7513],"[204, 2076, 2634, 6374, 6955, 9179]","[7167, 7513]",11279,7,11272,1,6,11271,1
6.0,MMGK5,[3525],[],[3525],"[695, 1805, 2595, 2825]",3603,1,3602,0,1,3598,4
6.0,MMH2D4Q5,"[159, 644]","[159, 644]",[],"[159, 644]",1101,2,1099,2,0,1099,0
6.0,MMHOX13,"[369, 1570]",[],"[369, 1570]",[800],2828,2,2826,0,2,2825,1
6.0,MMHOX24I,"[837, 1264]",[837],[1264],[837],1916,2,1914,1,1,1914,0
6.0,MMIL1BG,"[1938, 4398, 5679]","[1938, 4398, 5679]",[],"[1356, 1938, 3680, 4398, 5679]",7093,3,7090,3,0,7088,2
6.0,MMIL3G,[2090],[2090],[],"[686, 824, 1913, 2090]",3483,1,3482,1,0,3479,3
6.0,MMIL5G,[5303],[],[5303],"[731, 1593, 3597]",6720,1,6719,0,1,6716,3
6.0,MMKFGF,"[1045, 1337, 1556, 2886]",[1045],"[1337, 1556, 2886]","[542, 1045]",3982,4,3978,1,3,3977,1
6.0,MMLDHAG,"[4377, 4577, 5333, 7171, 7668, 8315, 8402, 8597]","[4577, 7171, 7668, 8597]","[4377, 5333, 8315, 8402]","[4577, 5919, 7171, 7668, 8597, 10704]",12844,8,12836,4,4,12834,2
6.0,MMMMP9A,"[2781, 3945, 4864, 6356, 6564]","[2781, 3945, 6356, 6564]",[4864],"[1341, 2008, 2375, 2781, 3064, 3418, 3945, 4206, 5695, 5936, 6356, 6564]",8183,5,8178,4,1,8170,8
6.0,MMMRPS24,"[404, 3934]",[404],[3934],"[404, 1460, 1761, 3137]",5492,2,5490,1,1,5487,3
6.0,MMMTIX,[402],[402],[],"[402, 951]",1553,1,1552,1,0,1551,1
6.0,MMMUPBS6,[2425],[],[2425],"[731, 1203, 2045, 2793, 3236]",4615,1,4614,0,1,4609,5
6.0,MMMYCL,"[919, 7565, 8161]",[],"[919, 7565, 8161]",[1787],8309,3,8306,0,3,8305,1
6.0,MMNFMG,"[4409, 4804]",[],"[4409, 4804]","[1634, 2540]",5464,2,5462,0,2,5460,2
6.0,MMNMYC,[],[],[],[1163],4800,0,4800,0,0,4799,1
6.0,MMNUCLEO,"[2042, 3040, 3141, 4071, 4293, 4879, 5198, 6230, 8122, 10436]","[2042, 3141, 4293, 4879, 5198, 6230, 8122, 10436]","[3040, 4071]","[2042, 3141, 4293, 4694, 4879, 5198, 6230, 7517, 8122, 8738, 9050, 9881, 10436]",11471,10,11461,8,2,11456,5
6.0,MMODC2,"[737, 1374, 2508, 2523, 2702, 2999]","[737, 1374, 2508, 2702, 2999]",[2523],"[331, 737, 1053, 1374, 1557, 1801, 2508, 2702, 2999]",4253,6,4247,5,1,4243,4
6.0,MMOESTEOP,"[1127, 1666, 4834]",[1127],"[1666, 4834]","[993, 1127, 2283, 2821, 4101]",5775,3,5772,1,2,5768,4
6.0,MMPO,"[324, 1709, 2446, 3054, 3728, 3749, 8043, 8907, 9903]","[2446, 3728, 8907, 9903]","[324, 1709, 3054, 3749, 8043]","[2193, 2446, 2948, 3503, 3728, 4018, 4769, 7167, 8440, 8907, 9903]",11906,9,11897,4,5,11890,7
6.0,MMPPSOMA,"[562, 1034, 1208]",[1034],"[562, 1208]",[1034],2557,3,2554,1,2,2554,0
6.0,MMPROP2,[],[],[],[289],713,0,713,0,0,712,1
6.0,MMPROT1,[],[],[],[759],1179,0,1179,0,0,1178,1
6.0,MMPROT2,"[508, 1218]",[1218],[508],[1218],1569,2,1567,1,1,1567,0
6.0,MMSAP,[441],[441],[],[441],1869,1,1868,1,0,1868,0
6.0,MMSCIMIP,[],[],[],"[415, 1017]",1981,0,1981,0,0,1979,2
6.0,MMSYNDE1A,"[1345, 1992, 6256, 6622, 9867, 11397, 11583, 14080, 19009, 19542, 19726, 20942, 22802, 23203]","[1345, 19009, 20942]","[1992, 6256, 6622, 9867, 11397, 11583, 14080, 19542, 19726, 22802, 23203]","[1345, 19009, 20385, 20942]",23593,14,23579,3,11,23578,1
6.0,MMTHY1G,[1009],[1009],[],"[80, 1009]",2683,1,2682,1,0,2681,1
6.0,MMTLAC,"[299, 1171]","[299, 1171]",[],"[299, 748, 1171, 3092, 3338]",5250,2,5248,2,0,5245,3
6.0,MMTNFBG,"[1196, 1553, 1728]",[1728],"[1196, 1553]","[1728, 1911]",3212,3,3209,1,2,3208,1
6.0,MMTROPIB,"[183, 1832, 1932, 2033, 4604]","[1932, 4604]","[183, 1832, 2033]","[1697, 1932, 2185, 2656, 3037, 3564, 4604]",5684,5,5679,2,3,5674,5
6.0,MMTUM198,"[120, 2818, 3313, 3587, 3818, 4220]","[2818, 3313, 3587, 3818]","[120, 4220]","[1692, 2818, 3098, 3313, 3587, 3818, 4180]",4377,6,4371,4,2,4368,3
6.0,MMU01530,"[1357, 3231]",[3231],[1357],"[3094, 3231]",6700,2,6698,1,1,6697,1
6.0,MMU02278,[],[],[],[1638],3974,0,3974,0,0,3973,1
6.0,MMU02298,[4897],[],[4897],"[1180, 2413]",5852,1,5851,0,1,5849,2
6.0,MMU02884,"[814, 1630, 3669, 5244, 7567]","[1630, 5244]","[814, 3669, 7567]","[1630, 5244, 6836]",8758,5,8753,2,3,8752,1
6.0,MMU04056,"[1382, 2747, 4688, 6264, 7683, 8680, 14615, 15270, 15417, 16230, 16348, 18100]","[1382, 4688, 16230]","[2747, 6264, 7683, 8680, 14615, 15270, 15417, 16348, 18100]","[1382, 3530, 4688, 7979, 8895, 10317, 10876, 11259, 12211, 13491, 16230, 16561]",21711,12,21699,3,9,21690,9
6.0,MMU04827,"[105, 4281, 4301, 4969, 5675]","[4281, 4969]","[105, 4301, 5675]","[3684, 4281, 4969]",7601,5,7596,2,3,7595,1
6.0,MMU07568,"[84, 267, 482, 527]","[84, 267, 482]",[527],"[84, 267, 482]",744,4,740,3,1,740,0
6.0,MMU07808,"[61, 547, 673]",[673],"[61, 547]","[673, 1697]",2841,3,2838,1,2,2837,1
6.0,MMU09741,"[1094, 1230]",[1230],[1094],"[245, 1230]",2845,2,2843,1,1,2842,1
6.0,MMU09964,"[375, 1295, 2317, 2490, 2680, 3428, 5726, 5730, 6890, 7525, 7760, 7962, 8601, 11246]","[3428, 7962, 8601]","[375, 1295, 2317, 2490, 2680, 5726, 5730, 6890, 7525, 7760, 11246]","[1968, 3428, 4303, 4607, 7962, 8162, 8601, 9017, 9311, 10875]",11455,14,11441,3,11,11434,7
6.0,MMU10098,"[1173, 5292, 5695]",[1173],"[5292, 5695]","[1173, 3509]",6118,3,6115,1,2,6114,1
6.0,MMU11054,[204],[],[204],"[457, 1418, 1996]",2565,1,2564,0,1,2561,3
6.0,MMU11713,"[288, 634]","[288, 634]",[],"[288, 634]",1760,2,1758,2,0,1758,0
6.0,MMU12029,"[17, 582, 1264]","[582, 1264]",[17],"[582, 1264]",2256,3,2253,2,1,2253,0
6.0,MMU12273,[38],[],[38],"[680, 1085, 1740]",2576,1,2575,0,1,2572,3
6.0,MMU12559,[],[],[],[247],919,0,919,0,0,918,1
6.0,MMU12560,[],[],[],[247],921,0,921,0,0,920,1
6.0,MMU12561,[],[],[],[247],917,0,917,0,0,916,1
6.0,MMU12562,[],[],[],[247],919,0,919,0,0,918,1
6.0,MMU12565,[247],[247],[],[247],1044,1,1043,1,0,1043,0
6.0,MMU13921,"[952, 1867, 2197, 2354, 3990]","[952, 2354, 3990]","[1867, 2197]","[952, 2003, 2354, 2693, 2930, 3241, 3990]",4671,5,4666,3,2,4662,4
6.0,MMU14421,[3848],[],[3848],"[3668, 4237, 4502, 4814]",6255,1,6254,0,1,6250,4
6.0,MMVITRO,"[2054, 2826, 3755, 3812, 3820, 3855, 3863, 4996]",[2054],"[2826, 3755, 3812, 3820, 3855, 3863, 4996]","[1845, 2054, 2474, 2693, 3017, 3279, 4355]",4997,8,4989,1,7,4983,6
6.0,MMVPREB2,"[172, 379]",[379],[172],[379],1046,2,1044,1,1,1044,0
6.0,MMVPREB3,"[172, 379]",[379],[172],[379],1046,2,1044,1,1,1044,0
6.0,MNKEGLOBIM,"[237, 583, 1196]","[237, 583]",[1196],"[237, 583]",1694,3,1691,2,1,1691,0
6.0,MNKEGLOBIN,"[237, 583, 1194]","[237, 583]",[1194],"[237, 583]",1692,3,1689,2,1,1689,0
6.0,MNKHGBGGAG,"[633, 1338]",[633],[1338],"[287, 633]",1698,2,1696,1,1,1695,1
6.0,MNPROP2,[],[],[],[278],697,0,697,0,0,696,1
6.0,MUS8HS20,"[940, 2562]",[940],[2562],[940],2623,2,2621,1,1,2621,0
6.0,MUSAP,"[3574, 4740, 5547, 6013, 6709]","[3574, 4740, 6709]","[5547, 6013]","[3574, 3815, 4034, 4509, 4740, 4971, 5290, 5619, 5952, 6406, 6709]",8087,5,8082,3,2,8074,8
6.0,MUSAP5A,"[551, 697, 786, 1768, 2428, 2463, 4614, 6816]","[2428, 4614]","[551, 697, 786, 1768, 2463, 6816]","[2428, 2759, 4614]",6822,8,6814,2,6,6813,1
6.0,MUSAPEX,[1042],[],[1042],"[1684, 2089, 2742]",4035,1,4034,0,1,4031,3
6.0,MUSAPOAII,[723],[723],[],"[723, 1155]",2953,1,2952,1,0,2951,1
6.0,MUSAPOIVA,"[588, 975, 1385]","[588, 975]",[1385],"[588, 975]",3013,3,3010,2,1,3010,0
6.0,MUSBMP4,"[768, 2149, 2473, 5497]",[],"[768, 2149, 2473, 5497]",[7179],9668,4,9664,0,4,9663,1
6.0,MUSBNP,"[336, 753]","[336, 753]",[],"[336, 753]",1461,2,1459,2,0,1459,0
6.0,MUSCD14A,[176],[176],[],[176],1866,1,1865,1,0,1865,0
6.0,MUSCRKNB,"[1440, 3842, 3862]",[3842],"[1440, 3862]","[1904, 2245, 2455, 2796, 3505, 3842]",4514,3,4511,1,2,4506,5
6.0,MUSCYTCOVB,[724],[724],[],"[724, 1319, 1585]",2533,1,2532,1,0,2530,2
6.0,MUSENDOBA,"[2117, 2743, 3115, 4049, 4430, 4898, 5090, 5589]","[2743, 4049, 5090, 5589]","[2117, 3115, 4430, 4898]","[2743, 3618, 4049, 4853, 5090, 5589]",7872,8,7864,4,4,7862,2
6.0,MUSFAUA,"[846, 925, 1496, 2124]","[1496, 2124]","[846, 925]","[1249, 1496, 2124]",2843,4,2839,2,2,2838,1
6.0,MUSFERHC,"[483, 1827, 2185]","[483, 1827, 2185]",[],"[483, 1827, 2185]",2783,3,2780,3,0,2780,0
6.0,MUSFKBP13X,"[321, 736]","[321, 736]",[],"[321, 736, 904, 1282]",1574,2,1572,2,0,1570,2
6.0,MUSGAD45,"[935, 1458, 2647]","[935, 1458]",[2647],"[935, 1126, 1458]",3093,3,3090,2,1,3089,1
6.0,MUSGFJE,[624],[624],[],"[624, 1489]",2404,1,2403,1,0,2402,1
6.0,MUSGPOAD,"[1044, 4816, 4916]","[1044, 4916]",[4816],"[1044, 2306, 4403, 4916]",8069,3,8066,2,1,8064,2
6.0,MUSHBBH0,"[365, 1112]",[365],[1112],"[365, 914]",2128,2,2126,1,1,2125,1
6.0,MUSHBBH1,[451],[451],[],"[451, 780]",1919,1,1918,1,0,1917,1
6.0,MUSHES1,"[556, 1108, 1351]","[556, 1108]",[1351],"[556, 784, 1108]",2818,3,2815,2,1,2814,1
6.0,MUSHOX35A,"[232, 3519]",[],"[232, 3519]",[1308],3848,2,3846,0,2,3845,1
6.0,MUSIL1RN,"[512, 2186, 2289, 2483, 3549]","[512, 2483, 3549]","[2186, 2289]","[512, 2483, 3549]",6343,5,6338,3,2,6338,0
6.0,MUSKE3A,"[1562, 1604, 1881, 2194, 3405]",[],"[1562, 1604, 1881, 2194, 3405]","[21, 544, 3218, 3400]",3613,5,3608,0,5,3604,4
6.0,MUSLMP7A,"[1318, 1354, 1407, 3029]","[1318, 3029]","[1354, 1407]","[1318, 2153, 2454, 3029, 3674]",4260,4,4256,2,2,4253,3
6.0,MUSLTA,"[1207, 1632, 1807]",[1807],"[1207, 1632]","[1807, 1990]",3287,3,3284,1,2,3283,1
6.0,MUSMC26,"[843, 2419, 2475, 3716]",[2419],"[843, 2475, 3716]","[2419, 3190, 4144]",5387,4,5383,1,3,5381,2
6.0,MUSOGC,"[113, 489]","[113, 489]",[],"[113, 290, 489]",942,2,940,2,0,939,1
6.0,MUSOGCA,"[285, 866, 1242]","[866, 1242]",[285],"[866, 1043, 1242]",1695,3,1692,2,1,1691,1
6.0,MUSOGCB,"[113, 490]","[113, 490]",[],"[113, 290, 490]",943,2,941,2,0,940,1
6.0,MUSPNMT,"[1665, 1881, 2135, 2755]",[1665],"[1881, 2135, 2755]","[1665, 2343]",3137,4,3133,1,3,3132,1
6.0,MUSPROTA,"[1945, 2585, 3663]","[1945, 2585, 3663]",[],"[1945, 2585, 3224, 3663]",4637,3,4634,3,0,4633,1
6.0,MUSPROTEB,"[337, 496, 1024]",[337],"[496, 1024]","[337, 594, 993, 1988]",2390,3,2387,1,2,2384,3
6.0,MUSPRPC2,"[3019, 6797]",[],"[3019, 6797]",[801],7299,2,7297,0,2,7296,1
6.0,MUSPRPMPB,"[1480, 2974]",[],"[1480, 2974]",[801],3567,2,3565,0,2,3564,1
6.0,MUSREGI,"[775, 1159, 2230, 2993]","[1159, 2230, 2993]",[775],"[1159, 1799, 2230, 2993]",3749,4,3745,3,1,3744,1
6.0,MUSREGII,"[530, 927, 3233]",[927],"[530, 3233]","[927, 1626, 1988, 3091]",3925,3,3922,1,2,3919,3
6.0,MUSROM1X,[],[],[],"[1242, 1848]",2780,0,2780,0,0,2778,2
6.0,MUSRPL30,"[500, 660, 2459, 3441]","[660, 2459]","[500, 3441]","[660, 1050, 2459]",3469,4,3465,2,2,3464,1
6.0,MUSRPS16,[1868],[1868],[],"[450, 687, 1868, 2005]",2642,1,2641,1,0,2638,3
6.0,MUSS100B,"[342, 1721, 4920, 5219]",[4920],"[342, 1721, 5219]",[4920],8866,4,8862,1,3,8862,0
6.0,MUSSERPROA,"[1034, 1449, 2092]","[1449, 2092]",[1034],"[1449, 2092, 2739, 3178]",4450,3,4447,2,1,4445,2
6.0,MUSSSATGN,"[840, 1825, 3039]","[840, 3039]",[1825],"[840, 1162, 1346, 2905, 3039]",4059,3,4056,2,1,4053,3
6.0,MUSTCP,"[4278, 4687, 6098, 7512]","[4278, 4687, 6098, 7512]",[],"[453, 1705, 1993, 3270, 3746, 4278, 4687, 6098, 6552, 7230, 7512]",9254,4,9250,4,0,9243,7
6.0,MUSTHY1,[1009],[1009],[],"[80, 1009]",2683,1,2682,1,0,2681,1
6.0,MUSTLAG,"[705, 1573]","[705, 1573]",[],"[705, 1155, 1573, 3494, 3740]",5413,2,5411,2,0,5408,3
6.0,MUSTSHBA2,[],[],[],[464],1284,0,1284,0,0,1283,1
6.0,MUSY1GLOB,"[377, 1249]",[377],[1249],"[377, 690]",1746,2,1744,1,1,1743,1
6.0,OABBGLOB,"[525, 958, 1309]","[958, 1309]",[525],"[958, 1309]",3242,3,3239,2,1,3239,0
6.0,OABCGLOB,"[957, 1312]","[957, 1312]",[],"[957, 1312]",3193,2,3191,2,0,3191,0
6.0,OAINIGFII1,[2106],[],[2106],[740],2386,1,2385,0,1,2384,1
6.0,OAINTL3,"[813, 1909, 2072]","[813, 1909, 2072]",[],"[674, 813, 1909, 2072]",2794,3,2791,3,0,2790,1
6.0,OAKRT213,"[3198, 4813, 5288, 5684, 6548, 8453, 9294]","[3198, 4813, 5288, 5684, 6548]","[8453, 9294]","[3198, 4147, 4813, 5288, 5684, 6077, 6548, 7393]",9523,7,9516,5,2,9513,3
6.0,OALGB,"[959, 2660, 3500, 4886]",[2660],"[959, 3500, 4886]","[938, 1742, 2660, 3883, 4656]",7372,4,7368,1,3,7364,4
6.0,OAMETIAG,[],[],[],"[701, 1479]",2793,0,2793,0,0,2791,2
6.0,OAMTIB,[],[],[],"[965, 1721]",3212,0,3212,0,0,3210,2
6.0,OAMTIC,[],[],[],"[621, 1295]",2376,0,2376,0,0,2374,2
6.0,OAMTII,"[799, 1976]",[],"[799, 1976]","[1023, 1378]",2048,2,2046,0,2,2044,2
6.0,OAPROTP1,[],[],[],[212],525,0,525,0,0,524,1
6.0,OATRICH,"[1183, 4772]",[],"[1183, 4772]",[3157],9337,2,9335,0,2,9334,1
6.0,OCAPOAIG,"[361, 1467]",[],"[361, 1467]","[553, 855]",1987,2,1985,0,2,1983,2
6.0,OCTNFBETA,"[68, 577]",[577],[68],"[577, 766]",1965,2,1963,1,1,1962,1
6.0,OCUTGLOB,"[3357, 3424, 5072]",[3357],"[3424, 5072]","[3357, 5831]",6561,3,6558,1,2,6557,1
6.0,OOGH,[333],[333],[],"[333, 740, 1084, 1475]",2155,1,2154,1,0,2151,3
6.0,OPOP1,[],[],[],[249],617,0,617,0,0,616,1
6.0,ORAPROTP1A,[],[],[],[163],410,0,410,0,0,409,1
6.0,PAA1GL,"[204, 513]","[204, 513]",[],"[204, 513]",873,2,871,2,0,871,0
6.0,PAAFPG,[214],[214],[],[214],1088,1,1087,1,0,1087,0
6.0,PAU03674,"[3171, 4013]","[3171, 4013]",[],"[3171, 3574, 3773, 4013, 4294, 4611]",5438,2,5436,2,0,5432,4
6.0,PIGAPAI,"[562, 794]",[794],[562],"[794, 1129]",3326,2,3324,1,1,3323,1
6.0,PIGAPCIII,"[45, 867, 944]",[],"[45, 867, 944]","[1432, 1711]",3269,3,3266,0,3,3264,2
6.0,PIGCNP,"[400, 528, 1150, 1622]",[400],"[528, 1150, 1622]",[400],1887,4,1883,1,3,1883,0
6.0,PIGFSB,[1598],[],[1598],"[515, 1042]",2044,1,2043,0,1,2041,2
6.0,PIKEGLOBIN,"[237, 588]","[237, 588]",[],"[237, 588]",1702,2,1700,2,0,1700,0
6.0,PPGLTG,[662],[662],[],"[373, 662]",1065,1,1064,1,0,1063,1
6.0,PPPROP2,[],[],[],[319],740,0,740,0,0,739,1
6.0,PPYPROP2,[],[],[],[272],689,0,689,0,0,688,1
6.0,PTAZGLO,"[943, 1603, 1648]",[1603],"[943, 1648]","[1603, 3077]",3612,3,3609,1,2,3608,1
6.0,PTGGGLOG,[545],[545],[],"[200, 545]",1815,1,1814,1,0,1813,1
6.0,PTPPINS,[],[],[],[1410],2476,0,2476,0,0,2475,1
6.0,PTPROP2,[],[],[],[330],751,0,751,0,0,750,1
6.0,PVU11715,"[288, 633]","[288, 633]",[],"[288, 633]",1782,2,1780,2,0,1780,0
6.0,QULNFLW,"[1222, 2405, 3794, 5849, 5873]",[3794],"[1222, 2405, 5849, 5873]","[3794, 4656, 5921]",7926,5,7921,1,4,7919,2
6.0,QULTROPIA,"[2360, 3004, 3437, 3638, 4047]","[2360, 3004, 3437, 4047]",[3638],"[2186, 2360, 3004, 3437, 4047, 4336]",4959,5,4954,4,1,4952,2
6.0,RABCRP,[397],[397],[],[397],1431,1,1430,1,0,1430,0
6.0,RABDNP3AA,"[816, 2156]",[2156],[816],[2156],3083,2,3081,1,1,3081,0
6.0,RABSURFA,"[471, 3239, 4361, 5088, 6529]","[4361, 5088]","[471, 3239, 6529]","[4033, 4361, 5088]",8090,5,8085,2,3,8084,1
6.0,RABTNF,"[851, 1563]","[851, 1563]",[],"[851, 1355, 1563]",3193,2,3191,2,0,3190,1
6.0,RATCYC,"[362, 572, 1333]",[1333],"[362, 572]",[1333],2521,3,2518,1,2,2518,0
6.0,RATCYSS,"[1006, 1221]",[1006],[1221],"[1006, 4026]",5556,2,5554,1,1,5553,1
6.0,RATDCCOVB,"[2267, 3716]",[2267],[3716],"[2267, 2864, 3126]",5324,2,5322,1,1,5320,2
6.0,RATGRG,"[83, 286, 2187, 2392, 3290, 3552]","[83, 286, 2187, 3290]","[2392, 3552]","[83, 286, 1291, 1494, 1696, 1942, 2187, 2319, 2616, 2994, 3290]",3881,6,3875,4,2,3868,7
6.0,RATGROS,"[746, 1178]",[1178],[746],"[1178, 1390, 1587]",2489,2,2487,1,1,2485,2
6.0,RATGSTY,"[659, 2830, 3804]",[659],"[2830, 3804]","[659, 996, 1495, 1862, 2060, 3180, 3376]",6287,3,6284,1,2,6278,6
6.0,RATIGFBA,"[850, 1788, 2034, 3002, 3105, 4512]","[2034, 3002]","[850, 1788, 3105, 4512]","[526, 2034, 3002]",4993,6,4987,2,4,4986,1
6.0,RATJE,"[1191, 1299]",[1191],[1299],"[1191, 1989]",3098,2,3096,1,1,3095,1
6.0,RATKALA,"[4709, 4729]",[4709],[4729],"[1275, 3282, 4476, 4709]",6250,2,6248,1,1,6245,3
6.0,RATLHB,[817],[817],[],"[817, 1230]",1791,1,1790,1,0,1789,1
6.0,RATLITHOST,"[2464, 2847, 4652]","[2847, 4652]",[2464],"[2847, 3471, 3902, 4652]",5400,3,5397,2,1,5395,2
6.0,RATLYSOZYM,"[960, 3255]",[3255],[960],"[1561, 3255, 5174]",6733,2,6731,1,1,6729,2
6.0,RATLYSZYM,"[6, 1007, 1099, 1667, 3840, 4290]",[4290],"[6, 1007, 1099, 1667, 3840]","[574, 4290, 6230]",7944,6,7938,1,5,7936,2
6.0,RATOSCAL,"[1192, 1586]","[1192, 1586]",[],"[1192, 1373, 1586]",2120,2,2118,2,0,2117,1
6.0,RATPAP,"[633, 1648]",[1648],[633],"[1308, 1648, 2295, 2604, 3305]",4864,2,4862,1,1,4858,4
6.0,RATPAPIIB,"[1916, 2291, 2298, 3387, 3587]",[2298],"[1916, 2291, 3387, 3587]","[2298, 3140, 3473, 4107]",4718,5,4713,1,4,4710,3
6.0,RATPPP,"[1497, 1538, 2002, 4400]",[],"[1497, 1538, 2002, 4400]",[2261],4535,4,4531,0,4,4530,1
6.0,RATPTBZR02,"[673, 871, 909, 2066, 3232]",[2066],"[673, 871, 909, 3232]","[1306, 2066]",3427,5,3422,1,4,3421,1
6.0,RATRGPI,"[2329, 2712, 4521]","[2712, 4521]",[2329],"[2712, 3339, 3770, 4521]",5238,3,5235,2,1,5233,2
6.0,RATRPIII,"[1226, 1601, 1608, 2704]",[1608],"[1226, 1601, 2704]","[1608, 2456, 2790, 3426]",4134,4,4130,1,3,4127,3
6.0,RATSVSIV1,"[72, 244, 892]",[244],"[72, 892]",[244],974,3,971,1,2,971,0
6.0,RATTSHB,[265],[],[265],[4375],5160,1,5159,0,1,5158,1
6.0,RN0B2GLOB,[693],[693],[],"[354, 693]",1791,1,1790,1,0,1789,1
6.0,RN2BGLOB,[764],[764],[],"[432, 764]",1877,1,1876,1,0,1875,1
6.0,RN3B2GLOB,[460],[460],[],"[122, 460]",1438,1,1437,1,0,1436,1
6.0,RN3B3GLOB,[739],[739],[],"[403, 739]",1739,1,1738,1,0,1737,1
6.0,RN3BGLOB,[626],[626],[],"[288, 626]",1532,1,1531,1,0,1530,1
6.0,RNAC01,"[127, 309, 1367, 2597, 2867]","[1367, 2597, 2867]","[127, 309]","[1367, 1694, 2597, 2867]",4085,5,4080,3,2,4079,1
6.0,RNAC02,"[1787, 2138]","[1787, 2138]",[],"[1368, 1787, 2138, 2429, 2743]",3193,2,3191,2,0,3188,3
6.0,RNANTANT,[1524],[1524],[],"[1524, 3263, 3883]",5118,1,5117,1,0,5115,2
6.0,RNAPOEG,"[1955, 2863]",[1955],[2863],"[1293, 1955]",3230,2,3228,1,1,3227,1
6.0,RNCALBD9,[2736],[2736],[],[2736],4884,1,4883,1,0,4883,0
6.0,RNGAMT,"[4003, 4704, 4715]",[4003],"[4704, 4715]","[2173, 3141, 3319, 3760, 4003]",4957,3,4954,1,2,4950,4
6.0,RNGMTG,"[1011, 1682, 2067, 2433, 3918]","[1682, 3918]","[1011, 2067, 2433]","[1682, 3249, 3918, 4254, 4463]",5392,5,5387,2,3,5384,3
6.0,RNGROW3,"[216, 471]",[471],[216],"[471, 817, 1652, 1973]",2550,2,2548,1,1,2545,3
6.0,RNHSC73,"[498, 1244, 1713, 1982, 3448]","[1244, 1713, 1982, 3448]",[498],"[1244, 1713, 1982, 2618, 3034, 3448, 3766]",4313,5,4308,4,1,4305,3
6.0,RNLALB01,"[347, 2419]",[2419],[347],"[1414, 1914, 2419]",3814,2,3812,1,1,3810,2
6.0,RNLPKG,"[2847, 3195, 4321, 7818, 8078, 12937]","[7818, 8078]","[2847, 3195, 4321, 12937]","[3219, 3949, 6009, 6284, 6605, 7192, 7453, 7818, 8078, 9480]",13004,6,12998,2,4,12990,8
6.0,RNODC,"[1344, 3918, 4517, 4982, 5631, 5825, 6291]","[3918, 4517, 5631, 5825, 6291]","[1344, 4982]","[3525, 3918, 4182, 4517, 4698, 4953, 5631, 5825, 6291]",7769,7,7762,5,2,7758,4
6.0,RNP9KA,"[207, 823, 1227, 2311]",[1227],"[207, 823, 2311]",[1227],2333,4,2329,1,3,2329,0
6.0,RNPBPG,"[1117, 1155, 1180]",[1117],"[1155, 1180]","[1117, 2950]",6022,3,6019,1,2,6018,1
6.0,RNPGMUT,[1216],[],[1216],"[1596, 1872]",2421,1,2420,0,1,2418,2
6.0,RNPROST22,"[876, 2200]",[876],[2200],"[876, 3647, 4526]",7668,2,7666,1,1,7664,2
6.0,RNREVSV2A,"[67, 1341]",[67],[1341],"[67, 1304]",1731,2,1729,1,1,1728,1
6.0,RNSDHG,"[379, 1993, 5691, 6052, 6253, 6984, 7081, 8671]","[5691, 6052, 6253, 6984, 8671]","[379, 1993, 7081]","[4640, 5691, 6052, 6253, 6984, 8671]",9571,8,9563,5,3,9562,1
6.0,RNSVFG,"[500, 1250, 1267]",[500],"[1250, 1267]",[500],1844,3,1841,1,2,1841,0
6.0,RNTHYCSG,"[318, 1071, 1906]",[1071],"[318, 1906]","[68, 1071]",2856,3,2853,1,2,2852,1
6.0,RNU03551,"[832, 2418]","[832, 2418]",[],"[832, 2418, 3083]",3591,2,3589,2,0,3588,1
6.0,RNU09193,"[1727, 3787, 3899]",[3787],"[1727, 3899]","[2084, 2749, 3084, 3787]",4188,3,4185,1,2,4182,3
6.0,RNU12250,"[293, 473]","[293, 473]",[],"[293, 473]",1864,2,1862,2,0,1862,0
6.0,RNUCPG,"[4187, 6121, 7395, 8157, 9172, 10198, 10292]",[8157],"[4187, 6121, 7395, 9172, 10198, 10292]","[4310, 5157, 7964, 8157, 9401]",12497,7,12490,1,6,12486,4
6.0,RNVEGP1,"[1043, 1994, 2076, 4037, 4140, 4844]",[4037],"[1043, 1994, 2076, 4140, 4844]","[1262, 1834, 3032, 4037, 4611]",5949,6,5943,1,5,5939,4
6.0,RNVEGP2C,"[1159, 2182, 4146, 4960]",[4146],"[1159, 2182, 4960]","[1378, 1950, 3128, 4146, 4723]",5745,4,5741,1,3,5737,4
6.0,RRU04320,[2500],[2500],[],"[2500, 3643]",6799,1,6798,1,0,6797,1
6.0,S46763,"[5060, 5469, 6880, 8294]","[5060, 5469, 6880, 8294]",[],"[1235, 2487, 2775, 4052, 4528, 5060, 5469, 6880, 7334, 8012, 8294]",10036,4,10032,4,0,10025,7
6.0,S49651,[1652],[1652],[],"[1652, 2786, 3255, 4137]",5441,1,5440,1,0,5437,3
6.0,S57980,"[875, 2198]",[875],[2198],"[875, 3645, 4524]",7666,2,7664,1,1,7662,2
6.0,S62287,[190],[],[190],[1266],3426,1,3425,0,1,3424,1
6.0,S63697,[280],[280],[],"[280, 829]",1332,1,1331,1,0,1330,1
6.0,S66606,"[2506, 4598]","[2506, 4598]",[],"[2506, 2706, 3899, 4598]",6360,2,6358,2,0,6356,2
6.0,S67057,[840],[840],[],[840],1747,1,1746,1,0,1746,0
6.0,S69277,"[3316, 3839, 4385]","[3316, 3839]",[4385],"[3098, 3316, 3521, 3839, 4103]",5517,3,5514,2,1,5511,3
6.0,S69278,"[846, 861, 2826, 3347, 3832]","[2826, 3347]","[846, 861, 3832]","[2590, 2826, 3031, 3347, 3561]",5016,5,5011,2,3,5008,3
6.0,S69350,[235],[235],[],[235],2153,1,2152,1,0,2152,0
6.0,SAIEGLOBIM,"[237, 588, 983, 1329]","[237, 588]","[983, 1329]","[237, 588]",1827,4,1823,2,2,1823,0
6.0,SMIGCU,"[799, 1233, 1946, 2624]","[799, 1233]","[1946, 2624]","[799, 1233, 1631]",2834,4,2830,2,2,2829,1
6.0,SMNPRP1A,[],[],[],[215],624,0,624,0,0,623,1
6.0,SOEEGLOBIN,"[236, 586, 1195]","[236, 586]",[1195],"[236, 586]",1689,3,1686,2,1,1686,0
6.0,SSBAT1G,"[482, 2582, 4538, 9144]","[2582, 4538, 9144]",[482],"[1316, 2215, 2582, 4538, 5771, 8238, 9144, 9388, 9674]",10667,4,10663,3,1,10657,6
6.0,SSIKBAGE,"[3713, 4091, 4470]","[3713, 4091, 4470]",[],"[2469, 3151, 3713, 4091, 4470]",5757,3,5754,3,0,5752,2
6.0,SSPINT1B,"[2551, 6605, 6774, 8049, 8611]","[2551, 6605]","[6774, 8049, 8611]","[1971, 2551, 3903, 5245, 6605]",8745,5,8740,2,3,8737,3
6.0,TAPROTP1,[],[],[],[230],548,0,548,0,0,547,1
6.0,TARHBE,"[119, 465]","[119, 465]",[],"[119, 465]",1683,2,1681,2,0,1681,0
6.0,TARHBG,"[58, 265, 608]",[265],"[58, 608]","[265, 612]",2140,3,2137,1,2,2136,1
6.0,TFLPA2P1,"[596, 972, 1749, 2495]","[596, 972, 1749]",[2495],"[596, 972, 1749]",2709,4,2705,3,1,2705,0
6.0,TFLPA2P2,"[590, 966, 1783]","[590, 966, 1783]",[],"[590, 966, 1783]",2432,3,2429,3,0,2429,0
6.0,TFLPA2P3,"[596, 972, 1749, 2495]","[596, 972, 1749]",[2495],"[596, 972, 1749]",2709,4,2705,3,1,2705,0
6.0,TFLPA2P4,"[590, 966, 1783]","[590, 966, 1783]",[],"[590, 966, 1783]",2432,3,2429,3,0,2429,0
6.0,TGLHBB,[2034],[],[2034],"[519, 888]",2301,1,2300,0,1,2298,2
6.0,TIOPRP1A,[],[],[],[212],557,0,557,0,0,556,1
6.0,U00432,"[237, 1101]","[237, 1101]",[],"[83, 237, 793, 1101, 1312]",1576,2,1574,2,0,1571,3
6.0,U00433,"[267, 752]","[267, 752]",[],"[83, 267, 752, 1062, 1270]",1546,2,1544,2,0,1541,3
6.0,U00454,"[1598, 4179, 5820, 6800]",[1598],"[4179, 5820, 6800]","[1598, 4862]",7193,4,7189,1,3,7188,1
6.0,U00938,"[1169, 4070, 5155, 5202, 5261, 5809]","[1169, 4070, 5155]","[5202, 5261, 5809]","[1169, 4070, 5155]",6781,6,6775,3,3,6775,0
6.0,U01026,"[492, 1364, 1746, 2537]","[1364, 1746, 2537]",[492],"[1364, 1746, 2537]",3217,4,3213,3,1,3213,0
6.0,U01027,"[571, 947, 1710, 2740]","[571, 947, 1710]",[2740],"[571, 947, 1710]",2762,4,2758,3,1,2758,0
6.0,U01844,"[2090, 2653, 3211]","[2653, 3211]",[2090],"[1986, 2141, 2474, 2653, 3211]",4220,3,4217,2,1,4214,3
6.0,XELCRPGA,"[842, 1096]",[1096],[842],[1096],3892,2,3890,1,1,3890,0
6.0,XELCRYB,[],[],[],"[706, 1326]",2050,0,2050,0,0,2048,2
6.0,XELHBBC,[263],[263],[],"[263, 678]",1982,1,1981,1,0,1980,1
6.0,XLACTA,"[553, 2591, 4138, 4845]","[2591, 4138, 4845]",[553],"[2591, 3868, 4138, 4845, 5128]",5947,4,5943,3,1,5941,2
6.0,XLACTCAG,"[831, 3614, 4931, 6461, 8347, 8892]","[3614, 4931, 6461]","[831, 8347, 8892]","[2473, 3614, 4931, 5562, 6461]",8901,6,8895,3,3,8893,2
6.0,XLBGL3,[1175],[1175],[],"[388, 1175]",2965,1,2964,1,0,2963,1
6.0,XLGLAA1,[],[],[],"[137, 502]",1193,0,1193,0,0,1191,2
6.0,XLGLAA2,[],[],[],"[138, 519]",1193,0,1193,0,0,1191,2
6.0,XLK81A1G,"[2734, 3531, 3849]","[2734, 3531, 3849]",[],"[1759, 2294, 2734, 3026, 3531, 3849, 4170]",5893,3,5890,3,0,5886,4
6.0,XLRPL14,[1292],[],[1292],"[912, 1891, 2087, 4978, 5356, 7904]",9117,1,9116,0,1,9110,6
6.0,XLRPL1AG,"[3735, 3831]",[3831],[3735],"[512, 2121, 2438, 2818, 3137, 3831, 4573, 5179, 5757]",6950,2,6948,1,1,6940,8
6.0,XLS8,"[164, 692, 5912, 7381]","[5912, 7381]","[164, 692]","[2032, 3938, 5912, 7381, 12177]",13517,4,13513,2,2,13510,3
6.0,XLTUBAG,"[595, 678, 1280, 5575, 6630]","[678, 5575]","[595, 1280, 6630]","[678, 4401, 5575]",6889,5,6884,2,3,6883,1
6.0,XLXANF1A,[],[],[],"[1460, 1960, 2706]",4879,0,4879,0,0,4876,3
6.0,XTGLA,[2838],[2838],[],"[731, 2838]",4839,1,4838,1,0,4837,1
6.0,XTGLAA,[],[],[],"[1036, 1411]",1993,0,1993,0,0,1991,2
6.0,XTGLB,[21],[],[21],"[2384, 2836]",4044,1,4043,0,1,4041,2
6.0,ZEFB2MICB,"[1187, 1345]",[1187],[1345],"[304, 1187]",2194,2,2192,1,1,2191,1
