Threshold,Locus,Predict Sites,Positive Sites,Negative Sites,Actual Donor Sites,Predict Num,Predict Positive Num,Predict Negative Num,TP,FP,TN,FN
2.0,ACU08131,"[70, 158, 322, 387, 463, 533, 642, 710, 790, 845, 849, 925, 1000, 1009, 1024, 1173, 1230, 1255, 1328, 1363, 1437, 1603, 1735, 1860, 1982, 1994, 2025, 2029, 2079, 2104, 2134, 2179, 2212, 2245, 2350, 2498, 2537, 2598, 2637, 2798, 2803, 2807, 2840, 2986, 3032, 3042, 3336, 3798, 3914, 4038, 4167, 4306, 4452, 4504, 4512, 4563, 4866, 4920, 4971, 5170, 5176, 5313, 5324, 5345, 5361]","[642, 1363, 2029, 2803, 3798]","[70, 158, 322, 387, 463, 533, 710, 790, 845, 849, 925, 1000, 1009, 1024, 1173, 1230, 1255, 1328, 1437, 1603, 1735, 1860, 1982, 1994, 2025, 2079, 2104, 2134, 2179, 2212, 2245, 2350, 2498, 2537, 2598, 2637, 2798, 2807, 2840, 2986, 3032, 3042, 3336, 3914, 4038, 4167, 4306, 4452, 4504, 4512, 4563, 4866, 4920, 4971, 5170, 5176, 5313, 5324, 5345, 5361]","[642, 1363, 2029, 2803, 3798]",5385,65,5320,5,60,5320,0
2.0,AGGGLINE,"[32, 70, 80, 442, 590, 805, 812, 869, 903, 935, 1082, 1466, 1571, 1605, 1813, 2325, 2347, 2658, 2685, 2697, 2946, 2963, 3120, 3158, 3168, 3384, 3390, 3457, 3504, 3600, 3673, 3850, 4035, 4088, 4094, 4098, 4102, 4170, 4253, 4309, 4313, 4411, 4456, 4611, 4620, 4651, 4685, 4689, 4709, 4720, 4756, 4849, 4921, 4933, 5175, 5187, 5228, 5259, 5307, 5339, 5357, 5373, 5585, 5592, 5648, 5714, 5864, 6176, 6262, 6277, 6387, 6421, 6780, 6980, 6984, 7054, 7300]","[3158, 3504]","[32, 70, 80, 442, 590, 805, 812, 869, 903, 935, 1082, 1466, 1571, 1605, 1813, 2325, 2347, 2658, 2685, 2697, 2946, 2963, 3120, 3168, 3384, 3390, 3457, 3600, 3673, 3850, 4035, 4088, 4094, 4098, 4102, 4170, 4253, 4309, 4313, 4411, 4456, 4611, 4620, 4651, 4685, 4689, 4709, 4720, 4756, 4849, 4921, 4933, 5175, 5187, 5228, 5259, 5307, 5339, 5357, 5373, 5585, 5592, 5648, 5714, 5864, 6176, 6262, 6277, 6387, 6421, 6780, 6980, 6984, 7054, 7300]","[3158, 3504]",7222,77,7145,2,75,7145,0
2.0,AGU04852,"[40, 86, 174, 183, 348, 491, 509, 536, 631, 653, 664, 734, 885, 987, 1023, 1104, 1116, 1142, 1184, 1232, 1464, 1652, 1752, 2073, 2117, 2302, 2478, 2482, 2618, 2624, 2720, 2784, 2788, 2917, 2972, 2976, 3022, 3035, 3038, 3116, 3133, 3176, 3211, 3402, 3404, 3693, 3697, 3701, 3732, 3788, 3877, 3956, 4086, 4342, 4483, 4566, 4701, 4780, 4788, 4800, 4809, 4863, 4906, 5252, 5332, 5350, 5360, 5385, 5517, 5529, 5533, 5876, 5912, 5979, 5987, 6203, 6224, 6383, 6731, 6740, 6744, 6838, 6883, 7105, 7128, 7509, 7636, 7640, 7669, 7867, 7927, 7960, 8017, 8026, 8085, 8122, 8229, 8252, 8301, 8349, 8354, 8358, 8362, 8538, 8624, 8635, 8653, 8694, 8757, 8817, 8854, 8877, 8934, 8952, 8961, 9083, 9246, 9261, 9571, 9622, 9856, 10029, 10586, 10753, 10812, 10820, 10898, 10937, 10961]","[3956, 5517, 5912, 6740]","[40, 86, 174, 183, 348, 491, 509, 536, 631, 653, 664, 734, 885, 987, 1023, 1104, 1116, 1142, 1184, 1232, 1464, 1652, 1752, 2073, 2117, 2302, 2478, 2482, 2618, 2624, 2720, 2784, 2788, 2917, 2972, 2976, 3022, 3035, 3038, 3116, 3133, 3176, 3211, 3402, 3404, 3693, 3697, 3701, 3732, 3788, 3877, 4086, 4342, 4483, 4566, 4701, 4780, 4788, 4800, 4809, 4863, 4906, 5252, 5332, 5350, 5360, 5385, 5529, 5533, 5876, 5979, 5987, 6203, 6224, 6383, 6731, 6744, 6838, 6883, 7105, 7128, 7509, 7636, 7640, 7669, 7867, 7927, 7960, 8017, 8026, 8085, 8122, 8229, 8252, 8301, 8349, 8354, 8358, 8362, 8538, 8624, 8635, 8653, 8694, 8757, 8817, 8854, 8877, 8934, 8952, 8961, 9083, 9246, 9261, 9571, 9622, 9856, 10029, 10586, 10753, 10812, 10820, 10898, 10937, 10961]","[3956, 5517, 5912, 6740]",10977,129,10848,4,125,10848,0
2.0,ALOEGLOBIM,"[21, 55, 221, 237, 271, 346, 448, 469, 536, 583, 599, 761, 1043, 1049, 1154, 1170, 1176, 1182, 1200, 1250, 1297, 1301, 1399, 1404, 1410, 1455, 1511]","[237, 583]","[21, 55, 221, 271, 346, 448, 469, 536, 599, 761, 1043, 1049, 1154, 1170, 1176, 1182, 1200, 1250, 1297, 1301, 1399, 1404, 1410, 1455, 1511]","[237, 583]",1684,27,1657,2,25,1657,0
2.0,ALOEGLOBIN,"[21, 55, 221, 237, 271, 346, 448, 469, 536, 583, 599, 761, 1043, 1049, 1154, 1170, 1176, 1182, 1186, 1200, 1250, 1297, 1301, 1399, 1404, 1410, 1455, 1511]","[237, 583]","[21, 55, 221, 271, 346, 448, 469, 536, 599, 761, 1043, 1049, 1154, 1170, 1176, 1182, 1186, 1200, 1250, 1297, 1301, 1399, 1404, 1410, 1455, 1511]","[237, 583]",1684,28,1656,2,26,1656,0
2.0,ALOPROTP1A,"[7, 10, 59, 166, 170, 186, 267]",[166],"[7, 10, 59, 170, 186, 267]",[166],411,7,404,1,6,404,0
2.0,AMU12024,"[85, 257, 477, 534, 632, 667, 671, 872, 1120, 1125, 1467, 1583, 1594, 1650, 1695, 1797, 1864, 1960, 2013, 2126, 2482, 2605, 2685, 2801, 2827, 2917, 3053, 3332, 3458, 3573, 3606]","[257, 667, 1864, 2126, 2482]","[85, 477, 534, 632, 671, 872, 1120, 1125, 1467, 1583, 1594, 1650, 1695, 1797, 1960, 2013, 2605, 2685, 2801, 2827, 2917, 3053, 3332, 3458, 3573, 3606]","[257, 667, 1864, 2126, 2482]",3645,31,3614,5,26,3614,0
2.0,AMU12025,"[205, 271, 301, 321, 527, 529, 859, 1049, 1080, 1143, 1412, 1640, 1697, 1749, 1830, 1834, 2010, 2250, 2359, 2485, 2554, 2654, 2658, 2689, 2705, 2736, 2789, 2902, 3278, 3313, 3343, 3649, 4134, 4481, 4541, 4767]","[1412, 1830, 2654, 2902, 3278]","[205, 271, 301, 321, 527, 529, 859, 1049, 1080, 1143, 1640, 1697, 1749, 1834, 2010, 2250, 2359, 2485, 2554, 2658, 2689, 2705, 2736, 2789, 3313, 3343, 3649, 4134, 4481, 4541, 4767]","[1412, 1830, 2654, 2902, 3278]",5376,36,5340,5,31,5340,0
2.0,AOIRHODOPS,"[44, 113, 141, 255, 410, 620, 691, 749, 856, 894, 921, 1115, 1314, 1393, 1662, 1702, 1706, 1749, 1925, 1953, 1969, 1982, 2025, 2683, 2754, 2812, 2855, 2870, 2942, 2949, 3012, 3095, 3113, 3488, 3948, 4005, 4067, 4071, 4109, 4336, 4385, 4391, 4430, 4464, 4479, 4598, 4840, 4881, 4933, 4953, 5014, 5116, 5207, 5373, 5426, 5452, 5483, 5494, 5601, 5677, 5711, 5716, 5796, 5892, 6243, 6372, 6400, 6406, 6759, 6806, 7039, 7056, 7095, 7481, 7580, 7584, 7600, 7614, 7622, 7630, 7638, 7673, 7800, 8003, 8156, 8197, 8308, 8614, 8837, 8863, 9057, 9133, 9304, 9371, 9410]","[1702, 4067, 5373, 6243]","[44, 113, 141, 255, 410, 620, 691, 749, 856, 894, 921, 1115, 1314, 1393, 1662, 1706, 1749, 1925, 1953, 1969, 1982, 2025, 2683, 2754, 2812, 2855, 2870, 2942, 2949, 3012, 3095, 3113, 3488, 3948, 4005, 4071, 4109, 4336, 4385, 4391, 4430, 4464, 4479, 4598, 4840, 4881, 4933, 4953, 5014, 5116, 5207, 5426, 5452, 5483, 5494, 5601, 5677, 5711, 5716, 5796, 5892, 6372, 6400, 6406, 6759, 6806, 7039, 7056, 7095, 7481, 7580, 7584, 7600, 7614, 7622, 7630, 7638, 7673, 7800, 8003, 8156, 8197, 8308, 8614, 8837, 8863, 9057, 9133, 9304, 9371, 9410]","[1702, 4067, 5373, 6243]",9916,95,9821,4,91,9821,0
2.0,ASPROP2,"[75, 120, 251, 325, 452, 589]",[325],"[75, 120, 251, 452, 589]",[325],665,6,659,1,5,659,0
2.0,ASYRVISP,"[99, 260, 294, 625, 634, 656, 852, 909, 1007, 1042, 1046, 1166, 1219, 1240, 1305, 1335, 1404, 1419, 1569, 1585, 1916, 1968, 2021, 2051, 2069]","[625, 1042, 1335, 1585, 1916]","[99, 260, 294, 634, 656, 852, 909, 1007, 1046, 1166, 1219, 1240, 1305, 1404, 1419, 1569, 1968, 2021, 2051, 2069]","[625, 1042, 1335, 1585, 1916]",2222,25,2197,5,20,2197,0
2.0,ATREGLOBIN,"[21, 55, 221, 237, 271, 453, 474, 541, 588, 604, 766, 935, 1058, 1187, 1193, 1199, 1217, 1267, 1295, 1314, 1318, 1407, 1412, 1418, 1463, 1519]","[237, 588]","[21, 55, 221, 271, 453, 474, 541, 604, 766, 935, 1058, 1187, 1193, 1199, 1217, 1267, 1295, 1314, 1318, 1407, 1412, 1418, 1463, 1519]","[237, 588]",1692,26,1666,2,24,1666,0
2.0,BABAPOE,"[33, 60, 146, 198, 267, 272, 408, 481, 486, 501, 550, 567, 688, 754, 865, 897, 1003, 1029, 1080, 1278, 1374, 1702, 1746, 1944, 1953, 1985, 2109, 2144, 2262, 2312, 2355, 2421, 2468, 2593, 2613, 2668, 2680, 2782, 2803, 2847, 2881, 3435, 3537, 3598, 3615, 3630, 3635, 3648, 3670, 3804, 3852, 3867, 3916, 3978, 3990, 3999, 4131, 4143, 4288]","[897, 2847]","[33, 60, 146, 198, 267, 272, 408, 481, 486, 501, 550, 567, 688, 754, 865, 1003, 1029, 1080, 1278, 1374, 1702, 1746, 1944, 1953, 1985, 2109, 2144, 2262, 2312, 2355, 2421, 2468, 2593, 2613, 2668, 2680, 2782, 2803, 2881, 3435, 3537, 3598, 3615, 3630, 3635, 3648, 3670, 3804, 3852, 3867, 3916, 3978, 3990, 3999, 4131, 4143, 4288]","[897, 2847]",4755,59,4696,2,57,4696,0
2.0,BATROX,"[111, 222, 237, 292, 341, 384, 473, 600, 736, 769, 875, 879, 927, 1839, 1903, 1944, 2032, 2078, 2307, 2428, 2432, 2446, 2450, 2471, 2890, 2948, 2959, 2985, 3011, 3183, 3410, 3556, 3593, 3638, 3668, 3679, 3683, 3706, 3849, 3878, 3924, 3946, 3967, 3975, 3979, 4044, 4110, 4154, 4276, 4495, 4681, 4705, 4798, 4836, 5035, 5085, 5123, 5204, 5509, 5517, 5705, 5790, 5831, 5956, 6111, 6115, 6329, 6360, 6449, 6775, 6789, 6874, 6923, 6950, 6955, 7120, 7262, 7297, 7321, 7378, 7567, 7627, 7655, 7660, 7789, 7823, 7889, 7980, 7992]","[341, 3011, 5035, 6955]","[111, 222, 237, 292, 384, 473, 600, 736, 769, 875, 879, 927, 1839, 1903, 1944, 2032, 2078, 2307, 2428, 2432, 2446, 2450, 2471, 2890, 2948, 2959, 2985, 3183, 3410, 3556, 3593, 3638, 3668, 3679, 3683, 3706, 3849, 3878, 3924, 3946, 3967, 3975, 3979, 4044, 4110, 4154, 4276, 4495, 4681, 4705, 4798, 4836, 5085, 5123, 5204, 5509, 5517, 5705, 5790, 5831, 5956, 6111, 6115, 6329, 6360, 6449, 6775, 6789, 6874, 6923, 6950, 7120, 7262, 7297, 7321, 7378, 7567, 7627, 7655, 7660, 7789, 7823, 7889, 7980, 7992]","[341, 3011, 5035, 6955]",8093,89,8004,4,85,8004,0
2.0,BCHEGLOBIN,"[21, 55, 221, 237, 271, 448, 469, 536, 583, 599, 1054, 1060, 1166, 1184, 1190, 1196, 1200, 1214, 1264, 1311, 1315, 1412, 1417, 1423, 1468, 1524]","[237, 583]","[21, 55, 221, 271, 448, 469, 536, 599, 1054, 1060, 1166, 1184, 1190, 1196, 1200, 1214, 1264, 1311, 1315, 1412, 1417, 1423, 1468, 1524]","[237, 583]",1698,26,1672,2,24,1672,0
2.0,BOVANPA,"[334, 393, 433, 598, 858, 958, 1023, 1299, 1677, 1687, 1691]","[433, 858]","[334, 393, 598, 958, 1023, 1299, 1677, 1687, 1691]","[433, 858]",1762,11,1751,2,9,1751,0
2.0,BOVCOX7AL,"[16, 25, 172, 263, 295, 322, 469, 622, 679, 683, 694, 936, 956, 1002, 1056, 1207, 1376, 1444, 1461, 1484, 1497, 1501, 1540, 1570, 1596, 1661, 1733, 1771, 1826, 1883, 1924, 1954, 2108, 2130, 2141, 2219, 2273, 2351, 2432, 2470, 2529, 2630, 2812, 2867, 2874, 3003, 3009, 3047, 3212, 3261, 3328, 3416, 3486, 3512, 3627, 3721, 3780, 3969, 4284, 4555, 4648, 4866, 4995, 5049, 5252, 5282, 5377, 5488, 5521, 5699, 5726, 5934, 6089, 6167, 6444, 6500, 6648, 6762]","[1540, 2812, 5049]","[16, 25, 172, 263, 295, 322, 469, 622, 679, 683, 694, 936, 956, 1002, 1056, 1207, 1376, 1444, 1461, 1484, 1497, 1501, 1570, 1596, 1661, 1733, 1771, 1826, 1883, 1924, 1954, 2108, 2130, 2141, 2219, 2273, 2351, 2432, 2470, 2529, 2630, 2867, 2874, 3003, 3009, 3047, 3212, 3261, 3328, 3416, 3486, 3512, 3627, 3721, 3780, 3969, 4284, 4555, 4648, 4866, 4995, 5252, 5282, 5377, 5488, 5521, 5699, 5726, 5934, 6089, 6167, 6444, 6500, 6648, 6762]","[1540, 2812, 5049]",6850,78,6772,3,75,6772,0
2.0,BOVGAS,"[192, 203, 406, 573, 751, 806, 847, 996]",[751],"[192, 203, 406, 573, 806, 847, 996]",[751],1059,8,1051,1,7,1051,0
2.0,BOVIAP,"[174, 194, 320, 437, 457, 533, 602, 606, 916, 926, 1080, 1116, 1318, 1330, 1568, 1764, 1835, 1895, 1994, 2033, 2037, 2057, 2107, 2129, 2159, 2200, 2269, 2309, 2354, 2441, 2450, 2465, 2504, 2518, 2606, 2643, 2646, 2670, 2674, 2711, 2725, 2734, 2749, 2756, 2784, 2793, 2804, 2813, 2864, 2972, 2999, 3018, 3024, 3092, 3157, 3337, 3352, 3392, 3410, 3420, 3440, 3449, 3535, 3649, 3667, 3782, 3844, 3879, 3996, 4005, 4009, 4024, 4731, 5007, 5074, 5089, 5136, 5199, 5241, 5262, 5271, 5290, 5355, 5367, 5372]","[1568, 1764, 1994, 2354, 2606, 2999, 3157, 3392, 3667, 3996]","[174, 194, 320, 437, 457, 533, 602, 606, 916, 926, 1080, 1116, 1318, 1330, 1835, 1895, 2033, 2037, 2057, 2107, 2129, 2159, 2200, 2269, 2309, 2441, 2450, 2465, 2504, 2518, 2643, 2646, 2670, 2674, 2711, 2725, 2734, 2749, 2756, 2784, 2793, 2804, 2813, 2864, 2972, 3018, 3024, 3092, 3337, 3352, 3410, 3420, 3440, 3449, 3535, 3649, 3782, 3844, 3879, 4005, 4009, 4024, 4731, 5007, 5074, 5089, 5136, 5199, 5241, 5262, 5271, 5290, 5355, 5367, 5372]","[1568, 1764, 1994, 2354, 2606, 2999, 3157, 3392, 3667, 3996]",5392,85,5307,10,75,5307,0
2.0,BOVIRBP,"[129, 207, 357, 513, 552, 621, 785, 888, 936, 994, 1010, 1026, 1284, 1293, 1434, 1482, 1509, 1584, 1629, 1812, 1896, 1948, 2004, 2331, 2388, 2412, 2421, 2586, 2649, 2754, 2769, 2928, 3042, 3090, 3174, 3539, 3544, 3692, 3698, 3723, 3773, 3789, 3801, 3848, 3895, 3914, 4136, 4149, 4176, 4189, 4212, 4571, 4582, 4806, 4970, 4983, 5048, 5131, 5294, 5349, 5487, 5507, 5595, 5643, 5761, 5857, 5876, 6208, 6214, 6271, 6292, 6475, 6494, 6540, 6779, 7019, 7126, 7206, 7321, 7416, 7514, 7567, 7665, 7669, 7699, 7773, 7828, 7957, 8445, 8915, 8920, 8937, 8968, 9058, 9146, 9190, 9214, 9309, 9426, 9435, 9603, 9664, 9775, 9794, 9959, 10082, 10191, 10443, 10749, 10841, 10914, 10997, 11020, 11108, 11326, 11500, 11746, 11753]","[3174, 5595, 7699]","[129, 207, 357, 513, 552, 621, 785, 888, 936, 994, 1010, 1026, 1284, 1293, 1434, 1482, 1509, 1584, 1629, 1812, 1896, 1948, 2004, 2331, 2388, 2412, 2421, 2586, 2649, 2754, 2769, 2928, 3042, 3090, 3539, 3544, 3692, 3698, 3723, 3773, 3789, 3801, 3848, 3895, 3914, 4136, 4149, 4176, 4189, 4212, 4571, 4582, 4806, 4970, 4983, 5048, 5131, 5294, 5349, 5487, 5507, 5643, 5761, 5857, 5876, 6208, 6214, 6271, 6292, 6475, 6494, 6540, 6779, 7019, 7126, 7206, 7321, 7416, 7514, 7567, 7665, 7669, 7773, 7828, 7957, 8445, 8915, 8920, 8937, 8968, 9058, 9146, 9190, 9214, 9309, 9426, 9435, 9603, 9664, 9775, 9794, 9959, 10082, 10191, 10443, 10749, 10841, 10914, 10997, 11020, 11108, 11326, 11500, 11746, 11753]","[3174, 5595, 7699]",11786,118,11668,3,115,11668,0
2.0,BOVLHB,"[33, 233, 244, 419, 453, 554, 592, 615, 749, 761, 803, 811, 854, 875, 900, 914, 944, 1005, 1057, 1062, 1140, 1272, 1401, 1455, 1460, 1526, 1562]","[803, 1272]","[33, 233, 244, 419, 453, 554, 592, 615, 749, 761, 811, 854, 875, 900, 914, 944, 1005, 1057, 1062, 1140, 1401, 1455, 1460, 1526, 1562]","[803, 1272]",1857,27,1830,2,25,1830,0
2.0,BOVLYSOZMA,"[70, 239, 322, 350, 397, 944, 1189, 1212, 1430, 1581, 1585, 1589, 1707, 1810, 1819, 2057, 2089, 2115, 2263, 2268, 2374, 2402, 2435, 2516, 2758, 2819, 2872, 2973, 3023, 3039, 3078, 3201, 3208, 3255, 3424, 3672, 3737, 3767, 4000, 4066, 4095, 4100, 4163, 4245, 4290, 4314, 4372, 4417, 4694, 4802, 5256, 5360, 5369, 5771, 5936, 5955, 5997, 6103, 6433, 6864, 6886, 6932, 6973, 7196, 7212, 7260, 7327, 7512, 7741, 7928, 8112, 8211, 8632, 8654, 8681, 8685, 8811, 9056, 9185, 9247, 9304, 9327, 9437, 9453, 9501, 9603, 9662, 9715, 9943, 9951, 10024, 10062, 10160, 10409, 10777, 10799, 11050, 11525, 11634]","[3039, 5771, 8654]","[70, 239, 322, 350, 397, 944, 1189, 1212, 1430, 1581, 1585, 1589, 1707, 1810, 1819, 2057, 2089, 2115, 2263, 2268, 2374, 2402, 2435, 2516, 2758, 2819, 2872, 2973, 3023, 3078, 3201, 3208, 3255, 3424, 3672, 3737, 3767, 4000, 4066, 4095, 4100, 4163, 4245, 4290, 4314, 4372, 4417, 4694, 4802, 5256, 5360, 5369, 5936, 5955, 5997, 6103, 6433, 6864, 6886, 6932, 6973, 7196, 7212, 7260, 7327, 7512, 7741, 7928, 8112, 8211, 8632, 8681, 8685, 8811, 9056, 9185, 9247, 9304, 9327, 9437, 9453, 9501, 9603, 9662, 9715, 9943, 9951, 10024, 10062, 10160, 10409, 10777, 10799, 11050, 11525, 11634]","[3039, 5771, 8654]",12215,99,12116,3,96,12116,0
2.0,BOVLYSOZMB,"[35, 90, 140, 215, 261, 334, 461, 646, 696, 739, 834, 941, 1073, 1229, 1253, 1432, 1645, 1662, 1681, 1885, 1890, 1993, 2023, 2143, 2346, 2390, 2453, 2506, 2607, 2673, 2836, 2843, 2902, 2907, 3007, 3414, 3717, 3743, 4005, 4056, 4135, 4662, 4675, 4766, 4797, 4971, 5148, 5158, 5241, 5331, 5478, 5594, 5708, 5732, 5934, 6190, 6212, 6296, 6301, 6344, 6410, 6475, 6557, 6683, 6722, 6807, 6867, 6895, 6917, 6928, 7058, 7118, 7303, 7399, 7511, 7609, 7862, 8185, 8354, 8610, 8728, 9094, 9510, 9580, 9662, 9788, 9862, 9897, 9958, 9988, 10002, 10007, 10198]","[2673, 4005, 6212]","[35, 90, 140, 215, 261, 334, 461, 646, 696, 739, 834, 941, 1073, 1229, 1253, 1432, 1645, 1662, 1681, 1885, 1890, 1993, 2023, 2143, 2346, 2390, 2453, 2506, 2607, 2836, 2843, 2902, 2907, 3007, 3414, 3717, 3743, 4056, 4135, 4662, 4675, 4766, 4797, 4971, 5148, 5158, 5241, 5331, 5478, 5594, 5708, 5732, 5934, 6190, 6296, 6301, 6344, 6410, 6475, 6557, 6683, 6722, 6807, 6867, 6895, 6917, 6928, 7058, 7118, 7303, 7399, 7511, 7609, 7862, 8185, 8354, 8610, 8728, 9094, 9510, 9580, 9662, 9788, 9862, 9897, 9958, 9988, 10002, 10007, 10198]","[2673, 4005, 6212]",10205,93,10112,3,90,10112,0
2.0,BOVLYSOZMC,"[121, 304, 374, 685, 738, 839, 905, 1018, 1086, 1131, 1172, 1274, 1279, 1498, 1708, 2107, 2323, 2503, 2637, 2826, 2919, 2933, 2990, 3052, 3292, 3388, 3652, 3749, 3910, 4147, 4172, 4194, 4393, 4462, 4508, 4801, 4908, 4941, 4964, 5321, 5325, 5400, 5429, 5777, 5943, 6066, 6235, 6245, 6302, 6532, 6620, 6921, 7018, 7226, 7479]","[905, 2323, 4194]","[121, 304, 374, 685, 738, 839, 1018, 1086, 1131, 1172, 1274, 1279, 1498, 1708, 2107, 2503, 2637, 2826, 2919, 2933, 2990, 3052, 3292, 3388, 3652, 3749, 3910, 4147, 4172, 4393, 4462, 4508, 4801, 4908, 4941, 4964, 5321, 5325, 5400, 5429, 5777, 5943, 6066, 6235, 6245, 6302, 6532, 6620, 6921, 7018, 7226, 7479]","[905, 2323, 4194]",8044,55,7989,3,52,7989,0
2.0,BOVMYF5A,"[273, 359, 403, 520, 557, 620, 698, 770, 827, 935, 1095, 1398, 1433, 1446, 1463, 1615, 1625, 1824, 1852, 1952, 1955, 2273, 2483, 2588, 2693, 2815, 2895, 2907, 2918, 3023, 3085, 3107, 3199, 3272, 3338, 3435, 3510, 3738, 3947, 4171, 4204, 4326, 4335, 4402, 4412, 4537, 4583, 4629, 4829, 4851, 4908, 5000]","[698, 1625]","[273, 359, 403, 520, 557, 620, 770, 827, 935, 1095, 1398, 1433, 1446, 1463, 1615, 1824, 1852, 1952, 1955, 2273, 2483, 2588, 2693, 2815, 2895, 2907, 2918, 3023, 3085, 3107, 3199, 3272, 3338, 3435, 3510, 3738, 3947, 4171, 4204, 4326, 4335, 4402, 4412, 4537, 4583, 4629, 4829, 4851, 4908, 5000]","[698, 1625]",5212,52,5160,2,50,5160,0
2.0,BRHOX22,"[530, 542, 574, 600, 623, 791, 824, 835, 843, 990, 1122, 1159, 1425, 1431, 1478, 1590, 1614, 1815, 1951, 2289, 2301, 2493, 2572, 2851, 3018, 3039, 3122, 3151, 3227, 3304, 3414]",[1431],"[530, 542, 574, 600, 623, 791, 824, 835, 843, 990, 1122, 1159, 1425, 1478, 1590, 1614, 1815, 1951, 2289, 2301, 2493, 2572, 2851, 3018, 3039, 3122, 3151, 3227, 3304, 3414]",[1431],3435,31,3404,1,30,3404,0
2.0,BRHOX34A,"[60, 64, 246, 460, 475, 588, 613, 764, 778, 981, 1132, 1182, 1190, 1248, 1359, 1387, 1397, 1751, 1791, 1819, 1881, 2191, 2217, 2313, 2441, 2510, 2619, 2675, 2903, 2963, 3339, 3491]",[981],"[60, 64, 246, 460, 475, 588, 613, 764, 778, 1132, 1182, 1190, 1248, 1359, 1387, 1397, 1751, 1791, 1819, 1881, 2191, 2217, 2313, 2441, 2510, 2619, 2675, 2903, 2963, 3339, 3491]",[981],3491,32,3459,1,31,3459,0
2.0,BRU12895,"[463, 674, 793, 799, 1135, 1342, 1526, 1612, 1616, 1620, 1630, 1644, 1651, 1986, 1998, 2140, 2232, 2341, 2355, 2392, 2827, 3045]",[1135],"[463, 674, 793, 799, 1342, 1526, 1612, 1616, 1620, 1630, 1644, 1651, 1986, 1998, 2140, 2232, 2341, 2355, 2392, 2827, 3045]",[1135],3233,22,3211,1,21,3211,0
2.0,BTATPAAA,"[55, 112, 296, 411, 459, 549, 565, 580, 628, 689, 740, 826, 908, 918, 925, 1111, 1146, 1160, 1166, 1200, 1223, 1229, 1302, 1430, 1987, 2314, 2377, 2501, 2615, 2702, 2761, 2777, 2781, 2829, 2838, 2912, 2987, 2992, 2997, 3093, 3383, 3387, 3548, 3630, 3636, 3647, 3683, 3707, 3951, 4106, 4183, 4188, 4236, 4249, 4280, 4301, 4511, 4537, 4581, 4650, 4785, 4854, 4900, 4988, 5021, 5110, 5145, 5201, 5210, 5345, 5350, 5427, 5460, 5492, 5496, 5551, 5556, 5709, 5729, 5886, 5931, 5947, 5953, 5968, 5984, 6109, 6155, 6315, 6337, 6472, 6561, 6865, 6903, 6922, 6975, 6990, 7098, 7151, 7185, 7325, 7445, 7693, 7717, 7770, 7824, 7878, 7885, 7915, 7984, 7986, 8023, 8099, 8311, 8394, 8556, 8588, 8663, 8748, 8831, 9030, 9129, 9158, 9211, 9433, 9527, 9733, 9844, 9848]","[740, 2314, 3707, 5729, 5984, 6337, 7151, 7770, 8023, 9129]","[55, 112, 296, 411, 459, 549, 565, 580, 628, 689, 826, 908, 918, 925, 1111, 1146, 1160, 1166, 1200, 1223, 1229, 1302, 1430, 1987, 2377, 2501, 2615, 2702, 2761, 2777, 2781, 2829, 2838, 2912, 2987, 2992, 2997, 3093, 3383, 3387, 3548, 3630, 3636, 3647, 3683, 3951, 4106, 4183, 4188, 4236, 4249, 4280, 4301, 4511, 4537, 4581, 4650, 4785, 4854, 4900, 4988, 5021, 5110, 5145, 5201, 5210, 5345, 5350, 5427, 5460, 5492, 5496, 5551, 5556, 5709, 5886, 5931, 5947, 5953, 5968, 6109, 6155, 6315, 6472, 6561, 6865, 6903, 6922, 6975, 6990, 7098, 7185, 7325, 7445, 7693, 7717, 7824, 7878, 7885, 7915, 7984, 7986, 8099, 8311, 8394, 8556, 8588, 8663, 8748, 8831, 9030, 9158, 9211, 9433, 9527, 9733, 9844, 9848]","[740, 2314, 3707, 5729, 5984, 6337, 6827, 7151, 7770, 8023, 9129]",9908,128,9780,10,118,9779,1
2.0,BTEBGL2,"[156, 201, 262, 272, 287, 294, 310, 327, 376, 414, 482, 523, 611, 658, 766, 920, 1129, 1171, 1254, 1620, 1760, 1764]","[310, 658]","[156, 201, 262, 272, 287, 294, 327, 376, 414, 482, 523, 611, 766, 920, 1129, 1171, 1254, 1620, 1760, 1764]","[310, 658]",1834,22,1812,2,20,1812,0
2.0,BTEBGL4,"[4, 156, 201, 262, 272, 287, 294, 310, 327, 376, 482, 544, 611, 658, 763, 815, 1128, 1617, 1719]","[310, 658]","[4, 156, 201, 262, 272, 287, 294, 327, 376, 482, 544, 611, 763, 815, 1128, 1617, 1719]","[310, 658]",1829,19,1810,2,17,1810,0
2.0,BTGL01,"[72, 98, 176, 327, 349, 365, 369, 389, 434, 503, 549, 641, 711, 873, 894, 910, 961, 1008, 1439, 1671, 1674, 1681]","[365, 1008]","[72, 98, 176, 327, 349, 369, 389, 434, 503, 549, 641, 711, 873, 894, 910, 961, 1439, 1671, 1674, 1681]","[365, 1008]",2041,22,2019,2,20,2019,0
2.0,BTHOR02,"[16, 169, 484, 939, 957, 975, 1123, 1186, 1230, 1268, 1357, 1489, 1920, 1936, 2030, 2130, 2219, 2345]","[484, 1920]","[16, 169, 939, 957, 975, 1123, 1186, 1230, 1268, 1357, 1489, 1936, 2030, 2130, 2219, 2345]","[484, 1920]",2420,18,2402,2,16,2402,0
2.0,BTKER6B,"[188, 198, 554, 826, 938, 1008, 1029, 1074, 1160, 1259, 1331, 1355, 1397, 1593, 1602, 1678, 1820, 1830, 1836, 1865, 1925, 2044, 2171, 2219, 2300, 2346, 2559, 2577, 2618, 2745, 2798, 2913, 2926, 2974, 3070, 3184, 3217, 3315, 3446, 3530, 3534, 3626, 4056, 4192, 4297, 4335, 4389, 4524, 4539, 4581, 4666, 4686, 4906, 5029, 5142, 5321, 5469, 5608, 5686]","[1678, 2559, 3070, 3315, 3530, 4056, 4666]","[188, 198, 554, 826, 938, 1008, 1029, 1074, 1160, 1259, 1331, 1355, 1397, 1593, 1602, 1820, 1830, 1836, 1865, 1925, 2044, 2171, 2219, 2300, 2346, 2577, 2618, 2745, 2798, 2913, 2926, 2974, 3184, 3217, 3446, 3534, 3626, 4192, 4297, 4335, 4389, 4524, 4539, 4581, 4686, 4906, 5029, 5142, 5321, 5469, 5608, 5686]","[1678, 2559, 3070, 3315, 3530, 4056, 4666]",5719,59,5660,7,52,5660,0
2.0,BTSPDNA,"[84, 145, 177, 201, 333, 643, 648, 685, 744, 960, 990, 1036, 1054, 1077, 1087, 1155, 1221, 1265, 1541, 1546, 1554, 1563, 1682, 1713, 1876, 1989, 2112, 2123]",[1541],"[84, 145, 177, 201, 333, 643, 648, 685, 744, 960, 990, 1036, 1054, 1077, 1087, 1155, 1221, 1265, 1546, 1554, 1563, 1682, 1713, 1876, 1989, 2112, 2123]",[1541],2149,28,2121,1,27,2121,0
2.0,BTSVSP109,"[52, 74, 321, 353, 379, 549, 554, 799, 826, 983, 1122, 1173, 1357, 1401, 1452, 1485, 1604, 1608, 1613, 2189, 2258, 2359, 2387, 2555, 2567, 2648, 2741, 2834, 2853, 2863, 2922, 3139, 3167, 3392, 3457, 3573, 3984, 4068, 4086, 4181, 4199, 4248, 4348, 4351, 4401, 4469, 4515, 4675, 4688, 5056, 5124, 5261, 5292, 5315, 5388, 5411, 5517, 5643, 5667, 5736, 5767, 6016, 6096, 6115, 6131, 6164, 6200, 6240, 6439, 6451, 6561, 6677, 6730]","[2359, 3984, 5292]","[52, 74, 321, 353, 379, 549, 554, 799, 826, 983, 1122, 1173, 1357, 1401, 1452, 1485, 1604, 1608, 1613, 2189, 2258, 2387, 2555, 2567, 2648, 2741, 2834, 2853, 2863, 2922, 3139, 3167, 3392, 3457, 3573, 4068, 4086, 4181, 4199, 4248, 4348, 4351, 4401, 4469, 4515, 4675, 4688, 5056, 5124, 5261, 5315, 5388, 5411, 5517, 5643, 5667, 5736, 5767, 6016, 6096, 6115, 6131, 6164, 6200, 6240, 6439, 6451, 6561, 6677, 6730]","[2359, 3984, 5292]",6949,73,6876,3,70,6876,0
2.0,BTTNP2G,"[24, 28, 125, 321, 710, 728, 774, 847, 852, 1013, 1029, 1115, 1210, 1326, 1342, 1716]",[774],"[24, 28, 125, 321, 710, 728, 847, 852, 1013, 1029, 1115, 1210, 1326, 1342, 1716]",[774],1842,16,1826,1,15,1826,0
2.0,BTU02285,"[21, 192, 248, 434, 461, 516, 637, 771, 914, 996, 1139, 1238, 1445, 1476, 1584, 1620, 1633, 1788, 1854, 1858, 1882, 2118, 2131, 2137, 2308, 2334, 2341, 2347, 2367, 2374, 2438, 2481, 2613, 2655, 2825, 2855, 2873, 2888, 2936, 2980, 3100, 3112, 3275, 3388, 3418, 3422, 3558, 3717, 3792, 3866, 3880, 3906, 3933, 3961, 3977, 4169, 4213, 4222, 4325, 4487, 4531, 4602, 4711, 4780, 4923, 4950, 4986, 5056, 5087, 5240, 5530, 5571, 5654, 5835, 5943, 5982, 6024, 6075, 6100, 6206]","[3792, 4222, 4487, 4780, 5056]","[21, 192, 248, 434, 461, 516, 637, 771, 914, 996, 1139, 1238, 1445, 1476, 1584, 1620, 1633, 1788, 1854, 1858, 1882, 2118, 2131, 2137, 2308, 2334, 2341, 2347, 2367, 2374, 2438, 2481, 2613, 2655, 2825, 2855, 2873, 2888, 2936, 2980, 3100, 3112, 3275, 3388, 3418, 3422, 3558, 3717, 3866, 3880, 3906, 3933, 3961, 3977, 4169, 4213, 4325, 4531, 4602, 4711, 4923, 4950, 4986, 5087, 5240, 5530, 5571, 5654, 5835, 5943, 5982, 6024, 6075, 6100, 6206]","[3792, 4222, 4487, 4780, 5056]",6389,80,6309,5,75,6309,0
2.0,CALEGLOBIM,"[21, 54, 220, 236, 270, 345, 452, 473, 540, 587, 603, 765, 934, 1062, 1167, 1185, 1191, 1197, 1201, 1215, 1265, 1293, 1312, 1316, 1406, 1417, 1518]","[236, 587]","[21, 54, 220, 270, 345, 452, 473, 540, 603, 765, 934, 1062, 1167, 1185, 1191, 1197, 1201, 1215, 1265, 1293, 1312, 1316, 1406, 1417, 1518]","[236, 587]",1691,27,1664,2,25,1664,0
2.0,CBUEGLOBIM,"[21, 54, 220, 236, 270, 345, 452, 473, 540, 587, 603, 765, 874, 934, 1062, 1167, 1185, 1191, 1197, 1201, 1215, 1265, 1293, 1312, 1316, 1406, 1417, 1518, 1637]","[236, 587]","[21, 54, 220, 270, 345, 452, 473, 540, 603, 765, 874, 934, 1062, 1167, 1185, 1191, 1197, 1201, 1215, 1265, 1293, 1312, 1316, 1406, 1417, 1518, 1637]","[236, 587]",1691,29,1662,2,27,1662,0
2.0,CCALAC,"[194, 203, 319, 369, 436, 440, 745, 767, 797, 899, 932, 945, 997, 1014, 1047, 1128, 1138, 1178, 1252, 1298, 1358, 1763, 1798, 1852, 1903, 1965, 1994, 2286, 2367, 2409, 2603, 2646, 2697, 2809, 2916, 2958, 2973, 3275, 3279, 3333, 3397, 3499]","[1358, 1852, 2409]","[194, 203, 319, 369, 436, 440, 745, 767, 797, 899, 932, 945, 997, 1014, 1047, 1128, 1138, 1178, 1252, 1298, 1763, 1798, 1903, 1965, 1994, 2286, 2367, 2603, 2646, 2697, 2809, 2916, 2958, 2973, 3275, 3279, 3333, 3397, 3499]","[1358, 1852, 2409]",3620,42,3578,3,39,3578,0
2.0,CCBEGLOBIM,"[21, 55, 221, 237, 270, 452, 473, 540, 587, 603, 759, 765, 939, 1173, 1191, 1197, 1203, 1207, 1221, 1271, 1318, 1322, 1414, 1419, 1425, 1470, 1526]","[237, 587]","[21, 55, 221, 270, 452, 473, 540, 603, 759, 765, 939, 1173, 1191, 1197, 1203, 1207, 1221, 1271, 1318, 1322, 1414, 1419, 1425, 1470, 1526]","[237, 587]",1696,27,1669,2,25,1669,0
2.0,CCBEGLOBIN,"[21, 56, 222, 238, 272, 454, 475, 542, 589, 605, 761, 767, 940, 1064, 1070, 1176, 1194, 1200, 1206, 1210, 1224, 1274, 1321, 1325, 1417, 1422, 1428, 1473, 1529]","[238, 589]","[21, 56, 222, 272, 454, 475, 542, 605, 761, 767, 940, 1064, 1070, 1176, 1194, 1200, 1206, 1210, 1224, 1274, 1321, 1325, 1417, 1422, 1428, 1473, 1529]","[238, 589]",1699,29,1670,2,27,1670,0
2.0,CCGHG,"[75, 79, 283, 497, 586, 592, 604, 706, 863, 1051, 1281, 1389, 1709, 1778, 1818, 2205, 2305, 2476, 2685, 2803]","[283, 706, 1051, 1778]","[75, 79, 497, 586, 592, 604, 863, 1281, 1389, 1709, 1818, 2205, 2305, 2476, 2685, 2803]","[283, 706, 1051, 1778]",2831,20,2811,4,16,2811,0
2.0,CCGONBS1,"[38, 197, 306, 317, 431, 446, 844, 882, 1550, 1599, 1649, 1767, 1974, 2072, 2195, 2286, 2401, 2643, 2688, 3427]","[1767, 2072]","[38, 197, 306, 317, 431, 446, 844, 882, 1550, 1599, 1649, 1974, 2195, 2286, 2401, 2643, 2688, 3427]","[1767, 2072]",3464,20,3444,2,18,3444,0
2.0,CCGONBS2,"[38, 62, 192, 302, 313, 433, 448, 632, 840, 878, 1568, 1617, 1667, 1785, 1993, 2091, 2213, 2304, 2344, 2419, 2656, 2662, 2707, 3442, 3446]","[1785, 2091]","[38, 62, 192, 302, 313, 433, 448, 632, 840, 878, 1568, 1617, 1667, 1993, 2213, 2304, 2344, 2419, 2656, 2662, 2707, 3442, 3446]","[1785, 2091]",3483,25,3458,2,23,3458,0
2.0,CCGTHA1,"[26, 106, 110, 166, 170, 302, 390, 453, 572, 644, 676, 680, 1071, 1104]","[302, 572]","[26, 106, 110, 166, 170, 390, 453, 644, 676, 680, 1071, 1104]","[302, 572]",1145,14,1131,2,12,1131,0
2.0,CCT64CLU,"[30, 274, 516, 563, 1060, 1176, 1403, 1459, 1467, 1644, 1664, 1668, 1688, 1705, 1721, 1781, 1822, 1873, 2667, 2757, 2761, 2766, 2840, 2888, 2993, 3005, 3021, 3120, 3301, 3339, 3496, 3833, 3893, 4365, 4429, 4436, 4510, 4514, 4518, 4565, 4572, 4577, 4585, 4593, 4600, 4623, 4643, 4693, 4732, 4754, 4836, 4891, 4930, 4983, 5065, 5210, 5272, 5337, 5341, 5391, 5429, 5528, 5534, 5659, 5712, 5874, 5939, 5962, 6019, 6121, 6277]","[1644, 2757, 3005, 3496, 4514, 5272, 5659]","[30, 274, 516, 563, 1060, 1176, 1403, 1459, 1467, 1664, 1668, 1688, 1705, 1721, 1781, 1822, 1873, 2667, 2761, 2766, 2840, 2888, 2993, 3021, 3120, 3301, 3339, 3833, 3893, 4365, 4429, 4436, 4510, 4518, 4565, 4572, 4577, 4585, 4593, 4600, 4623, 4643, 4693, 4732, 4754, 4836, 4891, 4930, 4983, 5065, 5210, 5337, 5341, 5391, 5429, 5528, 5534, 5712, 5874, 5939, 5962, 6019, 6121, 6277]","[1644, 2757, 3005, 3496, 4514, 5272, 5659]",6278,71,6207,7,64,6207,0
2.0,CEPPINS,"[127, 245, 464, 490, 591, 760, 794, 858, 967, 1106, 1218, 1399, 1408, 1424, 1441, 1445, 1487, 1509, 1513, 1517, 1615, 1760, 1878]",[858],"[127, 245, 464, 490, 591, 760, 794, 967, 1106, 1218, 1399, 1408, 1424, 1441, 1445, 1487, 1509, 1513, 1517, 1615, 1760, 1878]",[858],1902,23,1879,1,22,1879,0
2.0,CHBLG,"[21, 166, 270, 484, 648, 698, 832, 928, 932, 1284, 1395, 1425, 1458, 1465, 1472, 1479, 1489, 1556, 1638, 1784, 2052, 2285, 2301, 2308, 2359, 2472, 2564, 2672, 2807, 2834, 2876, 2950, 2964, 3030, 3090, 3149, 3154, 3207, 3390, 3617, 3623, 3640, 3644, 3699, 3788, 3794, 4019, 4069, 4122, 4191, 4235, 4266, 4270, 4298, 4302, 4322, 4357, 4630, 4700, 4861, 4919, 4939, 4985, 5029, 5062, 5181, 5246, 5306, 5312, 5349, 5408, 5416, 5461, 5483, 5573, 5619, 5682, 5756, 5846, 5934, 6025, 6094, 6131, 6136, 6148, 6192, 6255, 6269, 6280, 6323, 6336, 6376, 6449, 6520, 6535, 6539, 6555, 6629, 6907, 7204, 7208, 7222, 7308, 7438, 7577, 7664, 7676, 7741, 7846, 7918]","[2285, 3090, 4019, 5246, 6025]","[21, 166, 270, 484, 648, 698, 832, 928, 932, 1284, 1395, 1425, 1458, 1465, 1472, 1479, 1489, 1556, 1638, 1784, 2052, 2301, 2308, 2359, 2472, 2564, 2672, 2807, 2834, 2876, 2950, 2964, 3030, 3149, 3154, 3207, 3390, 3617, 3623, 3640, 3644, 3699, 3788, 3794, 4069, 4122, 4191, 4235, 4266, 4270, 4298, 4302, 4322, 4357, 4630, 4700, 4861, 4919, 4939, 4985, 5029, 5062, 5181, 5306, 5312, 5349, 5408, 5416, 5461, 5483, 5573, 5619, 5682, 5756, 5846, 5934, 6094, 6131, 6136, 6148, 6192, 6255, 6269, 6280, 6323, 6336, 6376, 6449, 6520, 6535, 6539, 6555, 6629, 6907, 7204, 7208, 7222, 7308, 7438, 7577, 7664, 7676, 7741, 7846, 7918]","[2285, 3090, 4019, 5246, 6025]",8081,110,7971,5,105,7971,0
2.0,CHEBGLI,"[177, 388, 456, 570, 599, 774, 795, 844, 862, 909, 1136, 1213, 1599, 1821, 1868, 2067]","[570, 909]","[177, 388, 456, 599, 774, 795, 844, 862, 1136, 1213, 1599, 1821, 1868, 2067]","[570, 909]",2206,16,2190,2,14,2190,0
2.0,CHEBGLII,"[17, 152, 217, 408, 454, 515, 525, 540, 547, 563, 580, 630, 736, 777, 798, 912, 923, 1020, 1049, 1072, 1145, 1383, 1426, 1493, 1730, 1870, 1900, 2084, 2193, 2213]","[563, 912]","[17, 152, 217, 408, 454, 515, 525, 540, 547, 580, 630, 736, 777, 798, 923, 1020, 1049, 1072, 1145, 1383, 1426, 1493, 1730, 1870, 1900, 2084, 2193, 2213]","[563, 912]",2260,30,2230,2,28,2230,0
2.0,CHKALDB,"[318, 331, 399, 447, 535, 552, 564, 606, 610, 657, 796, 932, 1062, 1196, 1385, 1452, 1488, 1506, 1543, 1801, 1912, 1922, 1927, 2015, 2382, 2460, 2483, 2629, 2874, 2878, 2952, 3077, 3115, 3135, 3199, 3409, 3545, 3560, 3685, 4004, 4016, 4046, 4388, 4462, 4630, 4802, 4853, 5005, 5138, 5731, 5748, 5985, 5994, 6172, 6337, 6392, 6452, 6652, 6664, 6795, 6955, 6960, 6983, 7007, 7078, 7149, 7265, 7360, 7487, 7504, 7518, 7523, 7600, 7705, 8111, 8145, 8166, 8170, 8186, 8617, 8742, 8842, 8925, 9012, 9185, 9214, 9313, 9317, 9390, 9485, 9577, 9626, 9736, 9886, 10415, 10435, 10454, 10577, 10705, 10733, 10797, 10844, 10908, 11014, 11039, 11096, 11222, 11487]","[6172, 6664, 6955, 7265, 8186, 8842, 9185]","[318, 331, 399, 447, 535, 552, 564, 606, 610, 657, 796, 932, 1062, 1196, 1385, 1452, 1488, 1506, 1543, 1801, 1912, 1922, 1927, 2015, 2382, 2460, 2483, 2629, 2874, 2878, 2952, 3077, 3115, 3135, 3199, 3409, 3545, 3560, 3685, 4004, 4016, 4046, 4388, 4462, 4630, 4802, 4853, 5005, 5138, 5731, 5748, 5985, 5994, 6337, 6392, 6452, 6652, 6795, 6960, 6983, 7007, 7078, 7149, 7360, 7487, 7504, 7518, 7523, 7600, 7705, 8111, 8145, 8166, 8170, 8617, 8742, 8925, 9012, 9214, 9313, 9317, 9390, 9485, 9577, 9626, 9736, 9886, 10415, 10435, 10454, 10577, 10705, 10733, 10797, 10844, 10908, 11014, 11039, 11096, 11222, 11487]","[6172, 6664, 6955, 7265, 8186, 8842, 9185]",11644,108,11536,7,101,11536,0
2.0,CHKAPOII,"[64, 136, 282, 323, 454, 787, 917, 929, 933, 989, 1000, 1090, 1246, 1328, 1339, 1397, 1449, 1532, 1576, 1626, 1839, 1864, 1891, 1901, 1978, 2044, 2131, 2320, 2531, 2550, 2620, 2781, 2798, 3243, 3277, 3317, 3381, 3444, 3509, 3541, 3755, 3771, 3820, 3861, 3881, 3906, 3912, 3946, 3952, 3957, 3975, 3980, 4017, 4026, 4047, 4340, 4472, 4488, 4492]","[3317, 3820]","[64, 136, 282, 323, 454, 787, 917, 929, 933, 989, 1000, 1090, 1246, 1328, 1339, 1397, 1449, 1532, 1576, 1626, 1839, 1864, 1891, 1901, 1978, 2044, 2131, 2320, 2531, 2550, 2620, 2781, 2798, 3243, 3277, 3381, 3444, 3509, 3541, 3755, 3771, 3861, 3881, 3906, 3912, 3946, 3952, 3957, 3975, 3980, 4017, 4026, 4047, 4340, 4472, 4488, 4492]","[3317, 3820]",4954,59,4895,2,57,4895,0
2.0,CHKDPCP,"[92, 216, 276, 347, 364, 369, 374, 387, 401, 637, 1104, 1624, 1649, 1654, 1671, 1681, 1826, 1867, 1878, 1890]",[637],"[92, 216, 276, 347, 364, 369, 374, 387, 401, 1104, 1624, 1649, 1654, 1671, 1681, 1826, 1867, 1878, 1890]",[637],1903,20,1883,1,19,1883,0
2.0,CHKMAX,"[27, 121, 281, 312, 470, 517, 632, 727, 785, 789, 974, 978, 1037, 1133, 1217, 1236, 1299, 1816, 1917, 2115, 2127, 2175, 2190, 2200, 2291, 2313, 2372, 2435, 2499, 2639, 2712, 2716, 2721, 2761, 2814, 2832, 2882, 2937, 2958, 2968, 2990, 3030, 3052, 3090, 3143, 3172, 3189, 3219, 3273, 3327, 3400, 3510, 3575, 3651, 3723, 3764, 3768, 3772, 3794, 3928, 4050, 4059, 4063, 4079, 4295, 4390, 4914, 4931, 5037, 5130, 5134, 5173, 5289, 5369, 5407, 5558, 5574, 5613, 5689]","[2127, 2291, 3928, 4295]","[27, 121, 281, 312, 470, 517, 632, 727, 785, 789, 974, 978, 1037, 1133, 1217, 1236, 1299, 1816, 1917, 2115, 2175, 2190, 2200, 2313, 2372, 2435, 2499, 2639, 2712, 2716, 2721, 2761, 2814, 2832, 2882, 2937, 2958, 2968, 2990, 3030, 3052, 3090, 3143, 3172, 3189, 3219, 3273, 3327, 3400, 3510, 3575, 3651, 3723, 3764, 3768, 3772, 3794, 4050, 4059, 4063, 4079, 4390, 4914, 4931, 5037, 5130, 5134, 5173, 5289, 5369, 5407, 5558, 5574, 5613, 5689]","[2127, 2291, 3928, 4295]",5691,79,5612,4,75,5612,0
2.0,CHKMYOD,"[131, 316, 396, 799, 984, 1166, 1254, 1268, 1433, 1738, 1927, 2106, 2244, 2292, 2361, 2365, 2504, 2629, 2682, 2754, 2885, 2913, 3066, 3309, 3379, 3468, 3990, 3996, 4038, 4229, 4261, 4281, 4521, 4596, 4640, 4794, 4849, 4941, 5065, 5145, 5164, 5213, 5257, 5517, 5592, 5630, 5660, 5764, 5875, 6150, 6284, 6321, 6390, 6456, 6527, 6672, 7343]","[4941, 6150]","[131, 316, 396, 799, 984, 1166, 1254, 1268, 1433, 1738, 1927, 2106, 2244, 2292, 2361, 2365, 2504, 2629, 2682, 2754, 2885, 2913, 3066, 3309, 3379, 3468, 3990, 3996, 4038, 4229, 4261, 4281, 4521, 4596, 4640, 4794, 4849, 5065, 5145, 5164, 5213, 5257, 5517, 5592, 5630, 5660, 5764, 5875, 6284, 6321, 6390, 6456, 6527, 6672, 7343]","[4941, 6150]",7382,57,7325,2,55,7325,0
2.0,CHKOVAL,"[26, 120, 322, 368, 434, 779, 952, 1289, 1293, 1390, 1492, 1497, 1536, 1820, 1898, 1923, 1984, 2449, 2657, 2806, 2924, 2931, 3009, 3164, 3466, 3712, 3812, 3837, 3915, 3987, 4176, 4232, 4587, 4694, 4699, 4720, 4890, 4915, 5081, 5098, 5120, 5144, 5153, 5170, 5327, 5621, 5795, 6152, 6246, 6282, 6496, 6857, 6955, 6975, 6979, 7022, 7044, 7079, 7134, 7148, 7152, 7178, 7355, 7691, 7770, 8125, 8130, 8322, 8334, 8410, 8420, 8456, 8592, 8791, 8808, 8846, 8934, 8982, 9028, 9105, 9164, 9201]","[3164, 3466, 4176, 4694, 5795, 6282]","[26, 120, 322, 368, 434, 779, 952, 1289, 1293, 1390, 1492, 1497, 1536, 1820, 1898, 1923, 1984, 2449, 2657, 2806, 2924, 2931, 3009, 3712, 3812, 3837, 3915, 3987, 4232, 4587, 4699, 4720, 4890, 4915, 5081, 5098, 5120, 5144, 5153, 5170, 5327, 5621, 6152, 6246, 6496, 6857, 6955, 6975, 6979, 7022, 7044, 7079, 7134, 7148, 7152, 7178, 7355, 7691, 7770, 8125, 8130, 8322, 8334, 8410, 8420, 8456, 8592, 8791, 8808, 8846, 8934, 8982, 9028, 9105, 9164, 9201]","[3164, 3466, 4176, 4694, 5795, 6282]",9199,82,9117,6,76,9117,0
2.0,CHKRPL30,"[114, 527, 545, 571, 594, 612, 671, 749, 801, 878, 916, 1075, 1219, 1382, 1397, 1466, 1471, 1475, 1504, 1541, 1580, 1684, 1765, 1778, 1872, 1918, 1957, 2038, 2113, 2130, 2158, 2218, 2250, 2272, 2530, 2753, 2816, 2837, 2850, 2990, 3052, 3111, 3403, 3478, 3799, 3838, 3845, 3854]","[801, 1872, 2753]","[114, 527, 545, 571, 594, 612, 671, 749, 878, 916, 1075, 1219, 1382, 1397, 1466, 1471, 1475, 1504, 1541, 1580, 1684, 1765, 1778, 1918, 1957, 2038, 2113, 2130, 2158, 2218, 2250, 2272, 2530, 2816, 2837, 2850, 2990, 3052, 3111, 3403, 3478, 3799, 3838, 3845, 3854]","[801, 1872, 2753]",3885,48,3837,3,45,3837,0
2.0,CHKRPL37A,"[16, 57, 183, 201, 366, 476, 547, 691, 798, 962, 996, 1035, 1067, 1123, 1199, 1265, 1274, 1278, 1319, 1376, 1540, 1558, 1600, 1618, 1678, 1946, 1950, 1987, 2079, 2099, 2125, 2255, 2328, 2340, 2370, 2386, 2739, 2838, 3052, 3065, 3179, 3376]","[798, 1376, 2386]","[16, 57, 183, 201, 366, 476, 547, 691, 962, 996, 1035, 1067, 1123, 1199, 1265, 1274, 1278, 1319, 1540, 1558, 1600, 1618, 1678, 1946, 1950, 1987, 2079, 2099, 2125, 2255, 2328, 2340, 2370, 2739, 2838, 3052, 3065, 3179, 3376]","[798, 1376, 2386]",3466,42,3424,3,39,3424,0
2.0,CHKRPL5G,"[30, 99, 153, 300, 355, 498, 502, 512, 785, 948, 971, 995, 1022, 1036, 1227, 1273, 1312, 1319, 1351, 1419, 1540, 1551, 1599, 1632, 1637, 2017, 2138, 2148, 2397, 2428, 2473, 2618, 2747, 2952, 2974, 3092, 3100, 3126, 3137, 3157, 3161, 3237, 3264, 3345, 3433, 3442, 3467, 3508, 3637, 3674, 3715, 3921, 3936, 3955, 4002, 4062, 4166, 4259, 4309, 4327, 4405, 4535, 4620, 4638, 4658, 4703, 4735, 4746, 5165, 5191, 5334, 5562, 5652, 5656, 5958, 6060, 6064, 6248, 6265, 6356, 6420, 6478, 6639, 6690, 6897, 7049, 7112, 7152, 7339, 7369, 7385, 7675, 7787, 7864, 7986, 8058, 8062, 8075, 8189]","[498, 1419, 1632, 3157, 3955, 5165, 6897]","[30, 99, 153, 300, 355, 502, 512, 785, 948, 971, 995, 1022, 1036, 1227, 1273, 1312, 1319, 1351, 1540, 1551, 1599, 1637, 2017, 2138, 2148, 2397, 2428, 2473, 2618, 2747, 2952, 2974, 3092, 3100, 3126, 3137, 3161, 3237, 3264, 3345, 3433, 3442, 3467, 3508, 3637, 3674, 3715, 3921, 3936, 4002, 4062, 4166, 4259, 4309, 4327, 4405, 4535, 4620, 4638, 4658, 4703, 4735, 4746, 5191, 5334, 5562, 5652, 5656, 5958, 6060, 6064, 6248, 6265, 6356, 6420, 6478, 6639, 6690, 7049, 7112, 7152, 7339, 7369, 7385, 7675, 7787, 7864, 7986, 8058, 8062, 8075, 8189]","[498, 1419, 1632, 3157, 3955, 5165, 6897]",8314,99,8215,7,92,8215,0
2.0,CHKTUB4B,"[65, 75, 188, 243, 248, 264, 323, 340, 437, 699, 706, 762, 779, 849, 891, 949, 1082, 1150, 1171, 1188, 1199, 1205, 1207, 1280, 1294, 1469, 1521, 1573, 1577, 1637, 1710, 1778, 1790, 1803, 1851, 1895, 1940, 1955, 2053, 2204, 2272, 2408, 2483, 2623, 2740, 2779, 2998, 3110, 3136]","[437, 949, 1573]","[65, 75, 188, 243, 248, 264, 323, 340, 699, 706, 762, 779, 849, 891, 1082, 1150, 1171, 1188, 1199, 1205, 1207, 1280, 1294, 1469, 1521, 1577, 1637, 1710, 1778, 1790, 1803, 1851, 1895, 1940, 1955, 2053, 2204, 2272, 2408, 2483, 2623, 2740, 2779, 2998, 3110, 3136]","[437, 949, 1573]",3146,49,3097,3,46,3097,0
2.0,CHKY,"[214, 265, 319, 514, 641, 691, 695, 794, 798, 805, 835, 863, 887, 1112, 1495, 1560, 1616, 1650, 1664, 1752, 1892, 2091, 2096, 2197, 2622, 2674, 2692, 2725, 2730, 2799, 2858, 2869, 2891, 2926, 3038, 3082, 3109, 3200, 3255, 3577, 3603, 3953, 3963, 4022, 4199, 4345, 4431, 4435, 4439, 4683, 4709, 4750, 4835, 5049, 5056, 5082, 5186, 5213, 5282, 5355, 5420, 5648, 5723, 5911, 6012, 6121, 6213, 6249, 6383, 6393, 6407, 6473, 6517, 6815, 6953, 7072, 7831, 7846, 7884, 8091, 8330, 8349, 8361]","[3603, 4199, 4683, 5648, 6012, 6249]","[214, 265, 319, 514, 641, 691, 695, 794, 798, 805, 835, 863, 887, 1112, 1495, 1560, 1616, 1650, 1664, 1752, 1892, 2091, 2096, 2197, 2622, 2674, 2692, 2725, 2730, 2799, 2858, 2869, 2891, 2926, 3038, 3082, 3109, 3200, 3255, 3577, 3953, 3963, 4022, 4345, 4431, 4435, 4439, 4709, 4750, 4835, 5049, 5056, 5082, 5186, 5213, 5282, 5355, 5420, 5723, 5911, 6121, 6213, 6383, 6393, 6407, 6473, 6517, 6815, 6953, 7072, 7831, 7846, 7884, 8091, 8330, 8349, 8361]","[3603, 4199, 4683, 5648, 6012, 6249]",8365,83,8282,6,77,8282,0
2.0,CHPPHYGEN,"[22, 118, 120, 150, 191, 300, 370, 421, 543, 555, 605, 637, 821, 919, 964, 988, 1189, 1193, 1217, 1263, 1328, 1341, 1429, 1599, 1664, 1736, 1802, 1818, 1830, 1902, 2019, 2214, 2284, 2350, 2485, 2499, 2548, 3020, 3054, 3516, 3672, 3764, 3786, 3809, 4044, 4096, 4125, 4387, 4561, 4599, 4609, 4831, 4945, 5041, 5043, 5073, 5114, 5181, 5286, 5337, 5459, 5471, 5521, 5547, 5557, 5741, 5839, 5884, 5908, 6111, 6115, 6150, 6213, 6244, 6345, 6444, 6592, 6609, 6623, 6693, 6773, 6791, 7000, 7011, 7072, 7138, 7206, 7379, 7600, 7738, 7809, 7815, 7830, 7843, 8202, 8399, 8403, 8430, 8472, 8609, 8742, 8746, 8823, 8841, 8845, 8862, 9220, 9244, 9263, 9295, 9306, 9395, 9446, 9639, 9832, 9894, 9910, 9942, 9995, 10066, 10103, 10162, 10416, 10450, 10802, 10818, 10833, 10849, 10853, 10873, 11000, 11079, 11193, 11250, 11348, 11498, 11552, 11636, 11645, 11681, 11685, 11689, 11693, 11697, 11811, 11828, 11903, 11936, 11990, 12237, 12560, 12575, 12603, 12674, 12719, 12943, 12968, 13103, 13318, 13458, 13493, 13548]","[4599, 4945]","[22, 118, 120, 150, 191, 300, 370, 421, 543, 555, 605, 637, 821, 919, 964, 988, 1189, 1193, 1217, 1263, 1328, 1341, 1429, 1599, 1664, 1736, 1802, 1818, 1830, 1902, 2019, 2214, 2284, 2350, 2485, 2499, 2548, 3020, 3054, 3516, 3672, 3764, 3786, 3809, 4044, 4096, 4125, 4387, 4561, 4609, 4831, 5041, 5043, 5073, 5114, 5181, 5286, 5337, 5459, 5471, 5521, 5547, 5557, 5741, 5839, 5884, 5908, 6111, 6115, 6150, 6213, 6244, 6345, 6444, 6592, 6609, 6623, 6693, 6773, 6791, 7000, 7011, 7072, 7138, 7206, 7379, 7600, 7738, 7809, 7815, 7830, 7843, 8202, 8399, 8403, 8430, 8472, 8609, 8742, 8746, 8823, 8841, 8845, 8862, 9220, 9244, 9263, 9295, 9306, 9395, 9446, 9639, 9832, 9894, 9910, 9942, 9995, 10066, 10103, 10162, 10416, 10450, 10802, 10818, 10833, 10849, 10853, 10873, 11000, 11079, 11193, 11250, 11348, 11498, 11552, 11636, 11645, 11681, 11685, 11689, 11693, 11697, 11811, 11828, 11903, 11936, 11990, 12237, 12560, 12575, 12603, 12674, 12719, 12943, 12968, 13103, 13318, 13458, 13493, 13548]","[4599, 4945]",13690,162,13528,2,160,13528,0
2.0,CHPPROTP1A,"[6, 9, 58, 159, 163, 179, 251]",[159],"[6, 9, 58, 163, 179, 251]",[159],398,7,391,1,6,391,0
2.0,CHPPROTP1B,"[4, 7, 56, 160, 164, 180, 252]",[160],"[4, 7, 56, 164, 180, 252]",[160],397,7,390,1,6,390,0
2.0,CHWEGLOBIM,"[21, 55, 221, 237, 271, 453, 474, 541, 588, 604, 761, 767, 941, 1063, 1069, 1175, 1193, 1199, 1209, 1222, 1271, 1319, 1323, 1417, 1422, 1428, 1473, 1529]","[237, 588]","[21, 55, 221, 271, 453, 474, 541, 604, 761, 767, 941, 1063, 1069, 1175, 1193, 1199, 1209, 1222, 1271, 1319, 1323, 1417, 1422, 1428, 1473, 1529]","[237, 588]",1702,28,1674,2,26,1674,0
2.0,CIGH,"[185, 452, 457, 1249, 1281, 1520, 1571, 1577, 1589, 1691, 2011, 2029, 2062, 2130, 2280, 2536, 2593, 2705, 2865, 2889, 2960, 3178, 3379, 3630, 3702, 3750, 3797]","[1281, 1691, 2280, 2889]","[185, 452, 457, 1249, 1520, 1571, 1577, 1589, 2011, 2029, 2062, 2130, 2536, 2593, 2705, 2865, 2960, 3178, 3379, 3630, 3702, 3750, 3797]","[1281, 1691, 2280, 2889]",3968,27,3941,4,23,3941,0
2.0,CITEGLOBIM,"[21, 54, 220, 236, 270, 345, 452, 473, 540, 587, 603, 765, 890, 894, 934, 1056, 1062, 1168, 1186, 1192, 1198, 1202, 1216, 1266, 1294, 1313, 1317, 1407, 1412, 1418, 1463, 1519]","[236, 587]","[21, 54, 220, 270, 345, 452, 473, 540, 603, 765, 890, 894, 934, 1056, 1062, 1168, 1186, 1192, 1198, 1202, 1216, 1266, 1294, 1313, 1317, 1407, 1412, 1418, 1463, 1519]","[236, 587]",1692,32,1660,2,30,1660,0
2.0,CJAEGLOBIN,"[21, 55, 221, 237, 271, 453, 474, 541, 588, 604, 761, 767, 941, 1063, 1069, 1175, 1193, 1199, 1209, 1222, 1272, 1319, 1323, 1418, 1423, 1429, 1474, 1530]","[237, 588]","[21, 55, 221, 271, 453, 474, 541, 604, 761, 767, 941, 1063, 1069, 1175, 1193, 1199, 1209, 1222, 1272, 1319, 1323, 1418, 1423, 1429, 1474, 1530]","[237, 588]",1703,28,1675,2,26,1675,0
2.0,CJINTERFG,"[191, 512, 528, 862, 1143, 1571, 1588, 1601, 1860, 1864, 2243, 2343, 2389, 2428, 2441, 2585, 2610, 2635, 2881, 2885, 3126, 3158, 3246, 3268, 3275, 3303, 3346, 3602, 3607, 3863, 4072, 4125, 4187, 4286, 4373, 4465, 4653, 4702, 4719, 4730, 4734, 4750, 4887, 5078, 5187, 5524, 5657, 5731, 5822, 5939, 5944, 5976, 5999, 6030, 6036, 6127, 6212, 6251, 6289, 6397, 6418, 6457, 6469, 6673, 6741, 6760, 6901, 6949, 7163, 7324, 7399, 7468, 7647, 7993, 8063, 8152, 8209, 8324, 8352, 8418, 8423, 8486, 8503]","[2881, 4187, 4465]","[191, 512, 528, 862, 1143, 1571, 1588, 1601, 1860, 1864, 2243, 2343, 2389, 2428, 2441, 2585, 2610, 2635, 2885, 3126, 3158, 3246, 3268, 3275, 3303, 3346, 3602, 3607, 3863, 4072, 4125, 4286, 4373, 4653, 4702, 4719, 4730, 4734, 4750, 4887, 5078, 5187, 5524, 5657, 5731, 5822, 5939, 5944, 5976, 5999, 6030, 6036, 6127, 6212, 6251, 6289, 6397, 6418, 6457, 6469, 6673, 6741, 6760, 6901, 6949, 7163, 7324, 7399, 7468, 7647, 7993, 8063, 8152, 8209, 8324, 8352, 8418, 8423, 8486, 8503]","[2881, 4187, 4465]",8520,83,8437,3,80,8437,0
2.0,CL54K,"[119, 132, 141, 183, 357, 408, 512, 535, 543, 649, 653, 706, 771, 777, 959, 1177, 1186, 1190, 1238, 1248, 1288, 1294, 1538, 1926, 1991, 2234, 2403, 2537, 2555, 2581, 2696, 2715, 2726, 2753, 2778, 2797, 2871, 2954, 3218, 3222, 3376]",[512],"[119, 132, 141, 183, 357, 408, 535, 543, 649, 653, 706, 771, 777, 959, 1177, 1186, 1190, 1238, 1248, 1288, 1294, 1538, 1926, 1991, 2234, 2403, 2537, 2555, 2581, 2696, 2715, 2726, 2753, 2778, 2797, 2871, 2954, 3218, 3222, 3376]",[512],3409,41,3368,1,40,3368,0
2.0,CMBGA2B2,"[150, 190, 217, 255, 383, 387, 463, 628, 718, 762, 810, 956, 989, 997, 1006, 1027, 1060, 1235, 1303, 1597, 1668, 1749, 1861, 1974, 1991, 2380, 2390, 2475, 2479, 2521, 2566, 2596, 2618]","[383, 718]","[150, 190, 217, 255, 387, 463, 628, 762, 810, 956, 989, 997, 1006, 1027, 1060, 1235, 1303, 1597, 1668, 1749, 1861, 1974, 1991, 2380, 2390, 2475, 2479, 2521, 2566, 2596, 2618]","[383, 718]",2685,33,2652,2,31,2652,0
2.0,CMEGA2E2,"[416, 420, 486, 492, 663, 718, 753, 805, 873, 918, 922, 1061, 1075, 1196, 1258, 1294, 1506, 1584, 1747, 1779, 1838, 1931, 1991]","[416, 753]","[420, 486, 492, 663, 718, 805, 873, 918, 922, 1061, 1075, 1196, 1258, 1294, 1506, 1584, 1747, 1779, 1838, 1931, 1991]","[416, 753]",2047,23,2024,2,21,2024,0
2.0,CMU11711,"[15, 204, 214, 234, 337, 589, 790, 826, 906, 1018, 1058, 1250, 1280, 1496, 1647, 1685, 1794, 1896, 1984, 2031, 2205, 2384, 2420, 2601, 2627, 2669, 2741, 2890, 2896, 2941, 2997, 3035]","[1685, 2031]","[15, 204, 214, 234, 337, 589, 790, 826, 906, 1018, 1058, 1250, 1280, 1496, 1647, 1794, 1896, 1984, 2205, 2384, 2420, 2601, 2627, 2669, 2741, 2890, 2896, 2941, 2997, 3035]","[1685, 2031]",3165,32,3133,2,30,3133,0
2.0,CPPROT1GN,"[102, 144, 164, 199, 240, 255, 267]",[164],"[102, 144, 199, 240, 255, 267]",[164],391,7,384,1,6,384,0
2.0,CRASEQB,"[79, 456, 559, 655, 669, 783, 881, 933, 1044, 1194, 1260, 1471, 1584, 1701, 1804, 1920, 2035, 2123, 2228, 2328, 2366, 2734, 2825, 2853, 3018, 3434, 3449, 3452, 3464, 3482, 3593, 3617, 3635, 3641, 3647, 3785, 3812, 3833, 3946, 4298, 4351, 4793, 4825, 4931, 4959]","[1920, 2825]","[79, 456, 559, 655, 669, 783, 881, 933, 1044, 1194, 1260, 1471, 1584, 1701, 1804, 2035, 2123, 2228, 2328, 2366, 2734, 2853, 3018, 3434, 3449, 3452, 3464, 3482, 3593, 3617, 3635, 3641, 3647, 3785, 3812, 3833, 3946, 4298, 4351, 4793, 4825, 4931, 4959]","[1920, 2825]",5121,45,5076,2,43,5076,0
2.0,CRUCH7AHYD,"[37, 781, 803, 971, 1088, 1205, 1339, 1731, 1887, 1995, 2110, 2387, 2690, 2827, 2919, 2936, 2941, 2945, 3016, 3151, 3186, 3206, 3281, 3418, 3651, 3769, 3792, 3841, 4121, 4201, 4264, 4542, 4774, 4938, 5095, 5283, 5559, 5619, 5795, 5979, 6076, 6235, 6479, 6613, 6739, 6768, 6819, 6840, 6963, 7135, 7866, 7901, 7955, 8016, 8123, 8154, 8235, 8376, 8863, 8924, 9330, 9375, 9626, 9849, 10020, 10060, 10243, 10279, 10316, 10327, 10564]","[1731, 3651, 4938, 6076, 7866]","[37, 781, 803, 971, 1088, 1205, 1339, 1887, 1995, 2110, 2387, 2690, 2827, 2919, 2936, 2941, 2945, 3016, 3151, 3186, 3206, 3281, 3418, 3769, 3792, 3841, 4121, 4201, 4264, 4542, 4774, 5095, 5283, 5559, 5619, 5795, 5979, 6235, 6479, 6613, 6739, 6768, 6819, 6840, 6963, 7135, 7901, 7955, 8016, 8123, 8154, 8235, 8376, 8863, 8924, 9330, 9375, 9626, 9849, 10020, 10060, 10243, 10279, 10316, 10327, 10564]","[1731, 3651, 4938, 6076, 7866]",10607,71,10536,5,66,10536,0
2.0,CRUGAD45A,"[189, 202, 208, 215, 233, 424, 654, 691, 760, 782, 804, 859, 902, 929, 1033, 1375, 1744, 1811, 1877, 1971, 2036, 2063, 2195, 2306, 2411, 2417, 2500, 2521, 2553, 2720, 2759, 2946, 3016, 3052, 3148, 3398, 3428, 3555, 3605, 4003, 4035, 4108, 4368]","[1877, 2063, 2417]","[189, 202, 208, 215, 233, 424, 654, 691, 760, 782, 804, 859, 902, 929, 1033, 1375, 1744, 1811, 1971, 2036, 2195, 2306, 2411, 2500, 2521, 2553, 2720, 2759, 2946, 3016, 3052, 3148, 3398, 3428, 3555, 3605, 4003, 4035, 4108, 4368]","[1877, 2063, 2417]",4428,43,4385,3,40,4385,0
2.0,DMPROTP1,"[33, 156, 249, 377, 406, 546]",[249],"[33, 156, 377, 406, 546]",[249],617,6,611,1,5,611,0
2.0,DMU11712,"[16, 182, 218, 238, 340, 592, 636, 792, 1405, 1409, 1505, 1667, 1705, 1908, 1929, 1996, 2043, 2223, 2357, 2402, 2505, 2619, 2655, 2685, 2703, 2757, 2774, 2781, 2903, 2909, 3010]","[1705, 2043]","[16, 182, 218, 238, 340, 592, 636, 792, 1405, 1409, 1505, 1667, 1908, 1929, 1996, 2223, 2357, 2402, 2505, 2619, 2655, 2685, 2703, 2757, 2774, 2781, 2903, 2909, 3010]","[1705, 2043]",3020,31,2989,2,29,2989,0
2.0,DOGCOLIP,"[212, 224, 249, 416, 600, 789, 817, 899, 904, 1108, 1148, 1261, 1343, 1411, 1602, 1747, 2114, 2126, 2199, 2205, 2378, 2382, 2394, 2399, 2431, 2443, 2503, 2508, 2512, 2550, 2582, 2694, 2821, 2839, 2845, 2918, 3059, 3108, 3119]","[1108, 2378]","[212, 224, 249, 416, 600, 789, 817, 899, 904, 1148, 1261, 1343, 1411, 1602, 1747, 2114, 2126, 2199, 2205, 2382, 2394, 2399, 2431, 2443, 2503, 2508, 2512, 2550, 2582, 2694, 2821, 2839, 2845, 2918, 3059, 3108, 3119]","[1108, 2378]",3157,39,3118,2,37,3118,0
2.0,DOGIL8T,"[112, 118, 223, 434, 453, 475, 528, 577, 579, 671, 686, 968, 1007, 1149, 1206, 1287, 1406, 1457, 1482, 1549, 1710, 1737, 1769, 1918, 1956, 1969]","[118, 1406, 1769]","[112, 223, 434, 453, 475, 528, 577, 579, 671, 686, 968, 1007, 1149, 1206, 1287, 1457, 1482, 1549, 1710, 1737, 1918, 1956, 1969]","[118, 1406, 1769]",2230,26,2204,3,23,2204,0
2.0,ECGLOAP1,"[105, 298, 363, 543, 657, 725, 770, 845, 889, 893, 939, 962, 968, 995]","[363, 657]","[105, 298, 543, 725, 770, 845, 889, 893, 939, 962, 968, 995]","[363, 657]",1134,14,1120,2,12,1120,0
2.0,ECPZA2GL,"[19, 51, 59, 184, 193, 253, 383, 522, 570, 767, 810, 818, 954, 1055, 1067, 1263, 1267, 1537, 1560, 1585, 1600, 1611, 1615, 1623, 1632, 1648, 1671, 1675, 1728, 2012, 2104, 2153, 2166, 2176, 2219, 2307, 2516, 2613, 2672, 3123, 3208, 3234, 3269, 3484, 3527, 3532, 3552, 3576, 3650, 3924, 3945, 3969, 4059, 4140, 4304, 4478, 4487, 4610, 4647, 4657, 4877, 5046, 5060, 5077]","[3576, 4059]","[19, 51, 59, 184, 193, 253, 383, 522, 570, 767, 810, 818, 954, 1055, 1067, 1263, 1267, 1537, 1560, 1585, 1600, 1611, 1615, 1623, 1632, 1648, 1671, 1675, 1728, 2012, 2104, 2153, 2166, 2176, 2219, 2307, 2516, 2613, 2672, 3123, 3208, 3234, 3269, 3484, 3527, 3532, 3552, 3650, 3924, 3945, 3969, 4140, 4304, 4478, 4487, 4610, 4647, 4657, 4877, 5046, 5060, 5077]","[3576, 4059]",5082,64,5018,2,62,5018,0
2.0,ECZGL1,"[66, 176, 190, 213, 274, 345, 677, 700, 725, 740, 751, 755, 763, 772, 788, 826, 835, 845, 874, 878, 884, 1033, 1420, 1432, 1534, 1566, 1571, 1580, 1588, 1801, 1813, 1965, 1983]","[700, 1534]","[66, 176, 190, 213, 274, 345, 677, 725, 740, 751, 755, 763, 772, 788, 826, 835, 845, 874, 878, 884, 1033, 1420, 1432, 1566, 1571, 1580, 1588, 1801, 1813, 1965, 1983]","[700, 1534]",1995,33,1962,2,31,1962,0
2.0,ECZGL2,"[232, 255, 280, 295, 306, 310, 318, 327, 343, 381, 390, 400, 429, 433, 439, 588, 970, 982, 1084, 1116, 1121, 1130, 1138, 1351, 1363, 1515, 1533]","[255, 1084]","[232, 280, 295, 306, 310, 318, 327, 343, 381, 390, 400, 429, 433, 439, 588, 970, 982, 1116, 1121, 1130, 1138, 1351, 1363, 1515, 1533]","[255, 1084]",1556,27,1529,2,25,1529,0
2.0,ELMETL,"[25, 29, 147, 651, 1097, 1120, 1132, 1282, 1291, 1337, 1362, 1366, 1514, 1518, 1615, 1686, 1733, 1745, 1861]","[1097, 1291]","[25, 29, 147, 651, 1120, 1132, 1282, 1337, 1362, 1366, 1514, 1518, 1615, 1686, 1733, 1745, 1861]","[1097, 1291]",1866,19,1847,2,17,1847,0
2.0,FDFELDI2,"[131, 248, 276, 349, 459, 571, 641, 678, 703, 826, 970, 1070, 1235, 1261, 1282, 1306, 1362, 1588, 1643, 1658, 1710, 1882, 2011, 2015, 2019, 2089, 2093, 2149, 2246]","[276, 970]","[131, 248, 349, 459, 571, 641, 678, 703, 826, 1070, 1235, 1261, 1282, 1306, 1362, 1588, 1643, 1658, 1710, 1882, 2011, 2015, 2019, 2089, 2093, 2149, 2246]","[276, 970]",2418,29,2389,2,27,2389,0
2.0,FDTNFA,"[87, 187, 260, 273, 291, 469, 474, 476, 517, 547, 661, 695, 702, 790, 864, 885, 968, 972, 1011, 1111, 1169, 1203, 1396, 1590, 1634]","[187, 790, 972]","[87, 260, 273, 291, 469, 474, 476, 517, 547, 661, 695, 702, 864, 885, 968, 1011, 1111, 1169, 1203, 1396, 1590, 1634]","[187, 790, 972]",1715,25,1690,3,22,1690,0
2.0,GDMYF5G,"[11, 138, 344, 461, 524, 561, 633, 639, 655, 716, 860, 864, 978, 1036, 1104, 1121]","[639, 1036]","[11, 138, 344, 461, 524, 561, 633, 655, 716, 860, 864, 978, 1104, 1121]","[639, 1036]",1602,16,1586,2,14,1586,0
2.0,GGAC01,"[22, 116, 150, 273, 443, 634, 774, 778, 782, 790, 794, 808, 833, 904, 914, 947, 954, 958, 962, 970, 981, 995, 1057, 1069, 1119, 1125, 1240, 1343, 1384, 1586, 1645, 1666, 1683, 1716, 1812, 1873, 1889, 1893, 1903, 1987, 1995, 1999, 2022, 2026, 2050, 2066, 2083, 2226, 2261, 2585, 2587, 2602, 2687, 2691, 2698, 2782, 2812, 2835, 2853, 3011, 3120, 3154, 3189, 3276, 3330, 3338, 3431, 3495, 3510, 3561, 3571, 3597, 3607, 3677, 3723, 3831, 3857, 3867, 3881, 3886, 3890, 3957, 3982, 4055, 4130, 4309, 4315, 4468, 4499, 4609, 4684, 4695, 4699, 4848, 4852, 4880, 4890, 4898, 4910, 4928, 4966, 4996]","[1666, 2226, 3189, 3677]","[22, 116, 150, 273, 443, 634, 774, 778, 782, 790, 794, 808, 833, 904, 914, 947, 954, 958, 962, 970, 981, 995, 1057, 1069, 1119, 1125, 1240, 1343, 1384, 1586, 1645, 1683, 1716, 1812, 1873, 1889, 1893, 1903, 1987, 1995, 1999, 2022, 2026, 2050, 2066, 2083, 2261, 2585, 2587, 2602, 2687, 2691, 2698, 2782, 2812, 2835, 2853, 3011, 3120, 3154, 3276, 3330, 3338, 3431, 3495, 3510, 3561, 3571, 3597, 3607, 3723, 3831, 3857, 3867, 3881, 3886, 3890, 3957, 3982, 4055, 4130, 4309, 4315, 4468, 4499, 4609, 4684, 4695, 4699, 4848, 4852, 4880, 4890, 4898, 4910, 4928, 4966, 4996]","[1666, 2226, 3189, 3677]",5039,102,4937,4,98,4937,0
2.0,GGACTAC,"[229, 311, 339, 346, 351, 533, 549, 614, 779, 791, 795, 821, 871, 970, 1266, 1472, 1554, 1737, 1756, 1811, 1815, 1838, 1842, 1866, 2063, 2074, 2104, 2118, 2127, 2277, 2520, 2552, 2690, 2703, 2752, 2770, 2914, 3032, 3167, 3218, 3247, 3254, 3281, 3587, 3657, 3726, 3948, 4140, 4216, 4282, 4292, 4318, 4328, 4336, 4398, 4680, 4693, 4697, 4726, 4855, 4942, 5182, 5278]","[970, 2127, 2914, 3218, 4398]","[229, 311, 339, 346, 351, 533, 549, 614, 779, 791, 795, 821, 871, 1266, 1472, 1554, 1737, 1756, 1811, 1815, 1838, 1842, 1866, 2063, 2074, 2104, 2118, 2277, 2520, 2552, 2690, 2703, 2752, 2770, 3032, 3167, 3247, 3254, 3281, 3587, 3657, 3726, 3948, 4140, 4216, 4282, 4292, 4318, 4328, 4336, 4680, 4693, 4697, 4726, 4855, 4942, 5182, 5278]","[970, 2127, 2914, 3218, 4398]",5456,63,5393,5,58,5393,0
2.0,GGACTI,"[52, 153, 157, 219, 404, 431, 448, 525, 529, 535, 552, 580, 596, 788, 818, 832, 841, 845, 929, 975, 999, 1030, 1217, 1368, 1554, 1659, 1735, 1761, 1771, 1779, 1841, 1923, 2088, 2120, 2182, 2279, 2283]","[404, 841, 1554, 1841]","[52, 153, 157, 219, 431, 448, 525, 529, 535, 552, 580, 596, 788, 818, 832, 845, 929, 975, 999, 1030, 1217, 1368, 1659, 1735, 1761, 1771, 1779, 1923, 2088, 2120, 2182, 2279, 2283]","[404, 841, 1137, 1554, 1841]",2419,37,2382,4,33,2381,1
2.0,GGCALB,"[90, 103, 288, 386, 398, 416, 421, 520, 589, 596, 733, 790, 811, 817, 866, 889, 944, 1016, 1105, 1150, 1215, 1246, 1272, 1292, 1358, 1442, 1514, 1542, 1701, 1724, 1835, 1863, 1948, 2289, 2323, 2549, 2764, 2791, 2870, 2890, 2993, 3062, 3066, 3378, 3467, 3509, 3617, 3629, 3659, 3693, 3720, 3793, 3967, 4235, 4405, 4414, 4491, 4534, 4749, 4894, 5205, 5262, 5274, 5404, 5524, 5656, 5818, 5825, 5867, 5933, 6033, 6045, 6149, 6181, 6190, 6321, 6526, 6673, 6694, 6724, 6756, 6784, 6861, 6933, 7035, 7082, 7145, 7188, 7244, 7631, 7824, 7865, 7938, 7997, 8105, 8141, 8249, 8324, 8400, 8537, 8546, 8667, 8718, 8722, 8728, 8739, 8776, 8829, 8987, 9004, 9052, 9082, 9228, 9384, 9394, 9441, 9634, 9685, 9689, 9778, 9880, 9916, 10030, 10195, 10219, 10454, 10487, 10530, 10551, 10580, 10647]","[386, 1863, 2289, 3467, 3793, 4235, 4894, 5205, 5933, 6784, 7035, 7824, 8718, 9052, 9685, 10195]","[90, 103, 288, 398, 416, 421, 520, 589, 596, 733, 790, 811, 817, 866, 889, 944, 1016, 1105, 1150, 1215, 1246, 1272, 1292, 1358, 1442, 1514, 1542, 1701, 1724, 1835, 1948, 2323, 2549, 2764, 2791, 2870, 2890, 2993, 3062, 3066, 3378, 3509, 3617, 3629, 3659, 3693, 3720, 3967, 4405, 4414, 4491, 4534, 4749, 5262, 5274, 5404, 5524, 5656, 5818, 5825, 5867, 6033, 6045, 6149, 6181, 6190, 6321, 6526, 6673, 6694, 6724, 6756, 6861, 6933, 7082, 7145, 7188, 7244, 7631, 7865, 7938, 7997, 8105, 8141, 8249, 8324, 8400, 8537, 8546, 8667, 8722, 8728, 8739, 8776, 8829, 8987, 9004, 9082, 9228, 9384, 9394, 9441, 9634, 9689, 9778, 9880, 9916, 10030, 10219, 10454, 10487, 10530, 10551, 10580, 10647]","[386, 1863, 2289, 3467, 3793, 4235, 4894, 5205, 5933, 6784, 7035, 7824, 8718, 9052, 9685, 10195]",11061,131,10930,16,115,10930,0
2.0,GGCRYD1,"[95, 171, 203, 217, 267, 279, 378, 388, 441, 570, 910, 1184, 1283, 1734, 1973, 2077, 2081, 2085, 2090, 2154, 2251, 2539, 2622, 2701, 2742, 2872, 3150, 3516, 3944, 4036, 4297, 4332, 4528, 4766, 4779, 4889, 4903, 4907, 5234, 5238, 5498, 5690, 5899, 6003, 6138, 6231, 6395, 6722, 6726, 6734, 6738, 6791, 6829, 6835, 6841, 6934, 7213, 7251, 7373, 7424, 7435, 7529, 7772, 7779, 8021]","[441, 1734, 2742, 3150, 3516, 3944, 4332, 4528, 4907, 5234, 5899, 6138, 6395, 6734, 7213]","[95, 171, 203, 217, 267, 279, 378, 388, 570, 910, 1184, 1283, 1973, 2077, 2081, 2085, 2090, 2154, 2251, 2539, 2622, 2701, 2872, 4036, 4297, 4766, 4779, 4889, 4903, 5238, 5498, 5690, 6003, 6231, 6722, 6726, 6738, 6791, 6829, 6835, 6841, 6934, 7251, 7373, 7424, 7435, 7529, 7772, 7779, 8021]","[441, 1734, 2742, 3150, 3516, 3944, 4332, 4528, 4907, 5234, 5899, 6138, 6395, 6734, 7213]",8153,65,8088,15,50,8088,0
2.0,GGGL03,"[44, 188, 251, 258, 329, 340, 408, 432, 436, 654, 768, 973, 996, 1160, 1164, 1187, 1204]","[432, 768]","[44, 188, 251, 258, 329, 340, 408, 436, 654, 973, 996, 1160, 1164, 1187, 1204]","[432, 768]",1201,17,1184,2,15,1184,0
2.0,GGGNRHIA,"[338, 363, 433, 607, 1456, 1661, 1684, 1699, 1950, 1954, 2154, 2315, 2577, 2592, 2748, 2756, 2787, 2822, 2904, 2919, 2941, 2946, 2951, 3048, 3371, 3380, 3422, 3510, 3627, 3641, 3744, 3783, 3815, 3820, 4018, 4184, 4195, 4392, 4396, 4470, 4472, 4479, 4544, 4655, 4985, 5111, 5176, 5248, 5447, 5575, 5640, 5658, 5742, 5763, 5885, 6091, 6095, 6120]","[3627, 4392]","[338, 363, 433, 607, 1456, 1661, 1684, 1699, 1950, 1954, 2154, 2315, 2577, 2592, 2748, 2756, 2787, 2822, 2904, 2919, 2941, 2946, 2951, 3048, 3371, 3380, 3422, 3510, 3641, 3744, 3783, 3815, 3820, 4018, 4184, 4195, 4396, 4470, 4472, 4479, 4544, 4655, 4985, 5111, 5176, 5248, 5447, 5575, 5640, 5658, 5742, 5763, 5885, 6091, 6095, 6120]","[3627, 4392]",6275,58,6217,2,56,6217,0
2.0,GGNFM1D,"[145, 258, 368, 610, 656, 789, 817, 859, 874, 932, 1112, 1135, 1295, 1393, 1406, 1541, 1721, 1742, 1775, 1817, 2008, 2051, 2149, 2187, 2194, 2224, 2228, 2285, 2304, 2367, 2451, 2540, 2760, 3002, 3184, 3354, 3389, 3448, 3462, 3535, 3595, 4084, 4092, 4194, 4284, 4356, 4395, 4596, 4617, 4623, 4656, 4663, 4746, 4768, 4810, 4835, 4847, 4851, 4869, 5014, 5018, 5057, 5509]",[2451],"[145, 258, 368, 610, 656, 789, 817, 859, 874, 932, 1112, 1135, 1295, 1393, 1406, 1541, 1721, 1742, 1775, 1817, 2008, 2051, 2149, 2187, 2194, 2224, 2228, 2285, 2304, 2367, 2540, 2760, 3002, 3184, 3354, 3389, 3448, 3462, 3535, 3595, 4084, 4092, 4194, 4284, 4356, 4395, 4596, 4617, 4623, 4656, 4663, 4746, 4768, 4810, 4835, 4847, 4851, 4869, 5014, 5018, 5057, 5509]","[2132, 2451]",5631,63,5568,1,62,5567,1
2.0,GGPROP2,"[51, 307, 434, 564]",[307],"[51, 434, 564]",[307],641,4,637,1,3,637,0
2.0,GGRIHBGEN,"[163, 202, 219, 234, 254, 322, 469, 562, 612, 633, 676, 712, 716, 736, 801, 825, 961, 981, 990, 1038, 1165, 1237, 1390, 1535, 1555, 1884, 1973, 2050, 2078, 2088, 2139, 2149, 2207, 2381, 2450, 2518, 2644, 2666, 2863, 2870, 2982, 2998, 3018, 3219, 3227, 3317, 3325, 3343, 3394, 3411, 3454, 3552, 3821, 3831]","[2982, 3219, 3454]","[163, 202, 219, 234, 254, 322, 469, 562, 612, 633, 676, 712, 716, 736, 801, 825, 961, 981, 990, 1038, 1165, 1237, 1390, 1535, 1555, 1884, 1973, 2050, 2078, 2088, 2139, 2149, 2207, 2381, 2450, 2518, 2644, 2666, 2863, 2870, 2998, 3018, 3227, 3317, 3325, 3343, 3394, 3411, 3552, 3821, 3831]","[2982, 3219, 3454]",3879,54,3825,3,51,3825,0
2.0,GGVITIIG,"[50, 54, 190, 217, 266, 380, 442, 567, 690, 701, 830, 913, 1067, 1110, 1146, 1219, 1309, 1318, 1596, 1740, 1939, 1952, 2021, 2076, 2339, 2351, 2362, 2545, 2561, 2640, 2688, 2694, 2698, 2733, 2948, 2952, 2957, 2977, 3056, 3064, 3138, 3145, 3213, 3267, 3543, 3791, 3876, 4114, 4196, 4225, 4295, 4299, 4502, 4551, 4818, 4876, 5081, 5129, 5187, 5262, 5298, 5441, 5494, 5507, 5604, 5647, 5848, 5980, 6011, 6062, 6229, 6395, 6408, 6443, 6447, 6814, 6832, 7039, 7045, 7123, 7127, 7162, 7166, 7268, 7293, 7317, 7372, 7393, 7419, 7615, 7740, 7809, 7813, 7817, 7945, 8026, 8202, 8258, 8302, 8314, 8321, 8374, 8447, 8481, 8597, 8678, 8702, 8858, 9149, 9439, 9467, 10000, 10104, 10365, 10448, 10453, 10481, 10618, 10703, 10714, 10828, 10920, 10930, 10951, 10971, 11265, 11663, 11667, 11757, 12101, 12272, 12547, 12615, 12750, 12775, 12791, 13067, 13147, 13168, 13180, 13186, 13267, 13368, 13416, 13452, 13505, 13748, 13798, 13819, 14002, 14028, 14077, 14134, 14139, 14247, 14252, 14256, 14386, 14413, 14485, 14527, 14589, 14613, 14704, 14938, 15283, 15344, 15348, 15551, 15600, 15710, 15771, 15820, 15880, 15999, 16141, 16145, 16156, 16344, 16425, 16552, 16857, 16917, 16955, 16994, 17013, 17019, 17173, 17193, 17299, 17447, 17481, 17492, 17530, 17815, 17864, 17913, 18132, 18359, 18520, 18760, 18829, 18851, 18882, 19081, 19128, 19337, 19348, 19440, 19513, 19515, 19538, 19562, 19638, 19799, 19933, 19942, 20037, 20096, 20126, 20178]","[54, 190, 442, 2021, 2694, 2948, 3267, 3543, 3791, 4818, 5441, 6229, 6443, 7045, 7268, 8026, 8302, 9149, 9467, 10104, 10448, 10714, 11757, 12272, 12615, 13267, 13505, 14028, 14704, 15348, 15771, 16955, 17864, 19081]","[50, 217, 266, 380, 567, 690, 701, 830, 913, 1067, 1110, 1146, 1219, 1309, 1318, 1596, 1740, 1939, 1952, 2076, 2339, 2351, 2362, 2545, 2561, 2640, 2688, 2698, 2733, 2952, 2957, 2977, 3056, 3064, 3138, 3145, 3213, 3876, 4114, 4196, 4225, 4295, 4299, 4502, 4551, 4876, 5081, 5129, 5187, 5262, 5298, 5494, 5507, 5604, 5647, 5848, 5980, 6011, 6062, 6395, 6408, 6447, 6814, 6832, 7039, 7123, 7127, 7162, 7166, 7293, 7317, 7372, 7393, 7419, 7615, 7740, 7809, 7813, 7817, 7945, 8202, 8258, 8314, 8321, 8374, 8447, 8481, 8597, 8678, 8702, 8858, 9439, 10000, 10365, 10453, 10481, 10618, 10703, 10828, 10920, 10930, 10951, 10971, 11265, 11663, 11667, 12101, 12547, 12750, 12775, 12791, 13067, 13147, 13168, 13180, 13186, 13368, 13416, 13452, 13748, 13798, 13819, 14002, 14077, 14134, 14139, 14247, 14252, 14256, 14386, 14413, 14485, 14527, 14589, 14613, 14938, 15283, 15344, 15551, 15600, 15710, 15820, 15880, 15999, 16141, 16145, 16156, 16344, 16425, 16552, 16857, 16917, 16994, 17013, 17019, 17173, 17193, 17299, 17447, 17481, 17492, 17530, 17815, 17913, 18132, 18359, 18520, 18760, 18829, 18851, 18882, 19128, 19337, 19348, 19440, 19513, 19515, 19538, 19562, 19638, 19799, 19933, 19942, 20037, 20096, 20126, 20178]","[54, 190, 442, 2021, 2694, 2948, 3267, 3543, 3791, 4818, 5441, 6229, 6443, 7045, 7268, 8026, 8302, 9149, 9467, 10104, 10448, 10714, 11757, 12272, 12615, 13267, 13505, 14028, 14704, 15348, 15771, 16955, 17864, 19081]",20336,221,20115,34,187,20115,0
2.0,GIBPROTP1A,"[4, 7, 56, 160, 164, 179, 245, 260]",[160],"[4, 7, 56, 164, 179, 245, 260]",[160],394,8,386,1,7,386,0
2.0,GORAFPA,"[75, 132, 264, 447, 699, 919, 999, 1201, 1205, 1243, 1832, 1860, 1909, 1931, 1939, 2163, 2174, 2232, 2268, 2272, 2395, 2455, 2530, 2784, 2871, 2883, 2955, 3126, 3434, 3684, 3924, 3938, 3954, 4002, 4151, 4192, 4232, 4363, 4369, 4522, 4564, 4572, 4596, 4744, 4757, 4881, 5295, 5324, 5457, 5476, 5550, 5557, 5602, 6046, 6121, 6220, 6318, 6396, 6434, 6493, 6663, 6760, 6777, 6976, 6990, 7046, 7156, 7227, 7394, 7445, 7527, 7625, 7766, 7795, 7947, 8370, 8503, 8836, 9394, 9445, 9548, 10041, 10248, 10310, 10364, 10408, 10422, 10488, 10652, 10718, 10727, 10781, 10807, 10815, 10844, 10903, 11145, 11175, 11629, 11737, 11823, 11920, 12272, 12491, 12542, 12575, 12793, 12815, 12941, 13226, 13421, 13447, 13688, 13737, 14087, 14183, 14188, 14200, 14240, 14424, 14496, 14672, 14707, 14791, 14841, 14850, 14852, 15195, 15202, 15251, 15555, 15801, 15823, 15832, 15935, 15952, 16063, 16067, 16181, 16581, 16856, 16906, 17064, 17195, 17207, 17328, 17457, 17467, 17567, 17576, 17585, 17601, 17834, 18093, 18115, 18426, 18434, 18678, 18700, 18713, 18723, 18728, 18761, 18777, 18940, 19118, 19231, 19603, 19676, 19876, 20187, 20297, 20301, 20326, 20420, 20427, 20434, 20444, 20474, 20478, 20487, 20565, 20617, 20692, 20718, 20741, 21186, 21207, 21377, 22316, 22488, 22550, 22649, 22828, 22937, 22983, 22986, 23096, 23104, 23130, 23140, 23144, 23150, 23158, 23229, 23233, 23237, 23317, 23355, 23410, 23424, 23533, 23613, 23759, 23763, 23937, 24060, 24387]","[999, 1860, 2955, 5457, 6760, 7766, 9445, 11629, 13421, 14087, 14707, 16581, 17834]","[75, 132, 264, 447, 699, 919, 1201, 1205, 1243, 1832, 1909, 1931, 1939, 2163, 2174, 2232, 2268, 2272, 2395, 2455, 2530, 2784, 2871, 2883, 3126, 3434, 3684, 3924, 3938, 3954, 4002, 4151, 4192, 4232, 4363, 4369, 4522, 4564, 4572, 4596, 4744, 4757, 4881, 5295, 5324, 5476, 5550, 5557, 5602, 6046, 6121, 6220, 6318, 6396, 6434, 6493, 6663, 6777, 6976, 6990, 7046, 7156, 7227, 7394, 7445, 7527, 7625, 7795, 7947, 8370, 8503, 8836, 9394, 9548, 10041, 10248, 10310, 10364, 10408, 10422, 10488, 10652, 10718, 10727, 10781, 10807, 10815, 10844, 10903, 11145, 11175, 11737, 11823, 11920, 12272, 12491, 12542, 12575, 12793, 12815, 12941, 13226, 13447, 13688, 13737, 14183, 14188, 14200, 14240, 14424, 14496, 14672, 14791, 14841, 14850, 14852, 15195, 15202, 15251, 15555, 15801, 15823, 15832, 15935, 15952, 16063, 16067, 16181, 16856, 16906, 17064, 17195, 17207, 17328, 17457, 17467, 17567, 17576, 17585, 17601, 18093, 18115, 18426, 18434, 18678, 18700, 18713, 18723, 18728, 18761, 18777, 18940, 19118, 19231, 19603, 19676, 19876, 20187, 20297, 20301, 20326, 20420, 20427, 20434, 20444, 20474, 20478, 20487, 20565, 20617, 20692, 20718, 20741, 21186, 21207, 21377, 22316, 22488, 22550, 22649, 22828, 22937, 22983, 22986, 23096, 23104, 23130, 23140, 23144, 23150, 23158, 23229, 23233, 23237, 23317, 23355, 23410, 23424, 23533, 23613, 23759, 23763, 23937, 24060, 24387]","[999, 1860, 2955, 5457, 6760, 7766, 9445, 11629, 13421, 14087, 14707, 16581, 17834]",24600,218,24382,13,205,24382,0
2.0,GORPROTP1A,"[8, 11, 60, 164, 168, 184, 256]",[164],"[8, 11, 60, 168, 184, 256]",[164],405,7,398,1,6,398,0
2.0,GPIINS,"[191, 203, 428, 462, 526, 587, 622, 659, 696, 703, 807, 943, 950, 952, 1023, 1048, 1175, 1358, 1362]",[526],"[191, 203, 428, 462, 587, 622, 659, 696, 703, 807, 943, 950, 952, 1023, 1048, 1175, 1358, 1362]",[526],1465,19,1446,1,18,1446,0
2.0,HAMAMYLP,"[48, 369, 446, 539, 618, 735, 1057, 1138, 1188, 1394, 1414, 1473, 1549, 1794, 2308, 2419, 2455, 2500, 2562, 2740, 2763, 2874, 2921, 3078, 3116, 3245, 3415, 3543, 3934, 3968, 4152, 4257, 4334, 4536, 4561, 4787, 4851, 5005, 5045, 5424, 5541, 5690]",[2308],"[48, 369, 446, 539, 618, 735, 1057, 1138, 1188, 1394, 1414, 1473, 1549, 1794, 2419, 2455, 2500, 2562, 2740, 2763, 2874, 2921, 3078, 3116, 3245, 3415, 3543, 3934, 3968, 4152, 4257, 4334, 4536, 4561, 4787, 4851, 5005, 5045, 5424, 5541, 5690]",[2308],5948,42,5906,1,41,5906,0
2.0,HAMHG5,"[10, 424, 609, 615, 640, 724, 781, 1132, 1253, 1333, 1373, 1377, 1385, 1640, 1817, 1905, 1919, 1982, 2153, 2464, 2616, 2623, 2679, 2817, 2825, 2913, 2963, 3097, 3152, 3433, 3461, 3501, 3547, 3591, 3609, 3620, 3789, 3933, 3950, 4022, 4237, 4247, 4283, 4319, 4662, 4856, 5212, 5421, 5439, 5460, 5517, 5603, 5637, 5810, 5841, 5920, 5989, 6188, 6348, 6597, 6694, 6827, 6978, 7011, 7017, 7060, 7128, 7156, 7240, 7287, 7441, 7601, 7668, 7956, 8108, 8209, 8258, 8295, 8396, 8509, 8881, 8895, 9013, 9035, 9223, 9231, 9260, 9284, 9354]","[4856, 5517, 6188, 6597, 7441]","[10, 424, 609, 615, 640, 724, 781, 1132, 1253, 1333, 1373, 1377, 1385, 1640, 1817, 1905, 1919, 1982, 2153, 2464, 2616, 2623, 2679, 2817, 2825, 2913, 2963, 3097, 3152, 3433, 3461, 3501, 3547, 3591, 3609, 3620, 3789, 3933, 3950, 4022, 4237, 4247, 4283, 4319, 4662, 5212, 5421, 5439, 5460, 5603, 5637, 5810, 5841, 5920, 5989, 6348, 6694, 6827, 6978, 7011, 7017, 7060, 7128, 7156, 7240, 7287, 7601, 7668, 7956, 8108, 8209, 8258, 8295, 8396, 8509, 8881, 8895, 9013, 9035, 9223, 9231, 9260, 9284, 9354]","[4856, 5517, 6188, 6597, 7441]",9712,89,9623,5,84,9623,0
2.0,HROAMD1,"[137, 237, 259, 289, 546, 585, 896, 1072, 1369, 1486, 1539, 1566, 1585, 1647, 1664, 1955, 2017, 2322, 2579, 2687, 2835, 2914, 3282, 3348, 3357, 3486, 3494, 3830, 3928, 4081, 4267, 4347, 4700, 4704, 4795, 4816, 4823, 4839, 4858, 5057, 5134, 5260, 5311, 5336, 5341, 5383, 5413, 5723, 5727, 5734, 5795, 5962, 6073, 6126, 6212, 6216, 6264, 6408, 6415, 6531, 6728, 6799, 6863, 6978, 6983]","[2687, 3486, 4700]","[137, 237, 259, 289, 546, 585, 896, 1072, 1369, 1486, 1539, 1566, 1585, 1647, 1664, 1955, 2017, 2322, 2579, 2835, 2914, 3282, 3348, 3357, 3494, 3830, 3928, 4081, 4267, 4347, 4704, 4795, 4816, 4823, 4839, 4858, 5057, 5134, 5260, 5311, 5336, 5341, 5383, 5413, 5723, 5727, 5734, 5795, 5962, 6073, 6126, 6212, 6216, 6264, 6408, 6415, 6531, 6728, 6799, 6863, 6978, 6983]","[2687, 3486, 4700]",7092,65,7027,3,62,7027,0
2.0,HROMA2,"[41, 292, 358, 415, 423, 427, 450, 511, 686, 739, 808, 820, 838, 902, 988, 1174, 1285, 1351, 1405, 1417, 1450, 1486, 1640]","[739, 1174]","[41, 292, 358, 415, 423, 427, 450, 511, 686, 808, 820, 838, 902, 988, 1285, 1351, 1405, 1417, 1450, 1486, 1640]","[739, 1174]",1780,23,1757,2,21,1757,0
2.0,HROMA4A,"[45, 69, 411, 661, 727, 792, 819, 880, 1055, 1108, 1114, 1126, 1304, 1316, 1334, 1398, 1484, 1670, 1774, 1840, 1894, 1906, 1975, 2129, 2287]","[1108, 1670]","[45, 69, 411, 661, 727, 792, 819, 880, 1055, 1114, 1126, 1304, 1316, 1334, 1398, 1484, 1774, 1840, 1894, 1906, 1975, 2129, 2287]","[1108, 1670]",2332,25,2307,2,23,2307,0
2.0,HRSPRMI,"[247, 251, 340, 416, 551, 573, 722, 828, 1064, 1211, 1245, 1448, 1605, 1826, 1880, 2047, 2184, 2197]",[722],"[247, 251, 340, 416, 551, 573, 828, 1064, 1211, 1245, 1448, 1605, 1826, 1880, 2047, 2184, 2197]",[722],2199,18,2181,1,17,2181,0
2.0,HS1D3HLH,"[173, 185, 271, 380, 467, 659, 757, 778, 901, 937, 982, 1039, 1231, 1382, 1394, 1447, 1548, 1557, 1596, 1607, 1634, 1750, 2003, 2146, 2417]",[1039],"[173, 185, 271, 380, 467, 659, 757, 778, 901, 937, 982, 1231, 1382, 1394, 1447, 1548, 1557, 1596, 1607, 1634, 1750, 2003, 2146, 2417]",[1039],2474,25,2449,1,24,2449,0
2.0,HS2OXOC,"[70, 116, 191, 221, 755, 871, 901, 1047, 1095, 1104, 1162, 1288, 1421, 1451, 1456, 1694, 1719, 1723, 1825, 1878, 1894, 2208, 2227, 2239]","[116, 871, 1162, 1421, 1694, 1825]","[70, 191, 221, 755, 901, 1047, 1095, 1104, 1288, 1451, 1456, 1719, 1723, 1878, 1894, 2208, 2227, 2239]","[116, 871, 1162, 1421, 1694, 1825]",2511,24,2487,6,18,2487,0
2.0,HSABLGR1,"[221, 319, 371, 749, 845, 860, 902, 1080, 1112, 1224, 1236, 1279, 1516, 1670, 1788, 1860, 1981, 2154, 2265, 2274, 2278, 2567, 2923, 2977, 3020, 3054, 3058, 3082, 3130, 3140, 3159, 3178, 3182, 3265, 3293, 3297, 3344, 3519, 3551, 3603, 3636, 3683, 3851, 3857, 4148, 4166, 4198, 4243, 4321, 4356, 4479, 4506, 4528, 4593, 4623, 4826, 4865, 4869, 4960, 5108, 5218, 5284, 5296, 5312, 5317, 5396, 5465, 5666, 5890, 6125, 6360, 6479, 6500, 6508, 6567, 6604, 6617, 6708, 6743, 6778, 6820, 6904, 6922, 6977, 7049, 7056, 7070, 7168, 7197, 7212, 7507, 7754, 7939, 8039, 8265, 8293, 8332, 8356, 8470, 8679, 8720, 8724, 8800, 9035, 9075, 9294, 9310, 9330, 9340, 9367, 9507, 9652, 10016, 10020, 10043, 10073, 10112, 10400, 10413, 10509, 10535, 10539, 10547, 10623, 10950, 10991, 10999, 11005, 11052, 11090, 11094, 11118, 11135, 11145, 11167, 11303, 11333, 11354, 11370, 11557, 11597, 11815, 11872, 11895, 11929, 11951, 11988, 11992, 12007, 12066, 12168, 12239, 12325, 12396, 12401, 12434, 12564, 12806, 12880, 12948, 12982, 12989, 13058, 13111, 13183, 13205, 13262, 13285, 13683, 13782, 13875, 14075, 14107, 14267, 14431, 14496, 14536, 14754, 14789, 14973, 15060, 15224, 15370, 15400, 15442, 15444, 15514, 15589, 15627, 15741, 15893, 15907, 15929, 16007, 16019, 16210, 16304, 16387, 16407, 16572, 16750, 16803, 16811, 16943, 16978, 17018, 17036, 17116, 17185, 17218, 17249, 17326, 17342, 17360, 17463, 17547, 17610, 17757, 17886, 17922, 17942, 17991, 18028, 18092, 18096, 18204, 18211, 18451, 18462, 18588, 18624, 18705, 18803, 18974, 19026, 19158, 19199, 19207, 19244, 19282, 19297, 19316, 19469, 19672, 19718, 19728, 19732, 19816, 19888, 19906, 19972, 20007, 20015, 20105, 20121, 20150, 20257, 20270, 20282, 20317, 20325, 20665, 20758, 20900, 20991, 21053, 21132, 21219, 21401, 21406, 21558, 21828, 21832, 22256, 22312, 22368, 22421, 22886, 23054, 23084, 23126, 23128, 23312, 23330, 23393, 23472, 23507, 23529, 23576, 23584, 23730, 23851, 23855, 23938, 23981, 24042, 24066, 24148, 24277, 24298, 24377, 24560, 24656, 24758, 24778, 24805, 24853, 24896, 24979, 25073, 25146, 25221, 25253, 25292, 25435, 25453, 25534, 25621, 25818, 25849, 25902, 25906, 25973, 26031, 26127, 26145, 26177, 26227, 26288, 26300, 26508, 26554, 26590, 26725, 26782, 26789, 26938, 27084, 27114, 27158, 27209, 27467, 27538, 27807, 28199, 28260, 28400, 28596, 28694, 28698, 28759, 28886, 29115, 29268, 29691, 29760, 29764, 29796, 29810, 30027, 30047, 30175, 30234, 30405, 30448, 30552, 30616, 30721, 30729, 30738, 30924, 31027, 31031, 31138, 31182, 31270, 31290, 31307, 31331, 31462, 31493, 31576, 31699, 31763, 32007, 32126, 32128, 32233, 32282, 32296, 32327, 32399, 32463, 32492, 32588, 32606, 32847, 32910, 32939, 33100, 33307, 33591, 33629, 33664, 33787, 33826, 33869, 33888, 33941, 33970, 34121, 34153, 34205, 34314, 34322, 34563, 34567, 34596, 34658, 34832, 35028, 35047, 35102, 35331, 35343, 35418, 35464, 35474, 35562, 35608, 35642, 35655, 35657, 35751, 35835, 35898]","[8720, 10400, 12434, 15741, 17116, 17991]","[221, 319, 371, 749, 845, 860, 902, 1080, 1112, 1224, 1236, 1279, 1516, 1670, 1788, 1860, 1981, 2154, 2265, 2274, 2278, 2567, 2923, 2977, 3020, 3054, 3058, 3082, 3130, 3140, 3159, 3178, 3182, 3265, 3293, 3297, 3344, 3519, 3551, 3603, 3636, 3683, 3851, 3857, 4148, 4166, 4198, 4243, 4321, 4356, 4479, 4506, 4528, 4593, 4623, 4826, 4865, 4869, 4960, 5108, 5218, 5284, 5296, 5312, 5317, 5396, 5465, 5666, 5890, 6125, 6360, 6479, 6500, 6508, 6567, 6604, 6617, 6708, 6743, 6778, 6820, 6904, 6922, 6977, 7049, 7056, 7070, 7168, 7197, 7212, 7507, 7754, 7939, 8039, 8265, 8293, 8332, 8356, 8470, 8679, 8724, 8800, 9035, 9075, 9294, 9310, 9330, 9340, 9367, 9507, 9652, 10016, 10020, 10043, 10073, 10112, 10413, 10509, 10535, 10539, 10547, 10623, 10950, 10991, 10999, 11005, 11052, 11090, 11094, 11118, 11135, 11145, 11167, 11303, 11333, 11354, 11370, 11557, 11597, 11815, 11872, 11895, 11929, 11951, 11988, 11992, 12007, 12066, 12168, 12239, 12325, 12396, 12401, 12564, 12806, 12880, 12948, 12982, 12989, 13058, 13111, 13183, 13205, 13262, 13285, 13683, 13782, 13875, 14075, 14107, 14267, 14431, 14496, 14536, 14754, 14789, 14973, 15060, 15224, 15370, 15400, 15442, 15444, 15514, 15589, 15627, 15893, 15907, 15929, 16007, 16019, 16210, 16304, 16387, 16407, 16572, 16750, 16803, 16811, 16943, 16978, 17018, 17036, 17185, 17218, 17249, 17326, 17342, 17360, 17463, 17547, 17610, 17757, 17886, 17922, 17942, 18028, 18092, 18096, 18204, 18211, 18451, 18462, 18588, 18624, 18705, 18803, 18974, 19026, 19158, 19199, 19207, 19244, 19282, 19297, 19316, 19469, 19672, 19718, 19728, 19732, 19816, 19888, 19906, 19972, 20007, 20015, 20105, 20121, 20150, 20257, 20270, 20282, 20317, 20325, 20665, 20758, 20900, 20991, 21053, 21132, 21219, 21401, 21406, 21558, 21828, 21832, 22256, 22312, 22368, 22421, 22886, 23054, 23084, 23126, 23128, 23312, 23330, 23393, 23472, 23507, 23529, 23576, 23584, 23730, 23851, 23855, 23938, 23981, 24042, 24066, 24148, 24277, 24298, 24377, 24560, 24656, 24758, 24778, 24805, 24853, 24896, 24979, 25073, 25146, 25221, 25253, 25292, 25435, 25453, 25534, 25621, 25818, 25849, 25902, 25906, 25973, 26031, 26127, 26145, 26177, 26227, 26288, 26300, 26508, 26554, 26590, 26725, 26782, 26789, 26938, 27084, 27114, 27158, 27209, 27467, 27538, 27807, 28199, 28260, 28400, 28596, 28694, 28698, 28759, 28886, 29115, 29268, 29691, 29760, 29764, 29796, 29810, 30027, 30047, 30175, 30234, 30405, 30448, 30552, 30616, 30721, 30729, 30738, 30924, 31027, 31031, 31138, 31182, 31270, 31290, 31307, 31331, 31462, 31493, 31576, 31699, 31763, 32007, 32126, 32128, 32233, 32282, 32296, 32327, 32399, 32463, 32492, 32588, 32606, 32847, 32910, 32939, 33100, 33307, 33591, 33629, 33664, 33787, 33826, 33869, 33888, 33941, 33970, 34121, 34153, 34205, 34314, 34322, 34563, 34567, 34596, 34658, 34832, 35028, 35047, 35102, 35331, 35343, 35418, 35464, 35474, 35562, 35608, 35642, 35655, 35657, 35751, 35835, 35898]","[8720, 10400, 12434, 14200, 15741, 17116, 17991]",35955,436,35519,6,430,35518,1
2.0,HSALDCG,"[88, 105, 126, 148, 265, 346, 349, 555, 714, 801, 902, 962, 1014, 1119, 1124, 1283, 1655, 1914, 1921, 1952, 2098, 2331, 2375, 2481, 2486, 2637, 2641, 2663, 2668, 2674, 2788, 2939, 2974, 3065, 3070, 3110, 3121, 3162, 3186, 3250, 3289, 3366, 3386, 3395, 3402, 3411, 3551, 3567, 3700, 3894, 3994, 4097, 4147, 4326, 4340, 4346, 4350, 4395, 4434, 4460, 4817, 5029, 5038]","[2641, 2939, 3110, 3366, 3567, 3994, 4326]","[88, 105, 126, 148, 265, 346, 349, 555, 714, 801, 902, 962, 1014, 1119, 1124, 1283, 1655, 1914, 1921, 1952, 2098, 2331, 2375, 2481, 2486, 2637, 2663, 2668, 2674, 2788, 2974, 3065, 3070, 3121, 3162, 3186, 3250, 3289, 3386, 3395, 3402, 3411, 3551, 3700, 3894, 4097, 4147, 4340, 4346, 4350, 4395, 4434, 4460, 4817, 5029, 5038]","[2641, 2939, 3110, 3366, 3567, 3994, 4326]",5191,63,5128,7,56,5128,0
2.0,HSAPC3A,"[102, 110, 172, 226, 405, 433, 636, 715, 859, 876, 919, 930, 1161, 1178, 1246, 1271, 1677, 1829, 1937, 2140, 2325, 2363, 2373, 2515, 2570, 2680, 2683, 2778, 2891, 2908, 2945, 2947, 3022, 3106, 3212, 3383, 3387, 3409, 3492, 3508, 3587, 3608, 3666, 3734, 3763, 3769, 3832, 3849, 3863, 3867, 3874, 3924, 3995, 4086, 4118, 4222, 4249, 4460, 4585, 4608, 4618, 4662, 4679, 5083, 5203, 5222, 5261, 5274, 5280, 5444, 5823]","[919, 1178]","[102, 110, 172, 226, 405, 433, 636, 715, 859, 876, 930, 1161, 1246, 1271, 1677, 1829, 1937, 2140, 2325, 2363, 2373, 2515, 2570, 2680, 2683, 2778, 2891, 2908, 2945, 2947, 3022, 3106, 3212, 3383, 3387, 3409, 3492, 3508, 3587, 3608, 3666, 3734, 3763, 3769, 3832, 3849, 3863, 3867, 3874, 3924, 3995, 4086, 4118, 4222, 4249, 4460, 4585, 4608, 4618, 4662, 4679, 5083, 5203, 5222, 5261, 5274, 5280, 5444, 5823]","[919, 1178]",6042,71,5971,2,69,5971,0
2.0,HSAPOA2B,"[152, 156, 168, 232, 245, 267, 321, 338, 490, 494, 573, 682, 686, 698, 745, 884, 916, 1006, 1221, 1425, 1554, 1577, 1585, 1639, 1655]","[490, 916]","[152, 156, 168, 232, 245, 267, 321, 338, 494, 573, 682, 686, 698, 745, 884, 1006, 1221, 1425, 1554, 1577, 1585, 1639, 1655]","[490, 916]",1748,25,1723,2,23,1723,0
2.0,HSAPOAIA,"[57, 134, 286, 317, 321, 563, 583, 661, 949, 1026, 1173, 1397, 1409, 1475, 1799, 1849, 1879, 1903, 1942, 2090, 2177]","[317, 661]","[57, 134, 286, 321, 563, 583, 949, 1026, 1173, 1397, 1409, 1475, 1799, 1849, 1879, 1903, 1942, 2090, 2177]","[317, 661]",2186,21,2165,2,19,2165,0
2.0,HSAPOAIT,"[120, 231, 308, 460, 491, 495, 737, 757, 835, 866, 1124, 1201, 1348, 1572, 1584, 1650, 1974, 2024, 2054, 2078, 2117, 2143, 2265, 2353]","[491, 835]","[120, 231, 308, 460, 495, 737, 757, 866, 1124, 1201, 1348, 1572, 1584, 1650, 1974, 2024, 2054, 2078, 2117, 2143, 2265, 2353]","[491, 835]",2378,24,2354,2,22,2354,0
2.0,HSAPOC2G,"[33, 68, 73, 185, 231, 255, 273, 372, 414, 526, 606, 645, 680, 727, 790, 822, 863, 946, 981, 1049, 1153, 1276, 1494, 1505, 1528, 1553, 1572, 1675, 1903, 1935, 1971, 2021, 2037, 2069, 2121, 2148, 2191, 2226, 2346, 2358, 2401, 2479, 2701, 2714, 2943, 2999, 3041, 3674]","[2714, 3041]","[33, 68, 73, 185, 231, 255, 273, 372, 414, 526, 606, 645, 680, 727, 790, 822, 863, 946, 981, 1049, 1153, 1276, 1494, 1505, 1528, 1553, 1572, 1675, 1903, 1935, 1971, 2021, 2037, 2069, 2121, 2148, 2191, 2226, 2346, 2358, 2401, 2479, 2701, 2943, 2999, 3674]","[2714, 3041]",3833,48,3785,2,46,3785,0
2.0,HSAQUPN2,"[73, 222, 236, 299, 431, 497, 632, 746, 794, 917, 935, 969]","[431, 632, 746]","[73, 222, 236, 299, 497, 794, 917, 935, 969]","[431, 632, 746]",988,12,976,3,9,976,0
2.0,HSARYLA,"[275, 329, 413, 459, 560, 848, 1039, 1055, 1091, 1160, 1238, 1571, 1815, 1906, 1951, 1970, 1991, 2004, 2052, 2141, 2175, 2252, 2470, 2479, 2528, 2613, 2627, 2666, 2765, 2769, 2783, 2823, 3040, 3064, 3087, 3162, 3282, 3320, 3333, 3349, 3400, 3416, 3432, 3452, 3499, 3558, 3567, 3571, 3591]","[848, 1238, 1571, 1815, 2252, 2470, 2823]","[275, 329, 413, 459, 560, 1039, 1055, 1091, 1160, 1906, 1951, 1970, 1991, 2004, 2052, 2141, 2175, 2479, 2528, 2613, 2627, 2666, 2765, 2769, 2783, 3040, 3064, 3087, 3162, 3282, 3320, 3333, 3349, 3400, 3416, 3432, 3452, 3499, 3558, 3567, 3571, 3591]","[848, 1238, 1571, 1815, 2252, 2470, 2823]",3630,49,3581,7,42,3581,0
2.0,HSAT3,"[66, 160, 257, 280, 327, 350, 646, 655, 825, 1384, 1523, 1841, 1878, 1936, 1953, 2122, 2218, 2225, 2451, 2678, 2846, 2885, 3282, 3311, 3723, 3825, 4266, 4374, 4422, 4447, 4516, 4715, 4746, 4823, 4931, 4978, 5095, 5305, 5311, 5579, 5612, 5717, 5747, 5843, 5947, 6015, 6023, 6059, 6120, 6235, 6399, 6645, 6811, 6858, 6879, 6934, 6938, 7075, 7102, 7225, 7231, 7666, 7718, 8001, 8050, 8072, 8128, 8152, 8303, 8344, 8529, 8536, 8551, 8570, 8733, 8836, 9045, 9095, 9139, 9260, 9625, 9717, 9730, 10089, 10131, 10133, 10189, 10195, 10205, 10336, 10401, 10429, 10547, 10591, 10621, 10689, 10776, 10918, 10948, 11051, 11168, 11303, 11320, 11450, 11467, 11660, 11718, 11748, 11773, 11854, 11977, 12007, 12023, 12057, 12165, 12249, 12547, 12555, 12719, 12793, 12834, 13036, 13056, 13092, 13451, 13487, 13589, 13625, 13775, 13791, 13806, 13850, 13987, 14099]","[646, 3311, 6059, 7102, 8303, 10401]","[66, 160, 257, 280, 327, 350, 655, 825, 1384, 1523, 1841, 1878, 1936, 1953, 2122, 2218, 2225, 2451, 2678, 2846, 2885, 3282, 3723, 3825, 4266, 4374, 4422, 4447, 4516, 4715, 4746, 4823, 4931, 4978, 5095, 5305, 5311, 5579, 5612, 5717, 5747, 5843, 5947, 6015, 6023, 6120, 6235, 6399, 6645, 6811, 6858, 6879, 6934, 6938, 7075, 7225, 7231, 7666, 7718, 8001, 8050, 8072, 8128, 8152, 8344, 8529, 8536, 8551, 8570, 8733, 8836, 9045, 9095, 9139, 9260, 9625, 9717, 9730, 10089, 10131, 10133, 10189, 10195, 10205, 10336, 10429, 10547, 10591, 10621, 10689, 10776, 10918, 10948, 11051, 11168, 11303, 11320, 11450, 11467, 11660, 11718, 11748, 11773, 11854, 11977, 12007, 12023, 12057, 12165, 12249, 12547, 12555, 12719, 12793, 12834, 13036, 13056, 13092, 13451, 13487, 13589, 13625, 13775, 13791, 13806, 13850, 13987, 14099]","[646, 3311, 6059, 7102, 8303, 10401]",14199,134,14065,6,128,14065,0
2.0,HSATPCP1,"[26, 146, 158, 355, 496, 534, 612, 673, 705, 831, 989, 1079, 1257, 1504, 1518, 1550, 1680, 1838, 1920, 1994, 2029, 2127, 2133, 2173, 2258, 2304, 2347, 2463, 2691, 2723, 2771, 2846, 2875, 2889, 3013, 3045, 3169, 3310, 4006, 4036, 4080, 4245, 4558, 4726, 4730, 4773, 4805, 4831, 4843, 4975, 5023, 5216, 5254, 5389, 5394, 5407, 5426, 5431, 5489, 5503, 5509, 5516, 5525, 5579, 5924, 5934, 5980, 6024, 6099, 6277, 6382, 6670, 6777, 6800, 6830, 6839, 6843, 6860, 6865, 6999, 7003, 7008, 7017, 7115, 7182, 7203, 7267, 7430, 7698, 7755, 7763, 7854, 7883, 7927, 7969, 8093, 8120, 8202, 8207, 8304, 8529, 8701, 8708, 8714, 8748, 8947, 9101, 9286, 9405, 9444, 9449]","[5389, 6382, 7267]","[26, 146, 158, 355, 496, 534, 612, 673, 705, 831, 989, 1079, 1257, 1504, 1518, 1550, 1680, 1838, 1920, 1994, 2029, 2127, 2133, 2173, 2258, 2304, 2347, 2463, 2691, 2723, 2771, 2846, 2875, 2889, 3013, 3045, 3169, 3310, 4006, 4036, 4080, 4245, 4558, 4726, 4730, 4773, 4805, 4831, 4843, 4975, 5023, 5216, 5254, 5394, 5407, 5426, 5431, 5489, 5503, 5509, 5516, 5525, 5579, 5924, 5934, 5980, 6024, 6099, 6277, 6670, 6777, 6800, 6830, 6839, 6843, 6860, 6865, 6999, 7003, 7008, 7017, 7115, 7182, 7203, 7430, 7698, 7755, 7763, 7854, 7883, 7927, 7969, 8093, 8120, 8202, 8207, 8304, 8529, 8701, 8708, 8714, 8748, 8947, 9101, 9286, 9405, 9444, 9449]","[5389, 6382, 7267]",9450,111,9339,3,108,9339,0
2.0,HSATPCP2,"[6, 41, 107, 239, 317, 964, 1210, 1546, 1626, 1683, 1695, 1722, 1768, 1775, 2150, 2183, 2282, 2337, 2402, 2550, 2673, 2709, 2745, 2781, 2996, 3326, 3624, 3646, 3721, 3824, 3890, 4013, 4040, 4180, 4442, 4538, 4668, 4692, 4738, 4743, 4794, 4907, 4997, 5026, 5066, 5134, 5220, 5324, 5367, 5847, 6152, 6432, 6504, 6916, 6935, 7005, 7164, 7310, 7490, 7756, 7768, 7843, 7851, 7895, 8222, 8252, 8414, 8435, 8468, 8481, 8599, 8638, 8929, 8957, 9194, 9212, 9244, 9355, 9367, 9507, 9573, 9611, 9627, 9637, 9647, 9689, 9693, 9720, 9752, 9790, 9857, 9932, 9987, 9993, 10099, 10117, 10162, 10195, 10231, 10238, 10268, 10332, 10359, 10669, 10918, 10966, 11056, 11516, 11530, 11602, 11674, 11686, 11693, 11728, 11736, 11822, 11846, 11878, 11926, 12001, 12014, 12044, 12113, 12119, 12123, 12127, 12281, 12286, 12342, 12374, 12497, 13004, 13012, 13249, 13435, 13789, 13810, 13888, 14022, 14024, 14371, 14383, 14535, 14752, 14803, 14954]","[7490, 10195, 10918]","[6, 41, 107, 239, 317, 964, 1210, 1546, 1626, 1683, 1695, 1722, 1768, 1775, 2150, 2183, 2282, 2337, 2402, 2550, 2673, 2709, 2745, 2781, 2996, 3326, 3624, 3646, 3721, 3824, 3890, 4013, 4040, 4180, 4442, 4538, 4668, 4692, 4738, 4743, 4794, 4907, 4997, 5026, 5066, 5134, 5220, 5324, 5367, 5847, 6152, 6432, 6504, 6916, 6935, 7005, 7164, 7310, 7756, 7768, 7843, 7851, 7895, 8222, 8252, 8414, 8435, 8468, 8481, 8599, 8638, 8929, 8957, 9194, 9212, 9244, 9355, 9367, 9507, 9573, 9611, 9627, 9637, 9647, 9689, 9693, 9720, 9752, 9790, 9857, 9932, 9987, 9993, 10099, 10117, 10162, 10231, 10238, 10268, 10332, 10359, 10669, 10966, 11056, 11516, 11530, 11602, 11674, 11686, 11693, 11728, 11736, 11822, 11846, 11878, 11926, 12001, 12014, 12044, 12113, 12119, 12123, 12127, 12281, 12286, 12342, 12374, 12497, 13004, 13012, 13249, 13435, 13789, 13810, 13888, 14022, 14024, 14371, 14383, 14535, 14752, 14803, 14954]","[7490, 10195, 10918]",15009,146,14863,3,143,14863,0
2.0,HSB3A,"[158, 223, 462, 482, 580, 739, 779, 791, 890, 908, 994, 1021, 1118, 1120, 1139, 1175, 1424, 1432, 1843, 1847, 1901, 1940, 2085, 2135, 2210, 2455, 2606, 2623, 2640, 2647, 2655, 2659, 2670, 2714, 2725, 2732, 2747, 3047, 3139, 3166, 3199, 3203, 3474, 3631]",[1843],"[158, 223, 462, 482, 580, 739, 779, 791, 890, 908, 994, 1021, 1118, 1120, 1139, 1175, 1424, 1432, 1847, 1901, 1940, 2085, 2135, 2210, 2455, 2606, 2623, 2640, 2647, 2655, 2659, 2670, 2714, 2725, 2732, 2747, 3047, 3139, 3166, 3199, 3203, 3474, 3631]",[1843],3676,44,3632,1,43,3632,0
2.0,HSBGPG,"[29, 151, 378, 560, 790, 817, 832, 850, 856, 1055, 1096, 1143, 1187, 1193, 1212, 1235, 1340, 1344, 1362, 1532, 1585, 1593, 1628, 1645]","[560, 850, 1096]","[29, 151, 378, 790, 817, 832, 856, 1055, 1143, 1187, 1193, 1212, 1235, 1340, 1344, 1362, 1532, 1585, 1593, 1628, 1645]","[560, 850, 1096]",1668,24,1644,3,21,1644,0
2.0,HSBSF2,"[76, 238, 274, 318, 335, 463, 477, 501, 906, 1086, 1242, 1293, 1304, 1360, 1550, 1587, 1621, 1869, 1873, 1986, 2089, 2189, 2241, 2450, 2605, 2748, 2847, 2851, 2857, 2871, 2930, 2945, 2956, 3022, 3070, 3106, 3300, 3336, 3466, 3499, 3536, 3601, 3605, 3629, 3708, 3772, 3835, 4061, 4086, 4202, 4289, 4317, 4358, 4427, 4505, 4574, 4665, 4715, 4895, 4943, 4992, 5140, 5556, 5613, 5668, 5688, 5713, 5817, 5944, 5953]","[1242, 1587, 2748, 3601]","[76, 238, 274, 318, 335, 463, 477, 501, 906, 1086, 1293, 1304, 1360, 1550, 1621, 1869, 1873, 1986, 2089, 2189, 2241, 2450, 2605, 2847, 2851, 2857, 2871, 2930, 2945, 2956, 3022, 3070, 3106, 3300, 3336, 3466, 3499, 3536, 3605, 3629, 3708, 3772, 3835, 4061, 4086, 4202, 4289, 4317, 4358, 4427, 4505, 4574, 4665, 4715, 4895, 4943, 4992, 5140, 5556, 5613, 5668, 5688, 5713, 5817, 5944, 5953]","[1242, 1587, 2748, 3601]",5954,70,5884,4,66,5884,0
2.0,HSCBMYHC,"[62, 172, 278, 297, 345, 369, 536, 649, 778, 860, 1100, 1453, 1527, 1577, 1858, 2228, 2258, 2477, 2489, 2532, 2583, 2735, 2805, 2858, 2868, 2872, 2902, 2911, 2917, 2991, 3016, 3181, 3193, 3218, 3286, 3293, 3301, 3493, 3504, 3592, 3607, 3620, 3639, 3819, 3828, 3833, 3932, 3967, 4092, 4207, 4263, 4585, 4595, 4612, 4644, 4657, 4776, 4881, 4906, 4921, 4996, 5041, 5394, 5485, 5644, 5708, 6069, 6160, 6354, 6379, 6529, 6694, 6814, 6818, 6902, 7026, 7246, 7351, 7567, 7571, 7575, 7594, 7609, 7671, 7735, 7894, 7912, 7939, 7958, 7962, 8095, 8354, 8647, 8850, 8856, 8867, 8898, 8924, 8933, 8950, 9024, 9059, 9084, 9174, 9288, 9626, 9885, 9909, 9920, 9985, 10076, 10530, 10535, 10554, 10667, 10730, 10877, 11302, 11339, 11483, 11516, 11529, 11536, 11847, 12039, 12082, 12155, 12159, 12229, 12277, 12303, 12427, 12528, 12635, 12786, 12825, 12829, 12969, 12988, 13037, 13099, 13342, 13849, 14042, 14210, 14352, 14386, 14394, 14571, 14631, 14700, 14768, 14771, 14806, 14929, 15120, 15221, 15253, 15303, 15375, 15416, 15683, 15784, 15900, 16013, 16076, 16321, 16403, 16410, 16618, 16665, 17120, 17125, 17191, 17284, 17368, 17811, 17895, 18138, 18228, 18590, 18734, 18777, 18896, 19047, 19130, 19194, 19214, 19262, 19469, 19588, 19970, 19981, 20028, 20057, 20132, 20176, 20319, 20374, 20604, 20628, 20742, 20964, 21087, 21352, 21466, 21505, 21576, 21810, 21818, 21839, 22088, 22133, 22149, 22153, 22369, 22423, 22474, 22486, 22643, 22971, 23176, 23209, 23241, 23265, 23421, 23454, 23605, 23701, 23830, 24128, 24278, 24455, 24702, 24716, 24751, 24755, 24794, 24854, 24901, 24926, 24966]","[4595, 5041, 5485, 5644, 6354, 6529, 6694, 7246, 7567, 8354, 8898, 9174, 9626, 10530, 10877, 11339, 12155, 12427, 12829, 13342, 14210, 14571, 15900, 17120, 18228, 18590, 18896, 19262, 19970, 20319, 20604, 21466, 21839, 22088, 22474, 23454, 23701]","[62, 172, 278, 297, 345, 369, 536, 649, 778, 860, 1100, 1453, 1527, 1577, 1858, 2228, 2258, 2477, 2489, 2532, 2583, 2735, 2805, 2858, 2868, 2872, 2902, 2911, 2917, 2991, 3016, 3181, 3193, 3218, 3286, 3293, 3301, 3493, 3504, 3592, 3607, 3620, 3639, 3819, 3828, 3833, 3932, 3967, 4092, 4207, 4263, 4585, 4612, 4644, 4657, 4776, 4881, 4906, 4921, 4996, 5394, 5708, 6069, 6160, 6379, 6814, 6818, 6902, 7026, 7351, 7571, 7575, 7594, 7609, 7671, 7735, 7894, 7912, 7939, 7958, 7962, 8095, 8647, 8850, 8856, 8867, 8924, 8933, 8950, 9024, 9059, 9084, 9288, 9885, 9909, 9920, 9985, 10076, 10535, 10554, 10667, 10730, 11302, 11483, 11516, 11529, 11536, 11847, 12039, 12082, 12159, 12229, 12277, 12303, 12528, 12635, 12786, 12825, 12969, 12988, 13037, 13099, 13849, 14042, 14352, 14386, 14394, 14631, 14700, 14768, 14771, 14806, 14929, 15120, 15221, 15253, 15303, 15375, 15416, 15683, 15784, 16013, 16076, 16321, 16403, 16410, 16618, 16665, 17125, 17191, 17284, 17368, 17811, 17895, 18138, 18734, 18777, 19047, 19130, 19194, 19214, 19469, 19588, 19981, 20028, 20057, 20132, 20176, 20374, 20628, 20742, 20964, 21087, 21352, 21505, 21576, 21810, 21818, 22133, 22149, 22153, 22369, 22423, 22486, 22643, 22971, 23176, 23209, 23241, 23265, 23421, 23605, 23830, 24128, 24278, 24455, 24702, 24716, 24751, 24755, 24794, 24854, 24901, 24926, 24966]","[4595, 5041, 5485, 5644, 6354, 6529, 6694, 7246, 7567, 8354, 8898, 9174, 9626, 10530, 10877, 11339, 12155, 12427, 12829, 13342, 14210, 14571, 15900, 17120, 18228, 18590, 18896, 19262, 19970, 20319, 20604, 21466, 21839, 22088, 22474, 23454, 23701]",24993,242,24751,37,205,24751,0
2.0,HSCD14G,"[79, 136, 159, 165, 317, 393, 412, 486, 514, 562, 763, 811, 986, 1114, 1204, 1314, 1318, 1339]",[159],"[79, 136, 165, 317, 393, 412, 486, 514, 562, 763, 811, 986, 1114, 1204, 1314, 1318, 1339]",[159],1563,18,1545,1,17,1545,0
2.0,HSCKBG,"[98, 236, 347, 381, 395, 554, 657, 876, 1075, 1244, 1261, 1341, 1484, 1619, 1733, 1824, 2068, 2099, 2124, 2373, 2380, 2458, 2552, 2570, 2597, 2638, 2643, 2746, 2877, 3022, 3075, 3077, 3174, 3220, 3280, 3434, 3484, 3521, 3534, 3603, 3620, 3671, 3680, 3701, 3909, 3988, 4062, 4078, 4102]","[1341, 1619, 1824, 2380, 3174, 3521]","[98, 236, 347, 381, 395, 554, 657, 876, 1075, 1244, 1261, 1484, 1733, 2068, 2099, 2124, 2373, 2458, 2552, 2570, 2597, 2638, 2643, 2746, 2877, 3022, 3075, 3077, 3220, 3280, 3434, 3484, 3534, 3603, 3620, 3671, 3680, 3701, 3909, 3988, 4062, 4078, 4102]","[1341, 1619, 1824, 2380, 3174, 3521]",4193,49,4144,6,43,4144,0
2.0,HSCOMT2,"[197, 284, 329, 589, 600, 636, 703, 709, 911, 936, 1064, 1075, 1110, 1193, 1285, 1289, 1389, 1401, 1495, 1614, 1630, 1651, 1845, 1947, 1959, 2004, 2128, 2160, 2188, 2192, 2212, 2220, 2299, 2350, 2378, 2513, 2547, 2561, 2651, 2742, 2755, 2827, 2884, 2897, 2920, 2980, 3082, 3091, 3495, 3503, 3628]","[1630, 1959, 2378]","[197, 284, 329, 589, 600, 636, 703, 709, 911, 936, 1064, 1075, 1110, 1193, 1285, 1289, 1389, 1401, 1495, 1614, 1651, 1845, 1947, 2004, 2128, 2160, 2188, 2192, 2212, 2220, 2299, 2350, 2513, 2547, 2561, 2651, 2742, 2755, 2827, 2884, 2897, 2920, 2980, 3082, 3091, 3495, 3503, 3628]","[1630, 1959, 2378]",3644,51,3593,3,48,3593,0
2.0,HSCPH70,"[11, 205, 297, 568, 633, 773, 829, 865, 926, 1057, 1153, 1302, 1363, 1729, 1746, 1768, 1784, 1791, 2226, 2228, 2296, 2336, 2423, 2552, 2669, 2724, 2820, 2936, 3051, 3115, 3172, 3200, 3260, 3382, 3416, 3675, 3741, 3831, 3858, 3895, 3899, 4077, 4120, 4204, 4283, 4407, 4632, 4801, 4807, 5021, 5060, 5251, 5376, 5390, 5666, 6024, 6065, 6215, 6584]","[1729, 4204, 4407, 4801]","[11, 205, 297, 568, 633, 773, 829, 865, 926, 1057, 1153, 1302, 1363, 1746, 1768, 1784, 1791, 2226, 2228, 2296, 2336, 2423, 2552, 2669, 2724, 2820, 2936, 3051, 3115, 3172, 3200, 3260, 3382, 3416, 3675, 3741, 3831, 3858, 3895, 3899, 4077, 4120, 4283, 4632, 4807, 5021, 5060, 5251, 5376, 5390, 5666, 6024, 6065, 6215, 6584]","[1729, 4204, 4407, 4801]",6704,59,6645,4,55,6645,0
2.0,HSCSF1PO,"[10, 314, 359, 409, 496, 522, 534, 569, 678, 779, 783, 984, 1198, 1290, 1415, 1433, 1542, 1815, 1965, 1983, 2001, 2098, 2102, 2119, 2127, 2141, 2164, 2202, 2265, 2385, 2428, 2591, 2598, 2619, 2661, 2670, 2704, 2816, 3283, 3325, 3327, 3412, 3471, 3691, 3732, 3740, 3777, 3815, 4128, 4166, 4367, 4417, 4447, 4479, 4703, 4825, 4843, 4938, 5027, 5053, 5071, 5252, 5270, 5393, 5398, 5400, 5510, 5572, 5647, 5680, 5682, 5857, 5956, 6017, 6165, 6173, 6177, 6274, 6571, 6579, 6602, 6644, 6651, 6702, 6706, 6732, 6793, 7061, 7314, 7376, 7572, 7712, 7831, 7887, 7943, 8091, 8115, 8121, 8250, 8287, 8291, 8357, 8372, 8459, 8486, 8573, 8577, 8645, 8680, 8694, 8699, 8725, 8843, 8847, 8868, 8876, 8888, 8943, 9016, 9022, 9217, 9391, 9403, 9445, 9575, 9595, 9637, 9654, 9665, 9758, 9774, 9787, 9832, 9857, 9876, 9882, 10001, 10119, 10134, 10227, 10249, 10360, 10389, 10444, 10448, 10517, 10783, 11059, 11063, 11092, 11111, 11436, 11483, 11515, 11536, 11659, 11661, 11691, 11707, 11713, 11723, 11785, 11817, 12101, 12110, 12153, 12228, 12236, 12296, 12320, 12362, 12404, 12436, 12482, 12671, 12710, 12899, 12926, 12953, 12967, 12975, 13021, 13038, 13044, 13234, 13245, 13281, 13331, 13389, 13421, 13436, 13480, 13509, 13526, 13628, 13657, 13951, 14345, 14485, 14499, 14503, 14645, 14683, 14719, 14730, 14890, 14896, 15036, 15082, 15131, 15556, 15733, 15783, 15792, 15804, 16061, 16088, 16103, 16105, 16192, 16554, 16720, 16740, 16787, 17132, 17256, 17409, 17480, 17882, 17968, 17972, 17990, 18046, 18105, 18121, 18156, 18160, 18208, 18274, 18299, 18350, 18356, 18425, 18465, 18657, 18756, 19403, 19552, 19652, 19724, 19848, 20123, 20151, 20159, 20177, 20217, 20257, 20336, 20442, 20510, 20870, 20924, 21286, 21307, 21311, 21334, 21348, 21405, 21438, 21444, 21461, 21497, 21515, 21536, 21611, 21629, 21638, 21973, 21988, 22040, 22052, 22083, 22196, 22203, 22642, 22730, 22884, 23086, 23163, 23198, 23238, 23437, 23668, 23912, 23980, 24053, 24059, 24072, 24198, 24247, 24260, 24264, 24611, 24703, 24749, 24806, 24822, 24903, 24938, 25151, 25156, 25196, 25234, 25492, 25661, 25690, 25783, 25817, 25831, 25977, 26033, 26044, 26090, 26095, 26411, 26486, 26573, 26605, 26696, 26721, 26732, 26764, 26815, 26821, 26837, 26841, 26888, 26963, 26983, 27080, 27188, 27465, 27659, 27763, 27837, 27905, 28041, 28345, 28627, 28660, 28922, 28964, 28989, 29084, 29206, 29372, 29410, 29509, 29782, 29786, 29926, 30145, 30172, 30327, 30339, 30341, 30450, 30502, 30549, 30657, 30730, 30757, 30823, 30890, 30897, 31040, 31044, 31077, 31133, 31141, 31158, 31254, 31270, 31306, 31351, 31408, 31478, 31657, 31663, 31739, 31764, 31836, 31848, 31855, 31903, 31942, 32010, 32108, 32129, 32146, 32201, 32301, 32378, 32398, 32402, 32780, 32862, 32894, 32922, 32926, 32930, 33017, 33041, 33091, 33196, 33463, 33698, 33729, 33743, 33816, 33832, 34006, 34015, 34027, 34038, 34137, 34158, 34182, 34399, 34417, 34668, 34831, 34839, 34992]","[1965, 7572, 8287, 10227, 11063, 15036, 17882, 18156, 18465, 20123, 26605, 26837, 27465, 28627, 30823, 31040, 32108, 32301, 33091, 34006]","[10, 314, 359, 409, 496, 522, 534, 569, 678, 779, 783, 984, 1198, 1290, 1415, 1433, 1542, 1815, 1983, 2001, 2098, 2102, 2119, 2127, 2141, 2164, 2202, 2265, 2385, 2428, 2591, 2598, 2619, 2661, 2670, 2704, 2816, 3283, 3325, 3327, 3412, 3471, 3691, 3732, 3740, 3777, 3815, 4128, 4166, 4367, 4417, 4447, 4479, 4703, 4825, 4843, 4938, 5027, 5053, 5071, 5252, 5270, 5393, 5398, 5400, 5510, 5572, 5647, 5680, 5682, 5857, 5956, 6017, 6165, 6173, 6177, 6274, 6571, 6579, 6602, 6644, 6651, 6702, 6706, 6732, 6793, 7061, 7314, 7376, 7712, 7831, 7887, 7943, 8091, 8115, 8121, 8250, 8291, 8357, 8372, 8459, 8486, 8573, 8577, 8645, 8680, 8694, 8699, 8725, 8843, 8847, 8868, 8876, 8888, 8943, 9016, 9022, 9217, 9391, 9403, 9445, 9575, 9595, 9637, 9654, 9665, 9758, 9774, 9787, 9832, 9857, 9876, 9882, 10001, 10119, 10134, 10249, 10360, 10389, 10444, 10448, 10517, 10783, 11059, 11092, 11111, 11436, 11483, 11515, 11536, 11659, 11661, 11691, 11707, 11713, 11723, 11785, 11817, 12101, 12110, 12153, 12228, 12236, 12296, 12320, 12362, 12404, 12436, 12482, 12671, 12710, 12899, 12926, 12953, 12967, 12975, 13021, 13038, 13044, 13234, 13245, 13281, 13331, 13389, 13421, 13436, 13480, 13509, 13526, 13628, 13657, 13951, 14345, 14485, 14499, 14503, 14645, 14683, 14719, 14730, 14890, 14896, 15082, 15131, 15556, 15733, 15783, 15792, 15804, 16061, 16088, 16103, 16105, 16192, 16554, 16720, 16740, 16787, 17132, 17256, 17409, 17480, 17968, 17972, 17990, 18046, 18105, 18121, 18160, 18208, 18274, 18299, 18350, 18356, 18425, 18657, 18756, 19403, 19552, 19652, 19724, 19848, 20151, 20159, 20177, 20217, 20257, 20336, 20442, 20510, 20870, 20924, 21286, 21307, 21311, 21334, 21348, 21405, 21438, 21444, 21461, 21497, 21515, 21536, 21611, 21629, 21638, 21973, 21988, 22040, 22052, 22083, 22196, 22203, 22642, 22730, 22884, 23086, 23163, 23198, 23238, 23437, 23668, 23912, 23980, 24053, 24059, 24072, 24198, 24247, 24260, 24264, 24611, 24703, 24749, 24806, 24822, 24903, 24938, 25151, 25156, 25196, 25234, 25492, 25661, 25690, 25783, 25817, 25831, 25977, 26033, 26044, 26090, 26095, 26411, 26486, 26573, 26696, 26721, 26732, 26764, 26815, 26821, 26841, 26888, 26963, 26983, 27080, 27188, 27659, 27763, 27837, 27905, 28041, 28345, 28660, 28922, 28964, 28989, 29084, 29206, 29372, 29410, 29509, 29782, 29786, 29926, 30145, 30172, 30327, 30339, 30341, 30450, 30502, 30549, 30657, 30730, 30757, 30890, 30897, 31044, 31077, 31133, 31141, 31158, 31254, 31270, 31306, 31351, 31408, 31478, 31657, 31663, 31739, 31764, 31836, 31848, 31855, 31903, 31942, 32010, 32129, 32146, 32201, 32378, 32398, 32402, 32780, 32862, 32894, 32922, 32926, 32930, 33017, 33041, 33196, 33463, 33698, 33729, 33743, 33816, 33832, 34015, 34027, 34038, 34137, 34158, 34182, 34399, 34417, 34668, 34831, 34839, 34992]","[1965, 7572, 8287, 10227, 11063, 15036, 17882, 18156, 18465, 20123, 26605, 26837, 27465, 28627, 30823, 31040, 32108, 32301, 33091, 34006]",35093,434,34659,20,414,34659,0
2.0,HSCST3G,"[105, 153, 213, 234, 245, 271, 330, 394, 405, 528, 536, 602, 888, 931, 936, 1006, 1145, 1190, 1227, 1285, 1307, 1310, 1328, 1535, 1661, 1920, 1932, 1981, 2195, 2234, 2262, 2342, 2563, 2592, 2767, 2806, 3064, 3120, 3155, 3159, 3178, 3329, 3423, 3443, 3451, 3468, 3509, 3520, 3526, 3592, 3694, 3740, 3783, 3803, 3845, 3865, 3869, 3879, 3883, 3928, 3930, 3934, 3938, 3948, 4047, 4063, 4077, 4087, 4111, 4117, 4123, 4129, 4151, 4173, 4229, 4300, 4601, 4620, 4720, 4741, 4793, 4813, 5034, 5038, 5241, 5248, 5374, 5518, 5526, 5573, 5594, 5647, 5990, 6189, 6231, 6293, 6448, 6521, 6582, 6589, 6610, 6632, 6743, 6782, 6814, 6852, 6921, 7112, 7200, 7212]","[1328, 3694]","[105, 153, 213, 234, 245, 271, 330, 394, 405, 528, 536, 602, 888, 931, 936, 1006, 1145, 1190, 1227, 1285, 1307, 1310, 1535, 1661, 1920, 1932, 1981, 2195, 2234, 2262, 2342, 2563, 2592, 2767, 2806, 3064, 3120, 3155, 3159, 3178, 3329, 3423, 3443, 3451, 3468, 3509, 3520, 3526, 3592, 3740, 3783, 3803, 3845, 3865, 3869, 3879, 3883, 3928, 3930, 3934, 3938, 3948, 4047, 4063, 4077, 4087, 4111, 4117, 4123, 4129, 4151, 4173, 4229, 4300, 4601, 4620, 4720, 4741, 4793, 4813, 5034, 5038, 5241, 5248, 5374, 5518, 5526, 5573, 5594, 5647, 5990, 6189, 6231, 6293, 6448, 6521, 6582, 6589, 6610, 6632, 6743, 6782, 6814, 6852, 6921, 7112, 7200, 7212]","[1328, 3694]",7285,110,7175,2,108,7175,0
2.0,HSCYCLA,"[55, 274, 407, 678, 1029, 1049, 1098, 1102, 1111, 1333, 1393, 1422, 1524, 1530, 1547, 1589, 1593, 1604, 1722, 1861, 2313, 2406, 2439, 2509, 2782, 2940, 2954, 3031, 3441, 3463, 3668, 3683, 3731, 3877, 3962, 3999, 4024, 4034, 4111, 4168, 4182, 4239, 4266, 4464, 4475, 4520, 4538, 4614, 4680, 4850, 5022, 5338, 5365, 5376, 5389, 5439, 5478, 5670, 5728, 5742, 5911, 6059, 6070, 6160, 6181, 6291, 6294, 6323, 6483, 6667, 6866, 6906, 6910, 6982, 7024, 7103, 7200, 7439, 7622, 7637, 7654, 7931, 7956, 7973, 8023, 8050, 8113]","[1393, 2406, 3731, 4168, 5338, 5911, 6667]","[55, 274, 407, 678, 1029, 1049, 1098, 1102, 1111, 1333, 1422, 1524, 1530, 1547, 1589, 1593, 1604, 1722, 1861, 2313, 2439, 2509, 2782, 2940, 2954, 3031, 3441, 3463, 3668, 3683, 3877, 3962, 3999, 4024, 4034, 4111, 4182, 4239, 4266, 4464, 4475, 4520, 4538, 4614, 4680, 4850, 5022, 5365, 5376, 5389, 5439, 5478, 5670, 5728, 5742, 6059, 6070, 6160, 6181, 6291, 6294, 6323, 6483, 6866, 6906, 6910, 6982, 7024, 7103, 7200, 7439, 7622, 7637, 7654, 7931, 7956, 7973, 8023, 8050, 8113]","[1393, 2406, 3731, 4168, 5338, 5911, 6667]",8356,87,8269,7,80,8269,0
2.0,HSCYP216,"[255, 302, 360, 404, 442, 567, 629, 665, 874, 879, 908, 1088, 1260, 1278, 1466, 1475, 1771, 1836, 1888, 1917, 1996, 2082, 2153, 2215, 2239, 2371, 2402, 2406, 2549, 2599, 2710]","[255, 442, 879, 1088, 1278, 1466, 1836, 2215, 2402]","[302, 360, 404, 567, 629, 665, 874, 908, 1260, 1475, 1771, 1888, 1917, 1996, 2082, 2153, 2239, 2371, 2406, 2549, 2599, 2710]","[255, 442, 879, 1088, 1278, 1466, 1836, 2215, 2402]",2764,31,2733,9,22,2733,0
2.0,HSCYP45C,"[138, 185, 227, 263, 661, 731, 805, 810, 828, 947, 1020, 1256, 1300, 1353, 1477, 1659, 1688, 1772, 1830, 1850, 1977, 2048, 2179, 2612, 2638, 2667, 2728, 2854, 2918, 3045, 3268, 3358, 3538, 3542, 3554, 3642, 3646, 3674, 3679, 3695, 3731, 3745, 3975, 4189, 4323, 4369, 4405, 4469, 4603, 4680, 4690, 4942, 4963, 4970, 5008, 5290, 5333, 5447, 5624, 5758, 5773, 5801, 5805, 5826, 6016, 6081, 6248, 6517, 6525, 6562, 6642, 6648, 6694, 6726, 6864, 6935, 7081, 7087, 7165, 7202, 7327, 7429]","[4942, 5624, 5801, 6016, 6248]","[138, 185, 227, 263, 661, 731, 805, 810, 828, 947, 1020, 1256, 1300, 1353, 1477, 1659, 1688, 1772, 1830, 1850, 1977, 2048, 2179, 2612, 2638, 2667, 2728, 2854, 2918, 3045, 3268, 3358, 3538, 3542, 3554, 3642, 3646, 3674, 3679, 3695, 3731, 3745, 3975, 4189, 4323, 4369, 4405, 4469, 4603, 4680, 4690, 4963, 4970, 5008, 5290, 5333, 5447, 5758, 5773, 5805, 5826, 6081, 6517, 6525, 6562, 6642, 6648, 6694, 6726, 6864, 6935, 7081, 7087, 7165, 7202, 7327, 7429]","[4942, 5624, 5801, 6016, 6248]",7547,82,7465,5,77,7465,0
2.0,HSCYTOK17,"[255, 396, 452, 488, 505, 581, 594, 894, 958, 982, 1422, 1427, 1572, 1709, 1764, 1822, 1864, 1951, 1963, 1969, 2079, 2147, 2208, 2304, 2309, 2342, 2382, 2401, 2571, 2582, 2774, 2819, 2850, 2857, 2928, 2935, 3008, 3066, 3073, 3131, 3158, 3171, 3245, 3249, 3257, 3288, 3382, 3457, 3468, 3588, 3601, 3609, 3625, 3693, 3935, 4000, 4019, 4046, 4123, 4320, 4479, 4795, 4818, 4840, 4972, 4987, 4991, 5246]","[581, 1709, 2304, 3066, 3693, 4000, 4123]","[255, 396, 452, 488, 505, 594, 894, 958, 982, 1422, 1427, 1572, 1764, 1822, 1864, 1951, 1963, 1969, 2079, 2147, 2208, 2309, 2342, 2382, 2401, 2571, 2582, 2774, 2819, 2850, 2857, 2928, 2935, 3008, 3073, 3131, 3158, 3171, 3245, 3249, 3257, 3288, 3382, 3457, 3468, 3588, 3601, 3609, 3625, 3935, 4019, 4046, 4320, 4479, 4795, 4818, 4840, 4972, 4987, 4991, 5246]","[581, 1709, 2304, 3066, 3693, 4000, 4123]",5253,68,5185,7,61,5185,0
2.0,HSCYTOK20,"[60, 116, 122, 203, 647, 681, 729, 1063, 1085, 1277, 1691, 1871, 2073, 2091, 2134, 2166, 2212, 2287, 2321, 2418, 2423, 2515, 2526, 2589, 2601, 2644, 3128, 3978, 4019, 4075, 4111, 4131, 4134, 4468, 4531, 4732, 4742, 4752, 4869, 5003, 5047, 5152, 5205, 5281, 5352, 5699, 6228, 6555, 6699, 6824, 7135, 7290, 7458, 7512, 7646, 7660, 7789, 7897, 7943, 7963, 8053, 8061, 8134, 8443, 8449, 8722, 8760, 8856, 8860, 8864, 9159, 9313, 9470, 9491, 9573, 9642, 9926, 9984, 10005, 10271, 10304, 10451, 10620, 10714, 10828, 10916, 10968, 11052, 11083, 11131, 11206, 11346, 11408, 11421, 11428, 11458, 11499, 11503, 11935, 11940, 11966, 11978, 12125, 12146, 12458, 12705, 12778, 12783, 12902, 12915, 13053, 13300, 13421, 13706, 13847, 13941, 14030, 14034, 14099, 14349, 14477, 14592, 14934, 15045, 15154, 15297, 15302, 15384, 15899, 15935, 15989, 16025, 16129, 16190, 16305, 16343, 16347, 16419, 16498, 16586, 16620, 16625, 16791, 17070, 17174, 17199, 17254, 18043]","[5281, 7512, 9470, 9984, 10271, 11940, 12705]","[60, 116, 122, 203, 647, 681, 729, 1063, 1085, 1277, 1691, 1871, 2073, 2091, 2134, 2166, 2212, 2287, 2321, 2418, 2423, 2515, 2526, 2589, 2601, 2644, 3128, 3978, 4019, 4075, 4111, 4131, 4134, 4468, 4531, 4732, 4742, 4752, 4869, 5003, 5047, 5152, 5205, 5352, 5699, 6228, 6555, 6699, 6824, 7135, 7290, 7458, 7646, 7660, 7789, 7897, 7943, 7963, 8053, 8061, 8134, 8443, 8449, 8722, 8760, 8856, 8860, 8864, 9159, 9313, 9491, 9573, 9642, 9926, 10005, 10304, 10451, 10620, 10714, 10828, 10916, 10968, 11052, 11083, 11131, 11206, 11346, 11408, 11421, 11428, 11458, 11499, 11503, 11935, 11966, 11978, 12125, 12146, 12458, 12778, 12783, 12902, 12915, 13053, 13300, 13421, 13706, 13847, 13941, 14030, 14034, 14099, 14349, 14477, 14592, 14934, 15045, 15154, 15297, 15302, 15384, 15899, 15935, 15989, 16025, 16129, 16190, 16305, 16343, 16347, 16419, 16498, 16586, 16620, 16625, 16791, 17070, 17174, 17199, 17254, 18043]","[5281, 7512, 9470, 9984, 10271, 11940, 12705]",18054,148,17906,7,141,17906,0
2.0,HSDAO,"[19, 129, 158, 277, 413, 537, 588, 956, 1035, 1080, 1111, 1177, 1263, 1329, 1381, 1437, 1526, 1552, 1635, 1654, 1665, 1699, 1710, 1738, 1742, 1751, 2046, 2183, 2197, 2229, 2345, 2351, 2551, 2582, 2775, 2877, 2881, 2914, 2941, 2974, 3084, 3142, 3156, 3236, 3303, 3597, 3617, 3633, 3885, 3987, 4089, 4423, 4465, 4584, 4623, 5092, 5121, 5135, 5166, 5254, 5296, 5427, 5561, 5566, 5611, 5627, 5744, 5903, 5929, 5965, 6165, 6200, 6206, 6275, 6426, 6592, 6684, 6696, 6911, 6983, 7299, 7384, 7431, 7461, 7478, 7548, 7562, 7594, 7619, 7656, 7727, 7736, 7766, 7871, 7903, 8028, 8140, 8190, 8237, 8329, 8347, 8419, 8427, 8502, 8537, 8701, 8880, 8901, 9013, 9040, 9276, 9337, 9343, 9406, 9707]","[6426, 7431, 9013]","[19, 129, 158, 277, 413, 537, 588, 956, 1035, 1080, 1111, 1177, 1263, 1329, 1381, 1437, 1526, 1552, 1635, 1654, 1665, 1699, 1710, 1738, 1742, 1751, 2046, 2183, 2197, 2229, 2345, 2351, 2551, 2582, 2775, 2877, 2881, 2914, 2941, 2974, 3084, 3142, 3156, 3236, 3303, 3597, 3617, 3633, 3885, 3987, 4089, 4423, 4465, 4584, 4623, 5092, 5121, 5135, 5166, 5254, 5296, 5427, 5561, 5566, 5611, 5627, 5744, 5903, 5929, 5965, 6165, 6200, 6206, 6275, 6592, 6684, 6696, 6911, 6983, 7299, 7384, 7461, 7478, 7548, 7562, 7594, 7619, 7656, 7727, 7736, 7766, 7871, 7903, 8028, 8140, 8190, 8237, 8329, 8347, 8419, 8427, 8502, 8537, 8701, 8880, 8901, 9040, 9276, 9337, 9343, 9406, 9707]","[6426, 7431, 9013]",9896,115,9781,3,112,9781,0
2.0,HSERPG,"[93, 143, 516, 563, 628, 711, 765, 831, 868, 1015, 1020, 1115, 1303, 1340, 1683, 1774, 1900, 1943, 2026, 2069, 2119, 2253, 2290, 2294, 2389, 2423, 2474, 2478, 2509, 2768, 3152, 3230]","[628, 1340, 1683, 2474]","[93, 143, 516, 563, 711, 765, 831, 868, 1015, 1020, 1115, 1303, 1774, 1900, 1943, 2026, 2069, 2119, 2253, 2290, 2294, 2389, 2423, 2478, 2509, 2768, 3152, 3230]","[628, 1340, 1683, 2474]",3391,32,3359,4,28,3359,0
2.0,HSFAU1,"[80, 273, 327, 335, 343, 375, 415, 432, 484, 505, 547, 559, 655, 824, 857, 870, 947, 1043, 1096, 1100, 1123, 1129, 1140, 1186, 1349, 1535, 1557, 1592, 1599, 1613, 1617, 1741, 1787, 1821, 2004]","[857, 1096, 1613]","[80, 273, 327, 335, 343, 375, 415, 432, 484, 505, 547, 559, 655, 824, 870, 947, 1043, 1100, 1123, 1129, 1140, 1186, 1349, 1535, 1557, 1592, 1599, 1617, 1741, 1787, 1821, 2004]","[857, 1096, 1613]",2009,35,1974,3,32,1974,0
2.0,HSFESFPS,"[8, 13, 55, 292, 353, 507, 513, 543, 608, 614, 663, 728, 738, 771, 791, 856, 872, 1142, 1227, 1248, 1252, 1553, 1650, 1781, 1827, 1889, 1980, 2210, 2415, 2580, 2695, 2752, 2790, 2821, 2961, 3003, 3023, 3083, 3180, 3184, 3235, 3336, 3435, 3637, 3645, 3726, 3769, 3797, 3873, 3911, 3923, 3982, 4008, 4027, 4510, 4522, 4532, 4547, 4580, 4663, 5028, 5154, 5307, 5319, 5399, 5405, 5534, 5598, 5658, 5706, 5795, 5924, 6054, 6108, 6240, 6445, 6682, 6767, 6835, 6970, 6999, 7027, 7063, 7089, 7098, 7102, 7150, 7230, 7330, 7345, 7516, 7634, 7686, 7690, 7757, 7789, 7836, 7851, 8020, 8024, 8052, 8069, 8073, 8349, 8546, 8582, 8598, 8640, 8720, 8782, 8786, 8927, 9087, 9151, 9176, 9193, 9198, 9294, 9315, 9371, 9382, 9424, 9635, 9734, 9768, 10015, 10314, 10328, 10360, 10445, 10483, 10581, 10586, 10626, 10652, 10664, 10699, 10796, 10882, 10953, 10965, 10996, 11000, 11068, 11079, 11128, 11196, 11300, 11349, 11511, 11558, 11788, 11822, 11865, 12020, 12024, 12034, 12062, 12225]","[1227, 1553, 3023, 3336, 5405, 5598, 5924, 6240, 6445, 7150, 7634, 8069, 8782, 9151, 9371, 9768, 10015]","[8, 13, 55, 292, 353, 507, 513, 543, 608, 614, 663, 728, 738, 771, 791, 856, 872, 1142, 1248, 1252, 1650, 1781, 1827, 1889, 1980, 2210, 2415, 2580, 2695, 2752, 2790, 2821, 2961, 3003, 3083, 3180, 3184, 3235, 3435, 3637, 3645, 3726, 3769, 3797, 3873, 3911, 3923, 3982, 4008, 4027, 4510, 4522, 4532, 4547, 4580, 4663, 5028, 5154, 5307, 5319, 5399, 5534, 5658, 5706, 5795, 6054, 6108, 6682, 6767, 6835, 6970, 6999, 7027, 7063, 7089, 7098, 7102, 7230, 7330, 7345, 7516, 7686, 7690, 7757, 7789, 7836, 7851, 8020, 8024, 8052, 8073, 8349, 8546, 8582, 8598, 8640, 8720, 8786, 8927, 9087, 9176, 9193, 9198, 9294, 9315, 9382, 9424, 9635, 9734, 10314, 10328, 10360, 10445, 10483, 10581, 10586, 10626, 10652, 10664, 10699, 10796, 10882, 10953, 10965, 10996, 11000, 11068, 11079, 11128, 11196, 11300, 11349, 11511, 11558, 11788, 11822, 11865, 12020, 12024, 12034, 12062, 12225]","[1227, 1553, 3023, 3336, 5405, 5598, 5924, 6240, 6445, 7150, 7634, 8069, 8782, 9151, 9371, 9768, 10015]",12256,159,12097,17,142,12097,0
2.0,HSGCSFG,"[82, 264, 404, 461, 540, 690, 735, 739, 744, 748, 774, 894, 970, 989, 1158, 1230, 1521, 1586, 1811, 1999, 2040, 2048, 2121, 2180, 2296, 2319, 2481, 2514, 2553, 2590, 2736, 2759, 2770, 2790, 2802]","[404, 744, 1230, 1521]","[82, 264, 461, 540, 690, 735, 739, 748, 774, 894, 970, 989, 1158, 1586, 1811, 1999, 2040, 2048, 2121, 2180, 2296, 2319, 2481, 2514, 2553, 2590, 2736, 2759, 2770, 2790, 2802]","[404, 744, 1230, 1521]",2953,35,2918,4,31,2918,0
2.0,HSGEBCMA,"[141, 334, 607, 639, 700, 888, 970, 983, 988, 1036, 1050, 1082, 1137, 1194, 1206, 1294, 1349, 1496, 1508, 1545, 1642, 1648, 1697, 1831, 2106, 2128, 2292, 2331, 2430, 2528, 2538, 2587, 2679, 2766, 2820, 2989, 3234, 3273, 3279, 3292, 3352, 3409, 3441, 3489, 3552, 3607, 3650]","[607, 1496]","[141, 334, 639, 700, 888, 970, 983, 988, 1036, 1050, 1082, 1137, 1194, 1206, 1294, 1349, 1508, 1545, 1642, 1648, 1697, 1831, 2106, 2128, 2292, 2331, 2430, 2528, 2538, 2587, 2679, 2766, 2820, 2989, 3234, 3273, 3279, 3292, 3352, 3409, 3441, 3489, 3552, 3607, 3650]","[607, 1496]",3720,47,3673,2,45,3673,0
2.0,HSGGL2,"[164, 202, 212, 433, 547, 630, 632, 662, 773, 812, 882, 933, 1055, 1067, 1119, 1149, 1195, 1333, 1431, 1476, 1500]","[202, 547]","[164, 212, 433, 630, 632, 662, 773, 812, 882, 933, 1055, 1067, 1119, 1149, 1195, 1333, 1431, 1476, 1500]","[202, 547]",1621,21,1600,2,19,1600,0
2.0,HSGLA,"[8, 75, 94, 121, 149, 184, 302, 779, 821, 852, 868, 885, 901, 937, 955, 995, 1002, 1020, 1102, 1374, 1388, 1422, 1822, 1826, 2011, 2037, 2148, 2244, 2339, 2363, 2370, 2444, 2472, 2494, 2499, 2840, 3129, 3131, 3192, 3422, 3424, 3717, 4032, 4062, 4106, 4149, 4165, 4224, 4267, 4397, 4435, 4469, 4608, 5022, 5040, 5093, 5269, 5308, 5419, 5451, 5500, 5563, 5575, 5717, 5731, 5821, 6208, 6672, 6706, 6740, 6784, 6884, 6958, 6983, 7136, 7164, 7241, 7447, 7846, 7915, 8012, 8044, 8167, 8378, 8413, 8421, 8843, 9335, 9641, 9921, 10089, 10293, 10329, 10359, 10369, 10395, 10453, 10654, 10692, 10708, 11096, 11342, 11400, 11432, 11472, 11689, 11761, 11832, 11840, 12168, 12200, 12244, 12322, 12358]","[1374, 5269, 7447, 8413, 10293, 10708]","[8, 75, 94, 121, 149, 184, 302, 779, 821, 852, 868, 885, 901, 937, 955, 995, 1002, 1020, 1102, 1388, 1422, 1822, 1826, 2011, 2037, 2148, 2244, 2339, 2363, 2370, 2444, 2472, 2494, 2499, 2840, 3129, 3131, 3192, 3422, 3424, 3717, 4032, 4062, 4106, 4149, 4165, 4224, 4267, 4397, 4435, 4469, 4608, 5022, 5040, 5093, 5308, 5419, 5451, 5500, 5563, 5575, 5717, 5731, 5821, 6208, 6672, 6706, 6740, 6784, 6884, 6958, 6983, 7136, 7164, 7241, 7846, 7915, 8012, 8044, 8167, 8378, 8421, 8843, 9335, 9641, 9921, 10089, 10329, 10359, 10369, 10395, 10453, 10654, 10692, 11096, 11342, 11400, 11432, 11472, 11689, 11761, 11832, 11840, 12168, 12200, 12244, 12322, 12358]","[1374, 5269, 7447, 8413, 10293, 10708]",12429,114,12315,6,108,12315,0
2.0,HSGROW2,"[12, 92, 175, 211, 345, 433, 462, 471, 762, 781, 807, 899, 951, 1091, 1276, 1349, 1920]","[345, 762, 1091, 1349]","[12, 92, 175, 211, 433, 462, 471, 781, 807, 899, 951, 1276, 1920]","[345, 762, 1091, 1349]",1957,17,1940,4,13,1940,0
2.0,HSGSTM4,"[18, 37, 41, 73, 117, 163, 207, 217, 228, 248, 391, 462, 466, 522, 578, 679, 692, 778, 874, 878, 907, 1088, 1262, 1268, 1283, 1296, 1346, 1357, 1458, 1785, 1793, 2098, 2142, 2232, 2350, 2453, 2469, 2670, 2856, 2907, 2960, 3139, 3202, 3246, 3254, 3277, 3366, 3428, 3430, 3484, 3511, 3516, 3532, 3623, 3766, 3773, 3933, 3953, 3984, 3991, 4159, 4183, 4343, 4351, 4381, 4404, 4445, 4499, 4648]","[37, 391, 874, 1262, 1458, 2469, 2670]","[18, 41, 73, 117, 163, 207, 217, 228, 248, 462, 466, 522, 578, 679, 692, 778, 878, 907, 1088, 1268, 1283, 1296, 1346, 1357, 1785, 1793, 2098, 2142, 2232, 2350, 2453, 2856, 2907, 2960, 3139, 3202, 3246, 3254, 3277, 3366, 3428, 3430, 3484, 3511, 3516, 3532, 3623, 3766, 3773, 3933, 3953, 3984, 3991, 4159, 4183, 4343, 4351, 4381, 4404, 4445, 4499, 4648]","[37, 391, 874, 1262, 1458, 2469, 2670]",4835,69,4766,7,62,4766,0
2.0,HSGTRH,"[143, 442, 515, 536, 599, 778, 834, 940, 1000, 1193, 1251, 1293, 1301, 1615, 1847, 1927, 1965, 2111, 2205, 2322, 2431, 2457, 2502, 2809, 2814, 3141, 3732, 3816, 3862, 3949, 4747, 4969, 5548, 5598, 5640, 5645, 5711, 5758, 5766, 5904, 5921, 5926, 6094, 6244, 6256, 6275, 6449, 6552, 6762]","[2205, 3816]","[143, 442, 515, 536, 599, 778, 834, 940, 1000, 1193, 1251, 1293, 1301, 1615, 1847, 1927, 1965, 2111, 2322, 2431, 2457, 2502, 2809, 2814, 3141, 3732, 3862, 3949, 4747, 4969, 5548, 5598, 5640, 5645, 5711, 5758, 5766, 5904, 5921, 5926, 6094, 6244, 6256, 6275, 6449, 6552, 6762]","[2205, 3816]",7217,49,7168,2,47,7168,0
2.0,HSHMG17G,"[25, 139, 156, 283, 400, 651, 845, 856, 911, 925, 1043, 1117, 1269, 1521, 1528, 1538, 1595, 1643, 1685, 1793, 1798, 2037, 2061, 2083, 2279, 2300, 2335, 2524, 2589, 2656, 2927, 2946, 3089, 3134, 3190, 3403, 3415, 3473, 3620, 3626, 3705, 3795, 3889, 3898, 3905, 4021, 4098, 4162, 4342, 4348, 4410, 4469, 4553, 4647, 4815, 4833, 4854, 4921, 4929, 4933, 5014, 5030, 5035, 5067, 5351, 5468, 5600, 5882, 5887, 5920, 5937, 5946, 6007, 6047, 6061, 6297, 6302, 6442, 6511, 6556, 6844, 6906, 7062, 7087, 7100, 7183, 7188]","[2524, 3415, 3620, 4021, 4553]","[25, 139, 156, 283, 400, 651, 845, 856, 911, 925, 1043, 1117, 1269, 1521, 1528, 1538, 1595, 1643, 1685, 1793, 1798, 2037, 2061, 2083, 2279, 2300, 2335, 2589, 2656, 2927, 2946, 3089, 3134, 3190, 3403, 3473, 3626, 3705, 3795, 3889, 3898, 3905, 4098, 4162, 4342, 4348, 4410, 4469, 4647, 4815, 4833, 4854, 4921, 4929, 4933, 5014, 5030, 5035, 5067, 5351, 5468, 5600, 5882, 5887, 5920, 5937, 5946, 6007, 6047, 6061, 6297, 6302, 6442, 6511, 6556, 6844, 6906, 7062, 7087, 7100, 7183, 7188]","[2524, 3415, 3620, 4021, 4553]",7188,87,7101,5,82,7101,0
2.0,HSHNRNPA,"[44, 49, 220, 271, 318, 458, 481, 485, 687, 707, 814, 868, 1086, 1159, 1287, 1494, 1549, 1751, 1789, 1830, 1858, 1891, 1936, 1940, 2100, 2185, 2295, 2319, 2337, 2421, 2481, 2511, 2530, 2615, 2660, 2664, 2723, 2794, 2869, 2927, 2988, 3069, 3229, 3233, 3256, 3295, 3316, 3328, 3536, 3559, 3602, 3773, 3821, 3926, 3962, 3967, 4252, 4312, 4316, 4685, 4889, 4914, 4954, 5159, 5254]","[814, 1494, 1936, 2295, 2481, 2660, 2869, 3962]","[44, 49, 220, 271, 318, 458, 481, 485, 687, 707, 868, 1086, 1159, 1287, 1549, 1751, 1789, 1830, 1858, 1891, 1940, 2100, 2185, 2319, 2337, 2421, 2511, 2530, 2615, 2664, 2723, 2794, 2927, 2988, 3069, 3229, 3233, 3256, 3295, 3316, 3328, 3536, 3559, 3602, 3773, 3821, 3926, 3967, 4252, 4312, 4316, 4685, 4889, 4914, 4954, 5159, 5254]","[814, 1494, 1936, 2295, 2481, 2660, 2869, 3962]",5361,65,5296,8,57,5296,0
2.0,HSHOX51,"[9, 117, 204, 268, 282, 340, 427, 460, 517, 578, 688, 698, 703, 752, 760, 856, 862, 1032, 1043, 1278, 1300, 1351, 1425, 1475, 1547, 1640, 1651, 1675, 1791, 1959, 2036, 2042, 2052, 2120, 2126, 2130, 2201, 2230, 2246, 2260, 2347, 2393, 2397, 2401, 2415, 2419, 2425, 2519, 2611, 2690, 2930, 3022, 3067, 3242, 3320, 3341, 3361, 3389, 3558, 3601, 3803, 3974, 3985, 4015, 4023, 4454, 4575, 4600, 4643, 4748, 4921, 4940, 5095, 5208, 5604, 5678, 5817, 5898, 6047, 6073, 6206, 6276]",[2052],"[9, 117, 204, 268, 282, 340, 427, 460, 517, 578, 688, 698, 703, 752, 760, 856, 862, 1032, 1043, 1278, 1300, 1351, 1425, 1475, 1547, 1640, 1651, 1675, 1791, 1959, 2036, 2042, 2120, 2126, 2130, 2201, 2230, 2246, 2260, 2347, 2393, 2397, 2401, 2415, 2419, 2425, 2519, 2611, 2690, 2930, 3022, 3067, 3242, 3320, 3341, 3361, 3389, 3558, 3601, 3803, 3974, 3985, 4015, 4023, 4454, 4575, 4600, 4643, 4748, 4921, 4940, 5095, 5208, 5604, 5678, 5817, 5898, 6047, 6073, 6206, 6276]",[2052],6298,82,6216,1,81,6216,0
2.0,HSHSC70,"[27, 31, 41, 54, 59, 63, 119, 229, 305, 332, 456, 470, 499, 681, 689, 777, 852, 913, 1062, 1091, 1194, 1245, 1313, 1419, 1449, 1488, 1644, 1716, 1773, 1778, 1790, 1923, 1931, 1988, 2052, 2250, 2254, 2337, 2377, 2427, 2533, 2550, 2563, 2587, 2781, 2887, 2893, 2902, 2938, 3054, 3188, 3293, 3307, 3692, 3734, 3793, 3841, 3908, 3964, 4114, 4169, 4197, 4253, 4329, 4343, 4735, 4819, 4910, 4919, 4929, 5017, 5141, 5145, 5194, 5253, 5291, 5330, 5378]","[1245, 1773, 2250, 2893, 3307, 3734, 4114]","[27, 31, 41, 54, 59, 63, 119, 229, 305, 332, 456, 470, 499, 681, 689, 777, 852, 913, 1062, 1091, 1194, 1313, 1419, 1449, 1488, 1644, 1716, 1778, 1790, 1923, 1931, 1988, 2052, 2254, 2337, 2377, 2427, 2533, 2550, 2563, 2587, 2781, 2887, 2902, 2938, 3054, 3188, 3293, 3692, 3793, 3841, 3908, 3964, 4169, 4197, 4253, 4329, 4343, 4735, 4819, 4910, 4919, 4929, 5017, 5141, 5145, 5194, 5253, 5291, 5330, 5378]","[1245, 1773, 2250, 2893, 3307, 3734, 4114]",5401,78,5323,7,71,5323,0
2.0,HSIFNAR,"[92, 109, 197, 329, 346, 352, 365, 394, 429, 485, 549, 568, 583, 616, 631, 654, 669, 712, 731, 830, 869, 1043, 1122, 1139, 1190, 1218, 1356, 1404, 1420, 1437, 1508, 1517, 1540, 1544, 1597, 1942, 2036, 2165, 2167, 2445, 2605, 2612, 2623, 2632, 2680, 2684, 2696, 2747, 2807, 2811, 2948, 2978, 2990, 3071, 3297, 3337, 3579, 3603, 4014, 4103, 4124, 4183, 4272, 4315, 4458, 4481, 4549, 4612, 4742, 4808, 5056, 5061, 5097, 5135, 5386, 5468, 5712, 5843, 6393, 6407, 6710, 6838, 7361, 7409, 7631, 7694, 7698, 7702, 7816, 7976, 8096, 8112, 8182, 8443, 8569, 8594, 9047, 9219, 9252, 9566, 9606, 9829, 9861, 9877, 9963, 10270, 10318, 10402, 10414, 10423, 10427, 10463, 10504, 10507, 10517, 10612, 10677, 10789, 10800, 11127, 11201, 11268, 11325, 11634, 11655, 11664, 11687, 11723, 11832, 12012, 12416, 12445, 12704, 12838, 13065, 13264, 13691, 13828, 13884, 14006, 14050, 14096, 14124, 14172, 14247, 14282, 14436, 14517, 14793, 14795, 14937, 14942, 15058, 15159, 15196, 15387, 15464, 15482, 15686, 16062, 16084, 16580, 16909, 16944, 17164, 17279, 17651, 17681, 17725, 17884, 17942, 17992, 18117, 18183, 18205, 18394, 18426, 18564, 18886, 18913, 19121, 19180, 19188, 19220, 19442, 19690, 19846, 19858, 19910, 19999, 20023, 20036, 20088, 20153, 20240, 20346, 20452, 20795, 20837, 20839, 21052, 21132, 21239, 21243, 21261, 21610, 21714, 21850, 22130, 22134, 22183, 22300, 22338, 22373, 22532, 22538, 22586, 22644, 22719, 22774, 23043, 23136, 23180, 23369, 23639, 23705, 23732, 23766, 23783, 23787, 23948, 23985, 24341, 24345, 24359, 24515, 24550, 24742, 24942, 25061, 25222, 25314, 25368, 25416, 25555, 25592, 25618, 25630, 25666, 25777, 26285, 26450, 26578, 26649, 26704, 26892, 26897, 27001, 27206, 27236, 27240, 27263, 27380, 27744, 27840, 27880, 27952, 28142, 28192, 28272, 28315, 28350, 28422, 28489, 28657, 28661, 28679, 28868, 29018, 29032, 29084, 29168, 29232, 29366, 29554, 29629, 29672, 29885, 29899, 30041, 30053, 30088, 30118, 30131, 30203, 30214, 30400, 30452, 30489, 30497, 30582, 30854, 30881, 30937, 30949, 30998, 31290, 31572, 31604, 31644, 31715, 31727, 31761, 31769, 31918, 32103, 32399, 32446, 32488]","[830, 11325, 16944, 19188, 19442, 21132, 25061, 25314, 28679, 29554]","[92, 109, 197, 329, 346, 352, 365, 394, 429, 485, 549, 568, 583, 616, 631, 654, 669, 712, 731, 869, 1043, 1122, 1139, 1190, 1218, 1356, 1404, 1420, 1437, 1508, 1517, 1540, 1544, 1597, 1942, 2036, 2165, 2167, 2445, 2605, 2612, 2623, 2632, 2680, 2684, 2696, 2747, 2807, 2811, 2948, 2978, 2990, 3071, 3297, 3337, 3579, 3603, 4014, 4103, 4124, 4183, 4272, 4315, 4458, 4481, 4549, 4612, 4742, 4808, 5056, 5061, 5097, 5135, 5386, 5468, 5712, 5843, 6393, 6407, 6710, 6838, 7361, 7409, 7631, 7694, 7698, 7702, 7816, 7976, 8096, 8112, 8182, 8443, 8569, 8594, 9047, 9219, 9252, 9566, 9606, 9829, 9861, 9877, 9963, 10270, 10318, 10402, 10414, 10423, 10427, 10463, 10504, 10507, 10517, 10612, 10677, 10789, 10800, 11127, 11201, 11268, 11634, 11655, 11664, 11687, 11723, 11832, 12012, 12416, 12445, 12704, 12838, 13065, 13264, 13691, 13828, 13884, 14006, 14050, 14096, 14124, 14172, 14247, 14282, 14436, 14517, 14793, 14795, 14937, 14942, 15058, 15159, 15196, 15387, 15464, 15482, 15686, 16062, 16084, 16580, 16909, 17164, 17279, 17651, 17681, 17725, 17884, 17942, 17992, 18117, 18183, 18205, 18394, 18426, 18564, 18886, 18913, 19121, 19180, 19220, 19690, 19846, 19858, 19910, 19999, 20023, 20036, 20088, 20153, 20240, 20346, 20452, 20795, 20837, 20839, 21052, 21239, 21243, 21261, 21610, 21714, 21850, 22130, 22134, 22183, 22300, 22338, 22373, 22532, 22538, 22586, 22644, 22719, 22774, 23043, 23136, 23180, 23369, 23639, 23705, 23732, 23766, 23783, 23787, 23948, 23985, 24341, 24345, 24359, 24515, 24550, 24742, 24942, 25222, 25368, 25416, 25555, 25592, 25618, 25630, 25666, 25777, 26285, 26450, 26578, 26649, 26704, 26892, 26897, 27001, 27206, 27236, 27240, 27263, 27380, 27744, 27840, 27880, 27952, 28142, 28192, 28272, 28315, 28350, 28422, 28489, 28657, 28661, 28868, 29018, 29032, 29084, 29168, 29232, 29366, 29629, 29672, 29885, 29899, 30041, 30053, 30088, 30118, 30131, 30203, 30214, 30400, 30452, 30489, 30497, 30582, 30854, 30881, 30937, 30949, 30998, 31290, 31572, 31604, 31644, 31715, 31727, 31761, 31769, 31918, 32103, 32399, 32446, 32488]","[830, 11325, 16944, 19188, 19442, 21132, 25061, 25314, 28679, 29554]",32899,319,32580,10,309,32580,0
2.0,HSIFNG,"[55, 63, 91, 136, 149, 293, 318, 343, 589, 593, 835, 867, 899, 955, 976, 1047, 1182, 1897, 2175, 2330, 2347, 2364, 2368, 2403, 2413, 2431, 2442, 2446, 2577, 2771, 3213, 3302, 3350, 3516, 3631, 3636, 3667, 3690, 3742, 3786, 3833, 3962, 3996, 4115, 4278, 4392, 4463, 4482, 4600, 4648, 5070, 5167, 5305, 5346, 5708, 5853, 5910]","[589, 1897, 2175]","[55, 63, 91, 136, 149, 293, 318, 343, 593, 835, 867, 899, 955, 976, 1047, 1182, 2330, 2347, 2364, 2368, 2403, 2413, 2431, 2442, 2446, 2577, 2771, 3213, 3302, 3350, 3516, 3631, 3636, 3667, 3690, 3742, 3786, 3833, 3962, 3996, 4115, 4278, 4392, 4463, 4482, 4600, 4648, 5070, 5167, 5305, 5346, 5708, 5853, 5910]","[589, 1897, 2175]",5954,57,5897,3,54,5897,0
2.0,HSIL1AG,"[730, 826, 916, 1213, 1489, 1617, 1730, 1830, 1915, 1987, 2208, 2441, 2641, 2797, 2949, 2992, 3019, 3067, 3071, 3215, 3356, 3474, 3519, 3535, 3576, 3631, 3698, 3708, 3939, 4118, 4326, 4373, 4447, 4840, 4847, 5019, 5155, 5318, 5343, 5347, 5548, 5552, 5580, 6116, 6433, 6662, 6888, 7173, 7224, 7384, 7604, 7666, 7681, 7897, 7940, 8025, 8132, 8510, 8514, 8526, 8601, 8615, 8846, 8873, 8891, 8931, 8943, 8977, 8989, 9023, 9035, 9069, 9081, 9115, 9174, 9290, 9431, 9436, 9539, 9554, 9775, 9779, 9789, 9793, 9875, 10013, 10321, 10324, 10428, 10487, 10491, 10538, 10592, 10633, 11038, 11229, 11686, 11703, 11793]","[2208, 3215, 4326, 6433, 7940]","[730, 826, 916, 1213, 1489, 1617, 1730, 1830, 1915, 1987, 2441, 2641, 2797, 2949, 2992, 3019, 3067, 3071, 3356, 3474, 3519, 3535, 3576, 3631, 3698, 3708, 3939, 4118, 4373, 4447, 4840, 4847, 5019, 5155, 5318, 5343, 5347, 5548, 5552, 5580, 6116, 6662, 6888, 7173, 7224, 7384, 7604, 7666, 7681, 7897, 8025, 8132, 8510, 8514, 8526, 8601, 8615, 8846, 8873, 8891, 8931, 8943, 8977, 8989, 9023, 9035, 9069, 9081, 9115, 9174, 9290, 9431, 9436, 9539, 9554, 9775, 9779, 9789, 9793, 9875, 10013, 10321, 10324, 10428, 10487, 10491, 10538, 10592, 10633, 11038, 11229, 11686, 11703, 11793]","[2208, 3215, 4326, 6433, 7940]",11963,99,11864,5,94,11864,0
2.0,HSIL1B,"[74, 735, 767, 821, 865, 935, 1268, 1296, 1352, 1446, 1515, 1519, 1551, 1565, 1585, 1636, 1710, 1855, 2006, 2034, 2073, 2240, 2466, 2490, 2528, 2653, 2861, 3144, 3269, 3339, 3365, 3565, 3879, 3903, 3916, 4234, 4276, 4383, 4393, 4477, 4485, 4492, 4496, 4554, 4559, 4749, 4833, 5220, 5327, 5427, 5584, 5599, 5657, 5783, 5927, 5975, 6039, 6361, 6530, 6550, 6555, 6576, 6728, 6876, 6896, 7121, 7166, 7225, 7311, 7406, 7410, 7538, 7849, 8033, 8237, 8422, 8812, 8995, 9010, 9058, 9336, 9353, 9556, 9692]","[2528, 3144, 5327, 6039, 7406]","[74, 735, 767, 821, 865, 935, 1268, 1296, 1352, 1446, 1515, 1519, 1551, 1565, 1585, 1636, 1710, 1855, 2006, 2034, 2073, 2240, 2466, 2490, 2653, 2861, 3269, 3339, 3365, 3565, 3879, 3903, 3916, 4234, 4276, 4383, 4393, 4477, 4485, 4492, 4496, 4554, 4559, 4749, 4833, 5220, 5427, 5584, 5599, 5657, 5783, 5927, 5975, 6361, 6530, 6550, 6555, 6576, 6728, 6876, 6896, 7121, 7166, 7225, 7311, 7410, 7538, 7849, 8033, 8237, 8422, 8812, 8995, 9010, 9058, 9336, 9353, 9556, 9692]","[2528, 3144, 5327, 6039, 7406]",9705,84,9621,5,79,9621,0
2.0,HSINT2,"[58, 349, 439, 477, 516, 533, 1094, 1156, 1285, 1689, 1856, 1899, 1982, 2070, 2079, 2173, 2267, 2297, 2467, 2564, 2629, 2788, 2792, 3150, 3155, 3178, 3197, 3282, 3328, 3361, 3405, 3420, 3445, 3471, 3509, 3549, 3567, 3571, 3592, 3627, 3653, 3790, 4136, 4140, 4167, 4173, 4327, 4880, 4923, 5111, 5327, 5335, 5386, 6386, 6546, 6819, 6824, 6954, 7226, 7235, 7297, 7303, 7336, 7341, 7506, 7600, 7816, 7837, 7992, 8109, 8132, 8668, 8934, 8967, 8973, 9056, 9072, 9256, 9271, 9288, 9331, 9443, 9480, 9582, 9800, 9804, 9949, 10085, 10162, 10181, 10216, 10228, 10232, 10255, 10263, 10273, 10277, 10295, 10314, 10326, 10458, 10533, 10584, 10644, 10708, 10736, 10775, 10805, 10820, 10865, 10943, 11019, 11125, 11148, 11296, 11551, 11562]","[1156, 3549]","[58, 349, 439, 477, 516, 533, 1094, 1285, 1689, 1856, 1899, 1982, 2070, 2079, 2173, 2267, 2297, 2467, 2564, 2629, 2788, 2792, 3150, 3155, 3178, 3197, 3282, 3328, 3361, 3405, 3420, 3445, 3471, 3509, 3567, 3571, 3592, 3627, 3653, 3790, 4136, 4140, 4167, 4173, 4327, 4880, 4923, 5111, 5327, 5335, 5386, 6386, 6546, 6819, 6824, 6954, 7226, 7235, 7297, 7303, 7336, 7341, 7506, 7600, 7816, 7837, 7992, 8109, 8132, 8668, 8934, 8967, 8973, 9056, 9072, 9256, 9271, 9288, 9331, 9443, 9480, 9582, 9800, 9804, 9949, 10085, 10162, 10181, 10216, 10228, 10232, 10255, 10263, 10273, 10277, 10295, 10314, 10326, 10458, 10533, 10584, 10644, 10708, 10736, 10775, 10805, 10820, 10865, 10943, 11019, 11125, 11148, 11296, 11551, 11562]","[1156, 3549]",11601,117,11484,2,115,11484,0
2.0,HSL7A,"[9, 122, 229, 420, 1133, 1165, 1207, 1288, 1369, 1408, 1524, 1552, 1623, 1789, 1989, 2073, 2077, 2193, 2214, 2234, 2302, 2340, 2398, 2488, 2576, 2600, 2646, 2776, 2824, 2867, 2921, 2944, 3103, 3127, 3259, 3525, 3726, 3768, 4052, 4134, 4164, 4237, 4255, 4259, 4339, 4564, 4572, 4738, 4781, 4919, 5073, 5374, 5463]","[2073, 2867, 3525, 4164, 4572, 4919]","[9, 122, 229, 420, 1133, 1165, 1207, 1288, 1369, 1408, 1524, 1552, 1623, 1789, 1989, 2077, 2193, 2214, 2234, 2302, 2340, 2398, 2488, 2576, 2600, 2646, 2776, 2824, 2921, 2944, 3103, 3127, 3259, 3726, 3768, 4052, 4134, 4237, 4255, 4259, 4339, 4564, 4738, 4781, 5073, 5374, 5463]","[2073, 2867, 3525, 3881, 4164, 4572, 4919]",5499,53,5446,6,47,5445,1
2.0,HSLCATG,"[24, 48, 57, 73, 164, 333, 361, 819, 863, 867, 991, 1105, 1117, 1223, 1261, 1352, 1485, 1576, 1590, 1620, 1629, 1636, 1663, 1672, 1704, 1777, 1881, 2076, 2114, 2149, 2171, 2187, 2214, 2229, 2266, 2296, 2305, 2574, 2609, 2805, 2831, 3424, 3577, 3893, 3895, 3905, 3973, 4057, 4200, 4210, 4283, 4458, 4654, 4674, 4704, 4730, 4790, 4794, 4812, 4823, 5051, 5147, 5200, 5320, 5331, 5372, 5396, 5638, 5649, 5873, 5914, 5945, 6028, 6060, 6106, 6184, 6317, 6357, 6402, 6420, 6562, 6574, 6664, 6705, 6743, 6756]","[991, 1881, 2076, 2266, 2574]","[24, 48, 57, 73, 164, 333, 361, 819, 863, 867, 1105, 1117, 1223, 1261, 1352, 1485, 1576, 1590, 1620, 1629, 1636, 1663, 1672, 1704, 1777, 2114, 2149, 2171, 2187, 2214, 2229, 2296, 2305, 2609, 2805, 2831, 3424, 3577, 3893, 3895, 3905, 3973, 4057, 4200, 4210, 4283, 4458, 4654, 4674, 4704, 4730, 4790, 4794, 4812, 4823, 5051, 5147, 5200, 5320, 5331, 5372, 5396, 5638, 5649, 5873, 5914, 5945, 6028, 6060, 6106, 6184, 6317, 6357, 6402, 6420, 6562, 6574, 6664, 6705, 6743, 6756]","[991, 1881, 2076, 2266, 2574]",6894,86,6808,5,81,6808,0
2.0,HSMECDAG,"[93, 230, 298, 387, 453, 471, 716, 873, 884, 911, 923, 999, 1042, 1153, 1198, 1223, 1393, 1430, 1456, 1595, 1641, 1805, 1988, 2056, 2077, 2149, 2208, 2210, 2352, 2439, 2517, 2544, 2584, 2588, 2593, 2597, 2601, 2616, 2655, 2737, 2776, 2870, 2966, 2994, 3027, 3032, 3072, 3090, 3122, 3162, 3170, 3202, 3245, 3353, 3499, 3544, 3560, 3617, 3626, 3661, 3666, 3673, 3719, 3852, 3925, 3939, 3953, 3986, 4095, 4100, 4334, 4361]","[1393, 2517, 2776, 2966, 3544, 3852]","[93, 230, 298, 387, 453, 471, 716, 873, 884, 911, 923, 999, 1042, 1153, 1198, 1223, 1430, 1456, 1595, 1641, 1805, 1988, 2056, 2077, 2149, 2208, 2210, 2352, 2439, 2544, 2584, 2588, 2593, 2597, 2601, 2616, 2655, 2737, 2870, 2994, 3027, 3032, 3072, 3090, 3122, 3162, 3170, 3202, 3245, 3353, 3499, 3560, 3617, 3626, 3661, 3666, 3673, 3719, 3925, 3939, 3953, 3986, 4095, 4100, 4334, 4361]","[1393, 2517, 2776, 2966, 3544, 3852]",4363,72,4291,6,66,4291,0
2.0,HSMED,"[36, 46, 52, 139, 277, 307, 324, 360, 377, 413, 430, 466, 483, 519, 584, 594, 619, 636, 710, 789, 812, 896, 967, 1197, 1354, 1434, 1460, 1506, 1592, 1618, 1673, 1693, 1704, 1774, 1943, 1989, 1993, 1998, 2002, 2186, 2315, 2472, 2962, 3154, 3240, 3250, 3315, 3529, 3899, 3945, 4051, 4294, 4355, 4359, 4493, 4521, 4563, 4606, 4638, 4647, 4686, 4716, 4762, 4833, 4987, 5214, 5218, 5222]","[1354, 1943, 2315, 4716]","[36, 46, 52, 139, 277, 307, 324, 360, 377, 413, 430, 466, 483, 519, 584, 594, 619, 636, 710, 789, 812, 896, 967, 1197, 1434, 1460, 1506, 1592, 1618, 1673, 1693, 1704, 1774, 1989, 1993, 1998, 2002, 2186, 2472, 2962, 3154, 3240, 3250, 3315, 3529, 3899, 3945, 4051, 4294, 4355, 4359, 4493, 4521, 4563, 4606, 4638, 4647, 4686, 4762, 4833, 4987, 5214, 5218, 5222]","[1354, 1943, 2315, 4716]",5285,68,5217,4,64,5217,0
2.0,HSMT1H,"[20, 72, 196, 367, 383, 396, 442, 474, 544, 567, 632, 649, 816, 1128, 1409, 1475, 1479, 1518, 1934, 2078, 2125]","[816, 1475]","[20, 72, 196, 367, 383, 396, 442, 474, 544, 567, 632, 649, 1128, 1409, 1479, 1518, 1934, 2078, 2125]","[816, 1475]",2135,21,2114,2,19,2114,0
2.0,HSNCAMX1,"[188, 280, 638, 770, 846, 1147, 1174, 1256, 1266, 1352, 1518, 1550, 1609, 1737, 1764, 1794, 1975, 2111, 2177, 2183, 2245, 2271, 2302, 2310, 2373, 2381, 2419, 2427, 2464, 2470, 2486, 2519, 2537, 2557, 2576, 2585, 2791, 2808, 2868, 2898, 2917, 2958, 2974, 3004, 3655, 3718, 3743, 3748, 3879, 4077, 4142, 4157, 4190, 4322, 4385, 4608, 4750, 4778, 5065, 5218, 5461, 5488, 5515, 5830, 5916, 6024, 6051, 6192, 6218, 6233, 6247, 6315, 6319, 6440, 6582, 6983, 7061, 7076, 7228, 7251, 7316, 7444, 7569, 7640, 7727, 7785, 7795, 7852, 8033, 8107, 8171, 8177, 8198, 8454, 8529, 8552, 8809, 8967, 9025, 9068, 9083, 9248, 9325, 9349, 9369, 9373, 9474, 9486, 9522, 9571, 9724, 9863, 10015, 10066, 10087, 10153, 10269, 10317, 10424, 10507, 10537, 10722, 10803, 10897, 10962, 10972, 11249, 11316, 11474, 11478, 11509, 11640, 11667, 11698, 11710, 11726, 11800, 11806, 11870, 11875, 11939, 12005, 12072, 12283, 12287, 12313, 12467, 12508, 12519, 12550, 12702, 12786, 12815, 12902, 12924, 13030, 13049, 13302, 13357, 13408, 13487, 13505, 13609, 13684, 13743, 13774, 13819, 13843, 13893, 13909, 13913, 13980, 14002, 14016, 14055, 14064, 14600, 14936, 14990, 15056, 15353, 15542, 15602, 15745, 15914, 15945, 16237, 16257]","[1609, 4142, 4778, 5218, 6315, 6582, 6983, 7316, 7569, 7852, 8529, 8809, 9068, 9373, 9571, 10015, 10317, 10722, 11667, 12072, 12283, 12550, 12786, 13049, 13487, 13893, 14002]","[188, 280, 638, 770, 846, 1147, 1174, 1256, 1266, 1352, 1518, 1550, 1737, 1764, 1794, 1975, 2111, 2177, 2183, 2245, 2271, 2302, 2310, 2373, 2381, 2419, 2427, 2464, 2470, 2486, 2519, 2537, 2557, 2576, 2585, 2791, 2808, 2868, 2898, 2917, 2958, 2974, 3004, 3655, 3718, 3743, 3748, 3879, 4077, 4157, 4190, 4322, 4385, 4608, 4750, 5065, 5461, 5488, 5515, 5830, 5916, 6024, 6051, 6192, 6218, 6233, 6247, 6319, 6440, 7061, 7076, 7228, 7251, 7444, 7640, 7727, 7785, 7795, 8033, 8107, 8171, 8177, 8198, 8454, 8552, 8967, 9025, 9083, 9248, 9325, 9349, 9369, 9474, 9486, 9522, 9724, 9863, 10066, 10087, 10153, 10269, 10424, 10507, 10537, 10803, 10897, 10962, 10972, 11249, 11316, 11474, 11478, 11509, 11640, 11698, 11710, 11726, 11800, 11806, 11870, 11875, 11939, 12005, 12287, 12313, 12467, 12508, 12519, 12702, 12815, 12902, 12924, 13030, 13302, 13357, 13408, 13505, 13609, 13684, 13743, 13774, 13819, 13843, 13909, 13913, 13980, 14016, 14055, 14064, 14600, 14936, 14990, 15056, 15353, 15542, 15602, 15745, 15914, 15945, 16237, 16257]","[1609, 4142, 4778, 5218, 6315, 6582, 6983, 7316, 7569, 7852, 8529, 8809, 9068, 9373, 9571, 10015, 10317, 10722, 11667, 12072, 12283, 12550, 12786, 13049, 13487, 13893, 14002]",16281,188,16093,27,161,16093,0
2.0,HSNFM,"[21, 56, 163, 185, 242, 417, 432, 606, 790, 1096, 1188, 1231, 1252, 1393, 1411, 1432, 1465, 1507, 1698, 1741, 1822, 2116, 2243, 2311, 2315, 2398, 2422, 2433, 2591, 2669, 2675, 2691, 2768, 2917, 3230, 3325, 3371, 3422, 3746, 3751, 3772, 3849, 3863, 3917, 3940, 4020, 4101, 4121, 4491, 4575, 4619, 4886, 4896, 4952, 5012, 5057, 5063, 5148, 5172, 5216, 5234, 5334, 5343, 5360, 5372, 5388, 5498, 5744, 5748, 5829]","[1822, 2675]","[21, 56, 163, 185, 242, 417, 432, 606, 790, 1096, 1188, 1231, 1252, 1393, 1411, 1432, 1465, 1507, 1698, 1741, 2116, 2243, 2311, 2315, 2398, 2422, 2433, 2591, 2669, 2691, 2768, 2917, 3230, 3325, 3371, 3422, 3746, 3751, 3772, 3849, 3863, 3917, 3940, 4020, 4101, 4121, 4491, 4575, 4619, 4886, 4896, 4952, 5012, 5057, 5063, 5148, 5172, 5216, 5234, 5334, 5343, 5360, 5372, 5388, 5498, 5744, 5748, 5829]","[1822, 2675]",6229,70,6159,2,68,6159,0
2.0,HSODCG,"[213, 362, 376, 449, 455, 591, 603, 735, 759, 768, 785, 1002, 1192, 1361, 1392, 1494, 1498, 1589, 1648, 1695, 1938, 1951, 2200, 2374, 2393, 2483, 2561, 2612, 2649, 2751, 2829, 2847, 2912, 3007, 3140, 3172, 3256, 3288, 3411, 3446, 3454, 3567, 3617, 3707, 3745, 3826, 3920, 3968, 4033, 4103, 4192, 4323, 4343, 4421, 4426, 4433, 4445, 4581, 4649, 4771, 4870, 4941, 5028, 5282, 5286, 5348, 5421, 5432, 5447, 5558, 5571, 5633, 5643, 5815, 5893, 6004, 6164, 6211, 6253, 6298, 6336, 6378, 6421, 6579, 6597, 6670, 6685, 7002, 7111, 7208, 7285, 7306, 7451, 7501, 7505, 7594, 7614, 7618, 7638, 7836, 7881, 7971, 8052, 8059, 8090, 8188, 8214, 8495, 8501, 8758, 8822, 8842, 8854, 8887, 8957, 9013]","[4192, 4649, 5028, 5421, 5633, 5893, 7111, 7306, 7614]","[213, 362, 376, 449, 455, 591, 603, 735, 759, 768, 785, 1002, 1192, 1361, 1392, 1494, 1498, 1589, 1648, 1695, 1938, 1951, 2200, 2374, 2393, 2483, 2561, 2612, 2649, 2751, 2829, 2847, 2912, 3007, 3140, 3172, 3256, 3288, 3411, 3446, 3454, 3567, 3617, 3707, 3745, 3826, 3920, 3968, 4033, 4103, 4323, 4343, 4421, 4426, 4433, 4445, 4581, 4771, 4870, 4941, 5282, 5286, 5348, 5432, 5447, 5558, 5571, 5643, 5815, 6004, 6164, 6211, 6253, 6298, 6336, 6378, 6421, 6579, 6597, 6670, 6685, 7002, 7208, 7285, 7451, 7501, 7505, 7594, 7618, 7638, 7836, 7881, 7971, 8052, 8059, 8090, 8188, 8214, 8495, 8501, 8758, 8822, 8842, 8854, 8887, 8957, 9013]","[4192, 4649, 5028, 5421, 5633, 5893, 7111, 7306, 7614]",9036,116,8920,9,107,8920,0
2.0,HSODF2,"[4, 25, 97, 128, 131, 158, 162, 250, 269, 331, 381, 387, 438, 633, 722, 802, 907, 913, 949, 964, 968, 993, 1017, 1256, 1277, 1307, 1375, 1379]",[],"[4, 25, 97, 128, 131, 158, 162, 250, 269, 331, 381, 387, 438, 633, 722, 802, 907, 913, 949, 964, 968, 993, 1017, 1256, 1277, 1307, 1375, 1379]",[600],1423,28,1395,0,28,1394,1
2.0,HSPAT133,"[313, 393, 397, 558, 602, 654, 762, 785, 794, 1057, 1068, 1126, 1173, 1208, 1212, 1447, 1578, 1632, 1666, 1707, 1760, 1778, 1782, 1801, 1889, 1961, 2226, 2366, 2531, 2627, 2860, 2995, 3085, 3574, 3711]",[1447],"[313, 393, 397, 558, 602, 654, 762, 785, 794, 1057, 1068, 1126, 1173, 1208, 1212, 1578, 1632, 1666, 1707, 1760, 1778, 1782, 1801, 1889, 1961, 2226, 2366, 2531, 2627, 2860, 2995, 3085, 3574, 3711]",[1447],3713,35,3678,1,34,3678,0
2.0,HSPLAPL,"[9, 24, 191, 218, 351, 403, 533, 593, 599, 603, 728, 808, 827, 889, 1073, 1167, 1192, 1197, 1214, 1225]","[403, 599, 827]","[9, 24, 191, 218, 351, 533, 593, 603, 728, 808, 889, 1073, 1167, 1192, 1197, 1214, 1225]","[403, 599, 827]",1275,20,1255,3,17,1255,0
2.0,HSPRB3L,"[279, 356, 386, 415, 519, 523, 566, 592, 616, 789, 825, 840, 873, 896, 1097, 1103, 1216, 1319, 1407, 1412, 1537, 1755, 2002, 2069, 2934, 3083, 3376, 3584, 4014, 4236, 4418]","[566, 1537]","[279, 356, 386, 415, 519, 523, 592, 616, 789, 825, 840, 873, 896, 1097, 1103, 1216, 1319, 1407, 1412, 1755, 2002, 2069, 2934, 3083, 3376, 3584, 4014, 4236, 4418]","[566, 1537]",4509,31,4478,2,29,4478,0
2.0,HSPRB4S,"[70, 97, 411, 487, 515, 518, 542, 646, 687, 693, 719, 741, 750, 913, 947, 995, 1018, 1049, 1058, 1276, 1280, 1338, 1441, 1529, 1534, 1565, 1658, 1875, 2128, 2384, 2495, 2812, 2957, 3058, 3256, 3462, 3470, 3838, 3999, 4183, 4301, 4913, 5204, 5381, 5694]","[693, 1658]","[70, 97, 411, 487, 515, 518, 542, 646, 687, 719, 741, 750, 913, 947, 995, 1018, 1049, 1058, 1276, 1280, 1338, 1441, 1529, 1534, 1565, 1875, 2128, 2384, 2495, 2812, 2957, 3058, 3256, 3462, 3470, 3838, 3999, 4183, 4301, 4913, 5204, 5381, 5694]","[693, 1658]",5806,45,5761,2,43,5761,0
2.0,HSPSAG,"[46, 174, 233, 280, 403, 434, 447, 872, 1759, 1815, 1848, 1852, 1878, 2084, 2204, 2383, 2397, 2428, 2551, 2586, 2594, 2679, 2683, 2687, 2695, 2834, 3497, 3535, 3544, 3611, 3676, 3764, 3782, 3866, 3929, 3960, 3987, 4044, 4080, 4368, 4427, 4456, 4493, 4499, 4630, 4648, 4741, 4775, 4971, 5051, 5079, 5088, 5340, 5414, 5438, 5444, 5456, 5518, 5666, 5668, 5710, 5865]","[447, 1848, 3764, 4044]","[46, 174, 233, 280, 403, 434, 872, 1759, 1815, 1852, 1878, 2084, 2204, 2383, 2397, 2428, 2551, 2586, 2594, 2679, 2683, 2687, 2695, 2834, 3497, 3535, 3544, 3611, 3676, 3782, 3866, 3929, 3960, 3987, 4080, 4368, 4427, 4456, 4493, 4499, 4630, 4648, 4741, 4775, 4971, 5051, 5079, 5088, 5340, 5414, 5438, 5444, 5456, 5518, 5666, 5668, 5710, 5865]","[447, 1848, 3764, 4044]",5866,62,5804,4,58,5804,0
2.0,HSRPII145,"[23, 423, 449, 467, 588, 908, 1071, 1086, 1097, 1102, 1143, 1157, 1181, 1219, 1233, 1302, 1306, 1350, 1378, 1535, 1598, 1610, 1615, 1619, 1623, 1641, 1688, 1729, 1754, 1894]","[449, 588, 908, 1071, 1233]","[23, 423, 467, 1086, 1097, 1102, 1143, 1157, 1181, 1219, 1302, 1306, 1350, 1378, 1535, 1598, 1610, 1615, 1619, 1623, 1641, 1688, 1729, 1754, 1894]","[449, 588, 908, 1071, 1233]",2086,30,2056,5,25,2056,0
2.0,HSRPS7,"[21, 55, 115, 166, 264, 268, 284, 404, 415, 516, 731, 1008, 1055, 1077, 1099, 1276, 1437, 1442, 1599, 1628, 1831, 1835, 1930, 2003, 2048, 2166, 2192, 2232, 2269, 2369, 2495, 2530, 2551, 2585, 2717, 2723, 2785, 2791, 3054, 3108, 3237, 3329, 3383, 3419, 3598, 3626, 3630, 3680, 3743, 3755, 4116, 4254, 4280, 4347, 4460, 4644, 4654, 4658, 4668, 4811, 5088, 5100, 5104, 5409, 5531, 5572, 5593, 5671, 5736, 5912, 5937, 6001, 6057, 6064, 6068, 6137, 6325, 6386, 6408, 6429, 6433, 6518, 6554, 6734, 6773, 7003, 7010, 7045, 7049, 7061, 7082, 7232, 7273, 7485]","[2166, 2369, 3108, 4254, 6734]","[21, 55, 115, 166, 264, 268, 284, 404, 415, 516, 731, 1008, 1055, 1077, 1099, 1276, 1437, 1442, 1599, 1628, 1831, 1835, 1930, 2003, 2048, 2192, 2232, 2269, 2495, 2530, 2551, 2585, 2717, 2723, 2785, 2791, 3054, 3237, 3329, 3383, 3419, 3598, 3626, 3630, 3680, 3743, 3755, 4116, 4280, 4347, 4460, 4644, 4654, 4658, 4668, 4811, 5088, 5100, 5104, 5409, 5531, 5572, 5593, 5671, 5736, 5912, 5937, 6001, 6057, 6064, 6068, 6137, 6325, 6386, 6408, 6429, 6433, 6518, 6554, 6773, 7003, 7010, 7045, 7049, 7061, 7082, 7232, 7273, 7485]","[2166, 2369, 3108, 4254, 6734]",7506,94,7412,5,89,7412,0
2.0,HSSAA1B,"[13, 210, 349, 470, 527, 862, 982, 1009, 1064, 1128, 1151, 1203, 1543, 1558, 1831, 2091, 2159, 2203, 2319, 2345, 2367, 2430, 2444, 2467, 2484, 2605, 2623, 2644, 2703, 2753, 2912, 3115, 3121, 3182, 3214, 3257, 3327, 3570, 3609, 3647, 3845, 3876, 3988, 4007, 4013, 4042, 4089, 4171, 4267, 4403, 4441, 4452, 4474, 4508, 4571, 4575, 4697, 4712, 4720, 4744]","[1543, 3845]","[13, 210, 349, 470, 527, 862, 982, 1009, 1064, 1128, 1151, 1203, 1558, 1831, 2091, 2159, 2203, 2319, 2345, 2367, 2430, 2444, 2467, 2484, 2605, 2623, 2644, 2703, 2753, 2912, 3115, 3121, 3182, 3214, 3257, 3327, 3570, 3609, 3647, 3876, 3988, 4007, 4013, 4042, 4089, 4171, 4267, 4403, 4441, 4452, 4474, 4508, 4571, 4575, 4697, 4712, 4720, 4744]","[1543, 3845]",4816,60,4756,2,58,4756,0
2.0,HSSHBG,"[183, 228, 472, 696, 887, 1016, 1020, 1058, 1231, 1336, 1389, 1428, 1443, 1551, 1590, 1615, 1713, 1938, 2205, 2388, 2575, 2615, 2672, 2679, 2759, 2776, 2810, 2823, 2827, 2867, 2882, 2943, 3019, 3148, 3285, 3306, 3323, 3440, 3618, 3686]","[472, 696, 1058, 1551, 1938, 2205, 3148]","[183, 228, 887, 1016, 1020, 1231, 1336, 1389, 1428, 1443, 1590, 1615, 1713, 2388, 2575, 2615, 2672, 2679, 2759, 2776, 2810, 2823, 2827, 2867, 2882, 2943, 3019, 3285, 3306, 3323, 3440, 3618, 3686]","[472, 696, 1058, 1551, 1938, 2205, 3148]",3803,40,3763,7,33,3763,0
2.0,HSSSPN1AG,"[8, 152, 155, 336, 399, 409, 418, 589, 854, 977, 1163, 1232, 1343, 1373, 1384, 1402, 1407, 1434, 1635, 1672, 1809, 1853, 2066, 2159, 2280, 2330, 2362, 2537, 2652, 2667, 2735, 2905, 2947, 2975, 3028, 3073, 3159, 3240, 3360, 3491, 3518, 3588, 3625, 3699, 3717, 3781, 3934, 4013, 4016, 4053, 4087]","[1343, 1635, 1809, 3360, 3491]","[8, 152, 155, 336, 399, 409, 418, 589, 854, 977, 1163, 1232, 1373, 1384, 1402, 1407, 1434, 1672, 1853, 2066, 2159, 2280, 2330, 2362, 2537, 2652, 2667, 2735, 2905, 2947, 2975, 3028, 3073, 3159, 3240, 3518, 3588, 3625, 3699, 3717, 3781, 3934, 4013, 4016, 4053, 4087]","[1343, 1635, 1809, 3360, 3491]",4089,51,4038,5,46,4038,0
2.0,HSSURF3,"[3, 200, 284, 288, 403, 470, 508, 566, 656, 743, 767, 813, 942, 990, 1033, 1087, 1110, 1294, 1692, 1893, 1935, 2048, 2071, 2132, 2160, 2209, 2291, 2321, 2393, 2411, 2415, 2721, 2729, 2893, 2936, 3074, 3226]","[284, 1033, 1692, 2048, 2321, 2729, 3074]","[3, 200, 288, 403, 470, 508, 566, 656, 743, 767, 813, 942, 990, 1087, 1110, 1294, 1893, 1935, 2071, 2132, 2160, 2209, 2291, 2393, 2411, 2415, 2721, 2893, 2936, 3226]","[284, 1033, 1692, 2048, 2321, 2729, 3074]",3410,37,3373,7,30,3373,0
2.0,HSTNFB,"[38, 63, 143, 189, 372, 405, 454, 836, 980, 1025, 1180, 1202, 1309, 1375, 1567, 2109, 2506, 2691, 2732, 2888, 2999, 3015]","[1375, 1567]","[38, 63, 143, 189, 372, 405, 454, 836, 980, 1025, 1180, 1202, 1309, 2109, 2506, 2691, 2732, 2888, 2999, 3015]","[1375, 1567]",3030,22,3008,2,20,3008,0
2.0,HSTPI1G,"[123, 136, 297, 576, 730, 746, 837, 915, 919, 972, 1096, 1127, 1304, 1363, 1558, 1616, 1621, 1685, 1707, 1782, 1817, 1845, 1893, 1916, 2035, 2046, 2056, 2105, 2176, 2231, 2438, 2493, 2498, 2604, 2646, 2740, 2792, 2821, 2867, 2988, 3028, 3181, 3207, 3249, 3369, 3587, 3654, 3688, 3720, 3760, 3808, 3829, 3846, 3878, 4118, 4219, 4236, 4293, 4330, 4376, 4380, 4386, 4547, 4586, 4651, 4721, 4796, 4827, 4845, 4849, 4868, 4888, 4901, 4978]","[746, 2035, 2231, 2438, 2821, 3181]","[123, 136, 297, 576, 730, 837, 915, 919, 972, 1096, 1127, 1304, 1363, 1558, 1616, 1621, 1685, 1707, 1782, 1817, 1845, 1893, 1916, 2046, 2056, 2105, 2176, 2493, 2498, 2604, 2646, 2740, 2792, 2867, 2988, 3028, 3207, 3249, 3369, 3587, 3654, 3688, 3720, 3760, 3808, 3829, 3846, 3878, 4118, 4219, 4236, 4293, 4330, 4376, 4380, 4386, 4547, 4586, 4651, 4721, 4796, 4827, 4845, 4849, 4868, 4888, 4901, 4978]","[746, 2035, 2231, 2438, 2821, 3181]",4988,74,4914,6,68,4914,0
2.0,HSTUBAG,"[71, 96, 105, 158, 314, 430, 471, 536, 708, 837, 902, 978, 984, 993, 1134, 1141, 1223, 1235, 1277, 1349, 1457, 1498, 1912, 2065, 2221, 2287, 2310, 2323, 2337, 2584, 2607, 2813, 2937, 3290, 3419, 3441, 3474, 3528, 3550, 3569, 3599, 3623, 3706, 3733, 3759, 3777, 3815, 3819, 3843, 3887, 3956, 3968]","[536, 2287, 2584]","[71, 96, 105, 158, 314, 430, 471, 708, 837, 902, 978, 984, 993, 1134, 1141, 1223, 1235, 1277, 1349, 1457, 1498, 1912, 2065, 2221, 2310, 2323, 2337, 2607, 2813, 2937, 3290, 3419, 3441, 3474, 3528, 3550, 3569, 3599, 3623, 3706, 3733, 3759, 3777, 3815, 3819, 3843, 3887, 3956, 3968]","[536, 2287, 2584]",4080,52,4028,3,49,4028,0
2.0,HSU01102,"[192, 222, 275, 373, 450, 503, 668, 745, 817, 858, 1032, 1204, 1561, 1663, 1671, 1711, 1715, 1865, 1939, 1943, 2082, 2132, 2154, 2192, 2210, 2242, 2494, 2561, 2568, 2632, 2732, 2746, 2771, 2828, 2875, 2907, 2930, 3273, 3275, 3343, 3393, 3896, 4008, 4040, 4166, 4262, 4611, 4655, 4690]","[668, 3896]","[192, 222, 275, 373, 450, 503, 745, 817, 858, 1032, 1204, 1561, 1663, 1671, 1711, 1715, 1865, 1939, 1943, 2082, 2132, 2154, 2192, 2210, 2242, 2494, 2561, 2568, 2632, 2732, 2746, 2771, 2828, 2875, 2907, 2930, 3273, 3275, 3343, 3393, 4008, 4040, 4166, 4262, 4611, 4655, 4690]","[668, 3896]",4988,49,4939,2,47,4939,0
2.0,HSU04357,"[97, 123, 132, 192, 310, 366, 603, 748, 774, 792, 800, 872, 886, 909, 985, 1090, 1107, 1140, 1201, 1239, 1299, 1307, 1316, 1342, 1650, 1838, 1882, 1953, 1963]","[97, 1342]","[123, 132, 192, 310, 366, 603, 748, 774, 792, 800, 872, 886, 909, 985, 1090, 1107, 1140, 1201, 1239, 1299, 1307, 1316, 1650, 1838, 1882, 1953, 1963]","[97, 1342]",2075,29,2046,2,27,2046,0
2.0,HSU04636,"[25, 97, 103, 176, 220, 224, 328, 353, 465, 555, 673, 677, 749, 823, 852, 989, 1018, 1135, 1449, 1518, 1601, 1856, 1860, 1888, 1935, 2199, 2262, 2426, 2440, 2561, 2605, 2761, 2996, 3000, 3143, 3264, 3426, 3608, 3843, 3849, 3894, 3965, 4024, 4340, 4362, 4383, 4424, 4660, 4677, 4711, 4748, 4790, 4881, 4919, 5359, 5719, 5723, 5870, 5955, 6008, 6340, 6533, 6602, 6653, 6706, 6760, 7014, 7194, 7357, 7605, 7692, 7768, 7907, 7937, 8108, 8112, 8301, 8483, 8490, 8640, 9044, 9325]","[1018, 1935, 2199, 2996, 3608, 4424, 4790, 5359, 6008]","[25, 97, 103, 176, 220, 224, 328, 353, 465, 555, 673, 677, 749, 823, 852, 989, 1135, 1449, 1518, 1601, 1856, 1860, 1888, 2262, 2426, 2440, 2561, 2605, 2761, 3000, 3143, 3264, 3426, 3843, 3849, 3894, 3965, 4024, 4340, 4362, 4383, 4660, 4677, 4711, 4748, 4881, 4919, 5719, 5723, 5870, 5955, 6340, 6533, 6602, 6653, 6706, 6760, 7014, 7194, 7357, 7605, 7692, 7768, 7907, 7937, 8108, 8112, 8301, 8483, 8490, 8640, 9044, 9325]","[1018, 1935, 2199, 2996, 3608, 4424, 4790, 5359, 6008]",9446,82,9364,9,73,9364,0
2.0,HSU05259,"[3, 164, 228, 299, 316, 344, 499, 627, 632, 644, 655, 782, 814, 951, 1177, 1364, 1462, 1773, 1891, 2051, 2055, 2091, 2173, 2435, 2571, 2678, 2685, 2748, 2774, 2859, 3018, 3045, 3109, 3366, 3387, 3483, 3672, 3937, 4128, 4132, 4139, 4150, 4171, 4214, 4222, 4281, 4324, 4497, 4505, 4642, 4871, 5090, 5264]","[782, 2685, 3045, 4128]","[3, 164, 228, 299, 316, 344, 499, 627, 632, 644, 655, 814, 951, 1177, 1364, 1462, 1773, 1891, 2051, 2055, 2091, 2173, 2435, 2571, 2678, 2748, 2774, 2859, 3018, 3109, 3366, 3387, 3483, 3672, 3937, 4132, 4139, 4150, 4171, 4214, 4222, 4281, 4324, 4497, 4505, 4642, 4871, 5090, 5264]","[782, 2685, 3045, 4128]",5663,53,5610,4,49,5610,0
2.0,HSU07807,"[179, 184, 201, 253, 319, 454, 459, 463, 484, 506, 609, 614, 757, 761, 891, 1040, 1362, 1390, 1638, 1848, 1983, 1991, 2047, 2082, 2481, 2568, 2577, 2652, 2736, 2873, 2899, 3055, 3386, 3390, 3395, 3446, 3509, 3541, 3589, 3664, 3699, 4101, 4197, 4350, 4570, 4638, 4725, 4765, 4778]","[757, 3386]","[179, 184, 201, 253, 319, 454, 459, 463, 484, 506, 609, 614, 761, 891, 1040, 1362, 1390, 1638, 1848, 1983, 1991, 2047, 2082, 2481, 2568, 2577, 2652, 2736, 2873, 2899, 3055, 3390, 3395, 3446, 3509, 3541, 3589, 3664, 3699, 4101, 4197, 4350, 4570, 4638, 4725, 4765, 4778]","[757, 3386]",4832,49,4783,2,47,4783,0
2.0,HSU07983,"[101, 121, 170, 283, 287, 354, 390, 406, 486, 515, 525, 600, 621, 834, 982, 1158, 1286]",[390],"[101, 121, 170, 283, 287, 354, 406, 486, 515, 525, 600, 621, 834, 982, 1158, 1286]",[390],1419,17,1402,1,16,1402,0
2.0,HSU08198,"[108, 139, 180, 197, 255, 311, 318, 583, 599, 613, 631, 645, 676, 707, 785, 875, 895, 1030, 1072, 1124, 1147, 1151, 1299, 1303, 1316, 1320, 1392, 1476, 1552, 1601, 1620, 1684, 1689, 1811, 1845, 1892, 1900, 1932, 2056, 2068]","[583, 895, 1124, 1316, 1689, 1811]","[108, 139, 180, 197, 255, 311, 318, 599, 613, 631, 645, 676, 707, 785, 875, 1030, 1072, 1147, 1151, 1299, 1303, 1320, 1392, 1476, 1552, 1601, 1620, 1684, 1845, 1892, 1900, 1932, 2056, 2068]","[583, 895, 1124, 1316, 1689, 1811]",2337,40,2297,6,34,2297,0
2.0,HSU12421,"[6, 10, 227, 270, 311, 315, 444, 455, 509, 583, 945, 957, 999, 1044, 1211, 1215, 1308, 1317, 1384, 1400, 1706, 1733, 1807, 1838, 1854, 1882, 1941, 2060, 2080, 2134, 2158, 2255, 2291, 2334, 2434, 2517, 2624, 2668, 3211, 3216, 3242, 3287, 3349, 3480, 3485, 3573, 3577, 3633, 3642, 3705, 3740, 3747, 3822, 3847, 3869, 3910, 3992, 4010, 4142]","[311, 2080]","[6, 10, 227, 270, 315, 444, 455, 509, 583, 945, 957, 999, 1044, 1211, 1215, 1308, 1317, 1384, 1400, 1706, 1733, 1807, 1838, 1854, 1882, 1941, 2060, 2134, 2158, 2255, 2291, 2334, 2434, 2517, 2624, 2668, 3211, 3216, 3242, 3287, 3349, 3480, 3485, 3573, 3577, 3633, 3642, 3705, 3740, 3747, 3822, 3847, 3869, 3910, 3992, 4010, 4142]","[311, 2080]",4251,59,4192,2,57,4192,0
2.0,HSUBR,"[110, 156, 219, 251, 362, 374, 409, 417, 512, 525, 564, 634, 793, 957, 1080, 1093, 1332, 1336, 1513, 1518, 1549, 1589, 1923, 2145, 2316, 2324, 2489, 2645, 2907, 2938, 2969, 2988, 3005, 3124, 3287]","[1589, 2324]","[110, 156, 219, 251, 362, 374, 409, 417, 512, 525, 564, 634, 793, 957, 1080, 1093, 1332, 1336, 1513, 1518, 1549, 1923, 2145, 2316, 2489, 2645, 2907, 2938, 2969, 2988, 3005, 3124, 3287]","[1589, 2324]",3290,35,3255,2,33,3255,0
2.0,HSXBXVIII,"[340, 343, 348, 417, 431, 442, 466, 473, 479, 529, 536, 579, 644, 701, 1056, 1059, 1092, 1133, 1158, 1176, 1180, 1189, 1193, 1199, 1203, 1213, 1535, 1671, 1992, 2137, 2491, 2578, 2596, 2703, 2723, 2781, 2785, 2792, 2897, 2945, 2999, 3019, 3026, 3061, 3074, 3099, 3123, 3171, 3175, 3248, 3254, 3293, 3314, 3333, 3339, 3345, 3365, 3371, 3429, 3726, 3729, 3734, 3803, 3817, 3828, 3859, 3884, 3919, 3929, 3952, 4068, 4111, 4453, 4456, 4489, 4530, 4555, 4573, 4586, 4764, 4989, 5049, 5221, 5248, 5290, 5320, 5362, 5383, 5401, 5486, 5490, 5901, 5971, 5982, 5985, 5991, 6037, 6064, 6115, 6193, 6240, 6252, 6382, 6594, 6599, 6733, 6855, 7067, 7073, 7127, 7257, 7479, 7675, 7713, 7823, 8109, 8174, 8274, 8302, 8324, 8689, 8850, 8934, 8943, 9093, 9154, 9207, 9342, 9410, 9475, 9504, 9552, 9558, 9573, 9633, 9849, 9852, 9936, 9983, 10043, 10077, 10107, 10136, 10160, 10186, 10197, 10425, 10464, 10629, 10687, 10692, 10701, 10723, 10737, 10911, 10947, 10960, 11115, 11162, 11196, 11253, 11310, 11405, 11424, 11471, 11589, 11615, 11714, 11769, 11843, 11856, 11870, 12024, 12085, 12092, 12183, 12286, 12311, 12408, 12416, 12444, 12534, 12693]","[11405, 11589, 11843, 12085]","[340, 343, 348, 417, 431, 442, 466, 473, 479, 529, 536, 579, 644, 701, 1056, 1059, 1092, 1133, 1158, 1176, 1180, 1189, 1193, 1199, 1203, 1213, 1535, 1671, 1992, 2137, 2491, 2578, 2596, 2703, 2723, 2781, 2785, 2792, 2897, 2945, 2999, 3019, 3026, 3061, 3074, 3099, 3123, 3171, 3175, 3248, 3254, 3293, 3314, 3333, 3339, 3345, 3365, 3371, 3429, 3726, 3729, 3734, 3803, 3817, 3828, 3859, 3884, 3919, 3929, 3952, 4068, 4111, 4453, 4456, 4489, 4530, 4555, 4573, 4586, 4764, 4989, 5049, 5221, 5248, 5290, 5320, 5362, 5383, 5401, 5486, 5490, 5901, 5971, 5982, 5985, 5991, 6037, 6064, 6115, 6193, 6240, 6252, 6382, 6594, 6599, 6733, 6855, 7067, 7073, 7127, 7257, 7479, 7675, 7713, 7823, 8109, 8174, 8274, 8302, 8324, 8689, 8850, 8934, 8943, 9093, 9154, 9207, 9342, 9410, 9475, 9504, 9552, 9558, 9573, 9633, 9849, 9852, 9936, 9983, 10043, 10077, 10107, 10136, 10160, 10186, 10197, 10425, 10464, 10629, 10687, 10692, 10701, 10723, 10737, 10911, 10947, 10960, 11115, 11162, 11196, 11253, 11310, 11424, 11471, 11615, 11714, 11769, 11856, 11870, 12024, 12092, 12183, 12286, 12311, 12408, 12416, 12444, 12534, 12693]","[11405, 11589, 11843, 12085]",12637,183,12454,4,179,12454,0
2.0,HSZNGP1,"[130, 259, 445, 454, 518, 542, 565, 810, 871, 920, 932, 997, 1142, 1287, 1307, 1529, 1673, 1684, 1705, 1765, 2135, 2520, 2672, 2958, 3191, 3270, 3608, 4001, 4109, 4198, 4312, 4326, 4568, 4609, 4712, 4718, 4777, 4886, 4947, 5026, 5073, 5295, 5402, 5483, 5589, 5594, 5623, 5666, 5732, 5737, 5752, 5773, 5805, 5990, 6022, 6144, 6179, 6347, 6402, 6408, 6435, 6495, 6586, 6632, 6665, 7275, 7355, 7410, 7454, 7674, 8059, 8067, 8200, 8313, 8588, 8597, 8603, 8615, 8762, 8809, 8922, 8986, 8991, 9059, 9067, 9107, 9113, 9300, 9444, 9486, 9525, 9601, 9762]","[518, 4718, 8313]","[130, 259, 445, 454, 542, 565, 810, 871, 920, 932, 997, 1142, 1287, 1307, 1529, 1673, 1684, 1705, 1765, 2135, 2520, 2672, 2958, 3191, 3270, 3608, 4001, 4109, 4198, 4312, 4326, 4568, 4609, 4712, 4777, 4886, 4947, 5026, 5073, 5295, 5402, 5483, 5589, 5594, 5623, 5666, 5732, 5737, 5752, 5773, 5805, 5990, 6022, 6144, 6179, 6347, 6402, 6408, 6435, 6495, 6586, 6632, 6665, 7275, 7355, 7410, 7454, 7674, 8059, 8067, 8200, 8588, 8597, 8603, 8615, 8762, 8809, 8922, 8986, 8991, 9059, 9067, 9107, 9113, 9300, 9444, 9486, 9525, 9601, 9762]","[518, 4718, 8313]",9816,93,9723,3,90,9723,0
2.0,HUMADAG,"[8, 24, 47, 73, 176, 204, 305, 565, 643, 653, 710, 717, 860, 1012, 1241, 1248, 1309, 1355, 1579, 1609, 1677, 1864, 1898, 1947, 1951, 2001, 2005, 2050, 2055, 2059, 2120, 2277, 2351, 2405, 2418, 2423, 2455, 2500, 2566, 2578, 2756, 2769, 2805, 3203, 3291, 3343, 3539, 3737, 3746, 3775, 4064, 4326, 4395, 4482, 4501, 4521, 4549, 4623, 4744, 4817, 4829, 4834, 4836, 4898, 4900, 4916, 4946, 5049, 5136, 5141, 5149, 5231, 5267, 5278, 5296, 5341, 5423, 5612, 5657, 5751, 5773, 5816, 5828, 5863, 5871, 6156, 6192, 6205, 6211, 6261, 6277, 6294, 6615, 6630, 6709, 6795, 6978, 7179, 7184, 7195, 7206, 7249, 7356, 7461, 7561, 7568, 7762, 7938, 7980, 7982, 8160, 8421, 8876, 8908, 8948, 8957, 9000, 9072, 9092, 9402, 9467, 9529, 9551, 9572, 9600, 9617, 9628, 9633, 9656, 9665, 9787, 9863, 9946, 9970, 9988, 9992, 10139, 10236, 10243, 10439, 10515, 10639, 10759, 10977, 11111, 11124, 11162, 11190, 11262, 11291, 11296, 11303, 11568, 11651, 11689, 11763, 11804, 11825, 11869, 11878, 12068, 12072, 12150, 12211, 12252, 12275, 12435, 12462, 12498, 12555, 12584, 13187, 13235, 13253, 13314, 13398, 13416, 13458, 13503, 13521, 13553, 13601, 13835, 14450, 14833, 14855, 14885, 14976, 15069, 15395, 15564, 15582, 15661, 15857, 15875, 15907, 15955, 16018, 16030, 16108, 16262, 16643, 16769, 17025, 17067, 17161, 17205, 17370, 17401, 17492, 17642, 17700, 17850, 18096, 18244, 18415, 18425, 18465, 18482, 18514, 18554, 18625, 18637, 18829, 19090, 19178, 19230, 19292, 19429, 19437, 19529, 19581, 19940, 20245, 20776, 20912, 20954, 21006, 21010, 21015, 21020, 21027, 21044, 21097, 21114, 21118, 21222, 21227, 21399, 21490, 21499, 21871, 22345, 22355, 22419, 22504, 22592, 22672, 22735, 22747, 22863, 22887, 23112, 23510, 23540, 23621, 23649, 23665, 23724, 23808, 23861, 24039, 24080, 24086, 24135, 24165, 24224, 24260, 24286, 24367, 24626, 24645, 24737, 24752, 25333, 25434, 25532, 25540, 25732, 25743, 25764, 25824, 25869, 26052, 26150, 26313, 26467, 26603, 26649, 26653, 26721, 26782, 26810, 26826, 26891, 26912, 27028, 27206, 27250, 27303, 27432, 27467, 27585, 27638, 27648, 28027, 28038, 28083, 28099, 28255, 28338, 28362, 28450, 28479, 28712, 28722, 28810, 28977, 28987, 28992, 29052, 29086, 29419, 29473, 29577, 29700, 29704, 29845, 29939, 29943, 30197, 30296, 30499, 30604, 30609, 30614, 30766, 30860, 31028, 31099, 31115, 31138, 31144, 31158, 31190, 31203, 31210, 31304, 31313, 31342, 31415, 31560, 31644, 31682, 31717, 32019, 32047, 32178, 32243, 32291, 32431, 32450, 32470, 32497, 32675, 32879, 32916, 33343, 33486, 33495, 33626, 33709, 33782, 33880, 33921, 33952, 33998, 34003, 34262, 34279, 34308, 34484, 34488, 34492, 34494, 34527, 34532, 34578, 34742, 34834, 34908, 35013, 35203, 35365, 35433, 35604, 35981, 36016, 36045, 36115, 36229, 36268, 36318, 36357, 36498, 36531, 36733]","[4064, 19292, 26467, 29052, 29939, 31304, 32497, 32675, 32916, 34484, 35203]","[8, 24, 47, 73, 176, 204, 305, 565, 643, 653, 710, 717, 860, 1012, 1241, 1248, 1309, 1355, 1579, 1609, 1677, 1864, 1898, 1947, 1951, 2001, 2005, 2050, 2055, 2059, 2120, 2277, 2351, 2405, 2418, 2423, 2455, 2500, 2566, 2578, 2756, 2769, 2805, 3203, 3291, 3343, 3539, 3737, 3746, 3775, 4326, 4395, 4482, 4501, 4521, 4549, 4623, 4744, 4817, 4829, 4834, 4836, 4898, 4900, 4916, 4946, 5049, 5136, 5141, 5149, 5231, 5267, 5278, 5296, 5341, 5423, 5612, 5657, 5751, 5773, 5816, 5828, 5863, 5871, 6156, 6192, 6205, 6211, 6261, 6277, 6294, 6615, 6630, 6709, 6795, 6978, 7179, 7184, 7195, 7206, 7249, 7356, 7461, 7561, 7568, 7762, 7938, 7980, 7982, 8160, 8421, 8876, 8908, 8948, 8957, 9000, 9072, 9092, 9402, 9467, 9529, 9551, 9572, 9600, 9617, 9628, 9633, 9656, 9665, 9787, 9863, 9946, 9970, 9988, 9992, 10139, 10236, 10243, 10439, 10515, 10639, 10759, 10977, 11111, 11124, 11162, 11190, 11262, 11291, 11296, 11303, 11568, 11651, 11689, 11763, 11804, 11825, 11869, 11878, 12068, 12072, 12150, 12211, 12252, 12275, 12435, 12462, 12498, 12555, 12584, 13187, 13235, 13253, 13314, 13398, 13416, 13458, 13503, 13521, 13553, 13601, 13835, 14450, 14833, 14855, 14885, 14976, 15069, 15395, 15564, 15582, 15661, 15857, 15875, 15907, 15955, 16018, 16030, 16108, 16262, 16643, 16769, 17025, 17067, 17161, 17205, 17370, 17401, 17492, 17642, 17700, 17850, 18096, 18244, 18415, 18425, 18465, 18482, 18514, 18554, 18625, 18637, 18829, 19090, 19178, 19230, 19429, 19437, 19529, 19581, 19940, 20245, 20776, 20912, 20954, 21006, 21010, 21015, 21020, 21027, 21044, 21097, 21114, 21118, 21222, 21227, 21399, 21490, 21499, 21871, 22345, 22355, 22419, 22504, 22592, 22672, 22735, 22747, 22863, 22887, 23112, 23510, 23540, 23621, 23649, 23665, 23724, 23808, 23861, 24039, 24080, 24086, 24135, 24165, 24224, 24260, 24286, 24367, 24626, 24645, 24737, 24752, 25333, 25434, 25532, 25540, 25732, 25743, 25764, 25824, 25869, 26052, 26150, 26313, 26603, 26649, 26653, 26721, 26782, 26810, 26826, 26891, 26912, 27028, 27206, 27250, 27303, 27432, 27467, 27585, 27638, 27648, 28027, 28038, 28083, 28099, 28255, 28338, 28362, 28450, 28479, 28712, 28722, 28810, 28977, 28987, 28992, 29086, 29419, 29473, 29577, 29700, 29704, 29845, 29943, 30197, 30296, 30499, 30604, 30609, 30614, 30766, 30860, 31028, 31099, 31115, 31138, 31144, 31158, 31190, 31203, 31210, 31313, 31342, 31415, 31560, 31644, 31682, 31717, 32019, 32047, 32178, 32243, 32291, 32431, 32450, 32470, 32879, 33343, 33486, 33495, 33626, 33709, 33782, 33880, 33921, 33952, 33998, 34003, 34262, 34279, 34308, 34488, 34492, 34494, 34527, 34532, 34578, 34742, 34834, 34908, 35013, 35365, 35433, 35604, 35981, 36016, 36045, 36115, 36229, 36268, 36318, 36357, 36498, 36531, 36733]","[4064, 19292, 26467, 29052, 29939, 31304, 32497, 32675, 32916, 34484, 35203]",36734,417,36317,11,406,36317,0
2.0,HUMADPRF02,"[90, 277, 359, 378, 514, 638, 878, 1058, 1250, 1308, 1325, 1329, 1338, 1456, 1650, 1937, 2033, 2102, 2108, 2267, 2306, 2462, 2887, 2953, 2972, 3035, 3285, 3305, 3392, 3477, 3552, 3557, 3913, 3932, 3942, 3994, 4041, 4161, 4213, 4223, 4243, 4253, 4257, 4273, 4275, 4279, 4595, 4701, 4732, 4870, 4965, 5039, 5131, 5150]","[359, 1308, 1650]","[90, 277, 378, 514, 638, 878, 1058, 1250, 1325, 1329, 1338, 1456, 1937, 2033, 2102, 2108, 2267, 2306, 2462, 2887, 2953, 2972, 3035, 3285, 3305, 3392, 3477, 3552, 3557, 3913, 3932, 3942, 3994, 4041, 4161, 4213, 4223, 4243, 4253, 4257, 4273, 4275, 4279, 4595, 4701, 4732, 4870, 4965, 5039, 5131, 5150]","[359, 1308, 1650]",5160,54,5106,3,51,5106,0
2.0,HUMAPEXN,"[137, 284, 294, 344, 349, 766, 946, 967, 1032, 1151, 1156, 1186, 1190, 1268, 1335, 1347, 1364, 1368, 1376, 1417, 1434, 1465, 1530, 1535, 1539, 1565, 1589, 1693, 1748, 1863, 2233, 2341, 2428, 2432, 2539, 2563, 2573, 2622, 2781, 2814, 2826, 2845, 2850, 2861, 3721]","[1465, 1863, 2622]","[137, 284, 294, 344, 349, 766, 946, 967, 1032, 1151, 1156, 1186, 1190, 1268, 1335, 1347, 1364, 1368, 1376, 1417, 1434, 1530, 1535, 1539, 1565, 1589, 1693, 1748, 2233, 2341, 2428, 2432, 2539, 2563, 2573, 2781, 2814, 2826, 2845, 2850, 2861, 3721]","[1465, 1863, 2622]",3723,45,3678,3,42,3678,0
2.0,HUMAPOCII,"[70, 94, 102, 112, 184, 198, 349, 384, 389, 501, 547, 571, 589, 685, 699, 737, 811, 891, 930, 965, 1012, 1075, 1107, 1147, 1230, 1263, 1331, 1434, 1557, 1778, 1789, 1812, 1837, 1856, 1958, 1980, 1985, 2187, 2219, 2255, 2305, 2321, 2353, 2405, 2467, 2512, 2630, 2642, 2760, 2982, 2995, 3223, 3279, 3321, 3960, 4263]","[2995, 3321]","[70, 94, 102, 112, 184, 198, 349, 384, 389, 501, 547, 571, 589, 685, 699, 737, 811, 891, 930, 965, 1012, 1075, 1107, 1147, 1230, 1263, 1331, 1434, 1557, 1778, 1789, 1812, 1837, 1856, 1958, 1980, 1985, 2187, 2219, 2255, 2305, 2321, 2353, 2405, 2467, 2512, 2630, 2642, 2760, 2982, 3223, 3279, 3960, 4263]","[2995, 3321]",4333,56,4277,2,54,4277,0
2.0,HUMAPOE4,"[166, 188, 281, 617, 752, 845, 1064, 1091, 1173, 1225, 1294, 1299, 1324, 1433, 1506, 1511, 1526, 1575, 1586, 1711, 1773, 1799, 1882, 1914, 2365, 2409, 2611, 2661, 2706, 2772, 2819, 2944, 2965, 3021, 3033, 3135, 3156, 3200, 3234, 3750, 3851, 3929, 3944, 3949, 3962, 4001, 4032, 4166, 4181, 4292, 4304, 4313, 4445, 4457, 4747, 5225]","[1914, 3200]","[166, 188, 281, 617, 752, 845, 1064, 1091, 1173, 1225, 1294, 1299, 1324, 1433, 1506, 1511, 1526, 1575, 1586, 1711, 1773, 1799, 1882, 2365, 2409, 2611, 2661, 2706, 2772, 2819, 2944, 2965, 3021, 3033, 3135, 3156, 3234, 3750, 3851, 3929, 3944, 3949, 3962, 4001, 4032, 4166, 4181, 4292, 4304, 4313, 4445, 4457, 4747, 5225]","[1914, 3200]",5508,56,5452,2,54,5452,0
2.0,HUMATPGG,"[156, 182, 203, 213, 285, 313, 320, 331, 357, 599, 676, 708, 748, 831, 1077, 1290, 1336, 1409, 1445, 1469, 1556, 1727, 1762, 1856, 1902, 1923, 2170, 2327, 2418, 2553, 2601, 2648, 2677, 2819, 2880, 2891, 2905, 2920, 2937, 3025, 3168, 3180, 3446, 3664, 3691, 4060, 4064, 4114, 4118, 4293, 4479, 4553, 4578, 4631, 4749, 4753, 5058, 5191, 5307, 5627, 5833, 5882, 5900, 5919, 5953, 5985, 6009, 6118, 6191, 6205, 6323, 6391, 6534, 6749, 7311, 7456, 7488, 7833, 7864, 7885, 7889, 7897, 7908, 7980, 8017, 8198, 8227, 8620, 8672, 8710, 9016, 9179, 9204, 9271, 9299, 9308, 9315, 9436, 9645, 9672, 9691, 9778, 9805, 10001, 10015, 10190, 10208, 10309, 10354, 10406, 10478, 10624, 10635, 10770, 10861, 10865, 11018, 11140, 11201, 11405, 11415, 11435, 11759, 11815, 11928, 12001, 12005, 12070, 12074, 12403, 12415, 12511, 12549, 12858, 12987, 13022, 13136, 13458, 13592, 13663, 13775, 13851, 13883, 14011, 14032, 14100, 14110, 14137, 14276, 14470, 14537, 14682, 14755, 14881, 14918, 15036]","[1445, 1727, 1902, 2677, 4293, 4749, 5307, 6118, 6534, 6749, 7456, 8198, 9436, 9672, 10190, 11405, 12074, 13663, 14100, 14276]","[156, 182, 203, 213, 285, 313, 320, 331, 357, 599, 676, 708, 748, 831, 1077, 1290, 1336, 1409, 1469, 1556, 1762, 1856, 1923, 2170, 2327, 2418, 2553, 2601, 2648, 2819, 2880, 2891, 2905, 2920, 2937, 3025, 3168, 3180, 3446, 3664, 3691, 4060, 4064, 4114, 4118, 4479, 4553, 4578, 4631, 4753, 5058, 5191, 5627, 5833, 5882, 5900, 5919, 5953, 5985, 6009, 6191, 6205, 6323, 6391, 7311, 7488, 7833, 7864, 7885, 7889, 7897, 7908, 7980, 8017, 8227, 8620, 8672, 8710, 9016, 9179, 9204, 9271, 9299, 9308, 9315, 9645, 9691, 9778, 9805, 10001, 10015, 10208, 10309, 10354, 10406, 10478, 10624, 10635, 10770, 10861, 10865, 11018, 11140, 11201, 11415, 11435, 11759, 11815, 11928, 12001, 12005, 12070, 12403, 12415, 12511, 12549, 12858, 12987, 13022, 13136, 13458, 13592, 13775, 13851, 13883, 14011, 14032, 14110, 14137, 14470, 14537, 14682, 14755, 14881, 14918, 15036]","[1445, 1727, 1902, 2677, 4293, 4749, 5307, 6118, 6534, 6749, 7456, 8198, 9436, 9672, 9946, 10190, 11405, 12074, 13663, 14100, 14276]",15108,156,14952,20,136,14951,1
2.0,HUMBETGLOA,"[52, 252, 256, 351, 376, 551, 601, 687, 920, 942, 958, 962, 1176, 1204, 1264, 1311, 1395, 1792, 2016, 2179, 2255, 2468, 2475, 2559, 2931]","[958, 1311]","[52, 252, 256, 351, 376, 551, 601, 687, 920, 942, 962, 1176, 1204, 1264, 1395, 1792, 2016, 2179, 2255, 2468, 2475, 2559, 2931]","[958, 1311]",2995,25,2970,2,23,2970,0
2.0,HUMBETGLOB,"[52, 252, 256, 349, 374, 549, 599, 685, 918, 940, 956, 960, 1174, 1202, 1262, 1309, 1393, 1790, 2014, 2177, 2253, 2466, 2473, 2557, 2929]","[956, 1309]","[52, 252, 256, 349, 374, 549, 599, 685, 918, 940, 960, 1174, 1202, 1262, 1393, 1790, 2014, 2177, 2253, 2466, 2473, 2557, 2929]","[956, 1309]",2993,25,2968,2,23,2968,0
2.0,HUMBETGLOC,"[52, 252, 256, 351, 376, 551, 601, 687, 920, 942, 958, 962, 1176, 1204, 1264, 1311, 1395, 1792, 2016, 2179, 2255, 2468, 2475, 2559, 2931]","[958, 1311]","[52, 252, 256, 351, 376, 551, 601, 687, 920, 942, 962, 1176, 1204, 1264, 1395, 1792, 2016, 2179, 2255, 2468, 2475, 2559, 2931]","[958, 1311]",2995,25,2970,2,23,2970,0
2.0,HUMBETGLOD,"[52, 252, 256, 351, 376, 551, 601, 687, 920, 942, 958, 962, 1176, 1204, 1264, 1311, 1395, 1792, 2016, 2179, 2255, 2468, 2475, 2559, 2931]","[958, 1311]","[52, 252, 256, 351, 376, 551, 601, 687, 920, 942, 962, 1176, 1204, 1264, 1395, 1792, 2016, 2179, 2255, 2468, 2475, 2559, 2931]","[958, 1311]",2995,25,2970,2,23,2970,0
2.0,HUMBETGLOE,"[52, 252, 256, 349, 374, 549, 599, 685, 918, 940, 956, 960, 1174, 1202, 1262, 1309, 1393, 1790, 2014, 2177, 2253, 2466, 2473, 2557, 2929]","[956, 1309]","[52, 252, 256, 349, 374, 549, 599, 685, 918, 940, 960, 1174, 1202, 1262, 1393, 1790, 2014, 2177, 2253, 2466, 2473, 2557, 2929]","[956, 1309]",2993,25,2968,2,23,2968,0
2.0,HUMBETGLOF,"[52, 252, 256, 351, 376, 551, 601, 687, 920, 942, 958, 962, 1176, 1204, 1264, 1311, 1395, 1792, 2016, 2179, 2255, 2468, 2475, 2559, 2931]","[958, 1311]","[52, 252, 256, 351, 376, 551, 601, 687, 920, 942, 962, 1176, 1204, 1264, 1395, 1792, 2016, 2179, 2255, 2468, 2475, 2559, 2931]","[958, 1311]",2995,25,2970,2,23,2970,0
2.0,HUMBETGLOG,"[52, 252, 256, 351, 376, 551, 601, 687, 920, 942, 958, 962, 1176, 1204, 1264, 1311, 1395, 1792, 2016, 2179, 2255, 2468, 2475, 2559, 2931]","[958, 1311]","[52, 252, 256, 351, 376, 551, 601, 687, 920, 942, 962, 1176, 1204, 1264, 1395, 1792, 2016, 2179, 2255, 2468, 2475, 2559, 2931]","[958, 1311]",2995,25,2970,2,23,2970,0
2.0,HUMBETGLOH,"[52, 252, 256, 351, 376, 551, 601, 687, 920, 942, 958, 962, 1176, 1204, 1264, 1311, 1395, 1792, 2016, 2179, 2255, 2468, 2475, 2559, 2931]","[958, 1311]","[52, 252, 256, 351, 376, 551, 601, 687, 920, 942, 962, 1176, 1204, 1264, 1395, 1792, 2016, 2179, 2255, 2468, 2475, 2559, 2931]","[958, 1311]",2995,25,2970,2,23,2970,0
2.0,HUMBETGLOI,"[52, 252, 256, 349, 374, 549, 599, 685, 918, 940, 956, 960, 1174, 1202, 1262, 1309, 1393, 1790, 2014, 2177, 2253, 2466, 2473, 2557, 2929]","[956, 1309]","[52, 252, 256, 349, 374, 549, 599, 685, 918, 940, 960, 1174, 1202, 1262, 1393, 1790, 2014, 2177, 2253, 2466, 2473, 2557, 2929]","[956, 1309]",2993,25,2968,2,23,2968,0
2.0,HUMBETGLOJ,"[52, 252, 256, 349, 374, 549, 599, 685, 918, 940, 956, 960, 1174, 1202, 1262, 1309, 1393, 1790, 2014, 2177, 2253, 2466, 2473, 2557, 2929]","[956, 1309]","[52, 252, 256, 349, 374, 549, 599, 685, 918, 940, 960, 1174, 1202, 1262, 1393, 1790, 2014, 2177, 2253, 2466, 2473, 2557, 2929]","[956, 1309]",2993,25,2968,2,23,2968,0
2.0,HUMBETGLOK,"[52, 252, 256, 349, 374, 549, 599, 685, 918, 940, 956, 960, 1174, 1202, 1262, 1309, 1393, 1790, 2014, 2177, 2253, 2466, 2473, 2557, 2929]","[956, 1309]","[52, 252, 256, 349, 374, 549, 599, 685, 918, 940, 960, 1174, 1202, 1262, 1393, 1790, 2014, 2177, 2253, 2466, 2473, 2557, 2929]","[956, 1309]",2993,25,2968,2,23,2968,0
2.0,HUMBETGLOL,"[52, 252, 256, 349, 374, 549, 599, 685, 918, 940, 956, 960, 1174, 1202, 1262, 1309, 1393, 1790, 2014, 2177, 2253, 2466, 2473, 2557, 2929]","[956, 1309]","[52, 252, 256, 349, 374, 549, 599, 685, 918, 940, 960, 1174, 1202, 1262, 1393, 1790, 2014, 2177, 2253, 2466, 2473, 2557, 2929]","[956, 1309]",2993,25,2968,2,23,2968,0
2.0,HUMBETGLOM,"[52, 252, 256, 348, 373, 548, 598, 684, 917, 939, 955, 959, 1173, 1201, 1261, 1308, 1392, 1789, 2013, 2176, 2252, 2465, 2472, 2556, 2928]","[955, 1308]","[52, 252, 256, 348, 373, 548, 598, 684, 917, 939, 959, 1173, 1201, 1261, 1392, 1789, 2013, 2176, 2252, 2465, 2472, 2556, 2928]","[955, 1308]",2992,25,2967,2,23,2967,0
2.0,HUMBETGLON,"[52, 252, 256, 349, 374, 549, 599, 685, 918, 940, 956, 960, 1174, 1202, 1262, 1309, 1393, 1790, 2014, 2177, 2253, 2466, 2473, 2557, 2929]","[956, 1309]","[52, 252, 256, 349, 374, 549, 599, 685, 918, 940, 960, 1174, 1202, 1262, 1393, 1790, 2014, 2177, 2253, 2466, 2473, 2557, 2929]","[956, 1309]",2993,25,2968,2,23,2968,0
2.0,HUMBETGLOO,"[52, 252, 256, 349, 374, 549, 599, 685, 918, 940, 956, 960, 1174, 1202, 1262, 1309, 1393, 1790, 2014, 2177, 2253, 2466, 2473, 2557, 2929]","[956, 1309]","[52, 252, 256, 349, 374, 549, 599, 685, 918, 940, 960, 1174, 1202, 1262, 1393, 1790, 2014, 2177, 2253, 2466, 2473, 2557, 2929]","[956, 1309]",2993,25,2968,2,23,2968,0
2.0,HUMBETGLOP,"[52, 252, 256, 349, 374, 549, 599, 685, 918, 940, 956, 960, 1174, 1202, 1262, 1309, 1393, 1790, 2014, 2177, 2253, 2466, 2473, 2557, 2929]","[956, 1309]","[52, 252, 256, 349, 374, 549, 599, 685, 918, 940, 960, 1174, 1202, 1262, 1393, 1790, 2014, 2177, 2253, 2466, 2473, 2557, 2929]","[956, 1309]",2993,25,2968,2,23,2968,0
2.0,HUMBETGLOR,"[52, 252, 256, 349, 374, 549, 599, 685, 918, 940, 956, 960, 1174, 1202, 1262, 1309, 1393, 1790, 2014, 2177, 2253, 2466, 2473, 2557, 2929]","[956, 1309]","[52, 252, 256, 349, 374, 549, 599, 685, 918, 940, 960, 1174, 1202, 1262, 1393, 1790, 2014, 2177, 2253, 2466, 2473, 2557, 2929]","[956, 1309]",2993,25,2968,2,23,2968,0
2.0,HUMCBRG,"[80, 90, 167, 237, 305, 341, 395, 416, 517, 567, 704, 881, 914, 1073, 1147, 1172, 1220, 1525, 1985, 2123, 2181, 2272, 2282, 2616, 2689, 2715, 2796, 2848, 2897, 2901, 2950, 3041, 3216]","[567, 1220]","[80, 90, 167, 237, 305, 341, 395, 416, 517, 704, 881, 914, 1073, 1147, 1172, 1525, 1985, 2123, 2181, 2272, 2282, 2616, 2689, 2715, 2796, 2848, 2897, 2901, 2950, 3041, 3216]","[567, 1220]",3319,33,3286,2,31,3286,0
2.0,HUMCHYMASE,"[160, 501, 510, 616, 646, 811, 969, 1026, 1185, 1204, 1277, 1379, 1458, 1709, 1808, 1826, 2073, 2315, 2361, 2682, 2951, 2966, 3135, 3165, 3252, 3406, 3463, 3671, 3683, 3765, 3769, 3874, 3982, 4038, 4104, 4149, 4355, 4488, 4923, 4986, 5028, 5043, 5216, 5474, 5602, 5644, 5723, 5779, 6037, 6668, 6922, 7220, 7255, 7323, 7363, 7435, 7455, 7463, 7548, 7615, 7795, 7931, 8006, 8031, 8052, 8056]","[5216, 6037, 6922, 7363]","[160, 501, 510, 616, 646, 811, 969, 1026, 1185, 1204, 1277, 1379, 1458, 1709, 1808, 1826, 2073, 2315, 2361, 2682, 2951, 2966, 3135, 3165, 3252, 3406, 3463, 3671, 3683, 3765, 3769, 3874, 3982, 4038, 4104, 4149, 4355, 4488, 4923, 4986, 5028, 5043, 5474, 5602, 5644, 5723, 5779, 6668, 7220, 7255, 7323, 7435, 7455, 7463, 7548, 7615, 7795, 7931, 8006, 8031, 8052, 8056]","[5216, 6037, 6922, 7363]",8109,66,8043,4,62,8043,0
2.0,HUMCP21OH,"[80, 92, 126, 185, 408, 435, 463, 505, 541, 614, 622, 626, 634, 644, 947, 994, 1052, 1096, 1134, 1259, 1321, 1357, 1566, 1571, 1600, 1780, 1952, 1970, 2158, 2167, 2463, 2528, 2580, 2609, 2688, 2774, 2845, 2907, 2931, 3063, 3094, 3098, 3242, 3292, 3403, 3481, 3509, 3589, 3648, 3659, 3723, 3758, 3844]","[947, 1134, 1571, 1780, 1970, 2158, 2528, 2907, 3094]","[80, 92, 126, 185, 408, 435, 463, 505, 541, 614, 622, 626, 634, 644, 994, 1052, 1096, 1259, 1321, 1357, 1566, 1600, 1952, 2167, 2463, 2580, 2609, 2688, 2774, 2845, 2931, 3063, 3098, 3242, 3292, 3403, 3481, 3509, 3589, 3648, 3659, 3723, 3758, 3844]","[947, 1134, 1571, 1780, 1970, 2158, 2528, 2907, 3094]",4035,53,3982,9,44,3982,0
2.0,HUMCP21OHC,"[80, 92, 126, 185, 189, 408, 435, 506, 542, 615, 623, 627, 635, 645, 948, 995, 1053, 1097, 1135, 1260, 1322, 1358, 1567, 1572, 1601, 1781, 1953, 1971, 2159, 2168, 2464, 2529, 2581, 2610, 2689, 2775, 2846, 2908, 2933, 3065, 3096, 3100, 3244, 3294, 3405, 3483, 3511, 3591, 3650, 3661, 3725, 3760, 3846]","[948, 1135, 1572, 1781, 1971, 2159, 2529, 2908, 3096]","[80, 92, 126, 185, 189, 408, 435, 506, 542, 615, 623, 627, 635, 645, 995, 1053, 1097, 1260, 1322, 1358, 1567, 1601, 1953, 2168, 2464, 2581, 2610, 2689, 2775, 2846, 2933, 3065, 3100, 3244, 3294, 3405, 3483, 3511, 3591, 3650, 3661, 3725, 3760, 3846]","[948, 1135, 1572, 1781, 1971, 2159, 2529, 2908, 3096]",4037,53,3984,9,44,3984,0
2.0,HUMCS1,"[85, 144, 148, 304, 310, 393, 429, 565, 652, 669, 893, 991, 1010, 1016, 1036, 1058, 1194, 1334, 1379, 1480, 1496, 1518, 1591, 1679, 1726, 2003, 2042, 2095, 2160, 2190, 2196, 2210, 2214, 2278]","[565, 991, 1334, 1591]","[85, 144, 148, 304, 310, 393, 429, 652, 669, 893, 1010, 1016, 1036, 1058, 1194, 1379, 1480, 1496, 1518, 1679, 1726, 2003, 2042, 2095, 2160, 2190, 2196, 2210, 2214, 2278]","[565, 991, 1334, 1591]",2294,34,2260,4,30,2260,0
2.0,HUMCS3,"[87, 146, 150, 306, 312, 395, 431, 566, 654, 671, 893, 991, 1010, 1016, 1036, 1056, 1120, 1194, 1334, 1379, 1477, 1493, 1515, 1588, 1606, 1724, 2001, 2040, 2098, 2163, 2194, 2200, 2214, 2218, 2520, 2728]","[566, 991, 1334, 1588]","[87, 146, 150, 306, 312, 395, 431, 654, 671, 893, 1010, 1016, 1036, 1056, 1120, 1194, 1379, 1477, 1493, 1515, 1606, 1724, 2001, 2040, 2098, 2163, 2194, 2200, 2214, 2218, 2520, 2728]","[566, 991, 1334, 1588]",2733,36,2697,4,32,2697,0
2.0,HUMCSN2A,"[122, 241, 303, 546, 591, 772, 912, 1451, 1524, 1677, 1819, 1845, 2086, 2107, 2139, 2175, 2228, 2255, 2287, 2468, 2520, 2593, 2751, 2753, 2761, 3145, 3185, 3194, 3235, 3411, 3423, 3430, 3480, 3584, 3645, 3738, 3776, 4104, 4170, 4184, 4188, 4368, 4520, 4855, 5274, 5391, 5516, 5532, 5620, 5742, 5747, 5877, 6064, 6088, 6140, 6144, 6244, 6276, 6295, 6302, 6492, 6682, 6722, 6747, 6810, 6887, 6959, 7126, 7155, 7171, 7201, 7210, 7234, 7324, 7474, 7617, 7662, 7789, 8114, 8353, 8396, 8522, 8564, 8568, 8662, 8683, 8715, 8751, 8805, 9482, 10040, 10050, 10137, 10265]","[4855, 5747, 6747, 6887, 8522]","[122, 241, 303, 546, 591, 772, 912, 1451, 1524, 1677, 1819, 1845, 2086, 2107, 2139, 2175, 2228, 2255, 2287, 2468, 2520, 2593, 2751, 2753, 2761, 3145, 3185, 3194, 3235, 3411, 3423, 3430, 3480, 3584, 3645, 3738, 3776, 4104, 4170, 4184, 4188, 4368, 4520, 5274, 5391, 5516, 5532, 5620, 5742, 5877, 6064, 6088, 6140, 6144, 6244, 6276, 6295, 6302, 6492, 6682, 6722, 6810, 6959, 7126, 7155, 7171, 7201, 7210, 7234, 7324, 7474, 7617, 7662, 7789, 8114, 8353, 8396, 8564, 8568, 8662, 8683, 8715, 8751, 8805, 9482, 10040, 10050, 10137, 10265]","[4855, 5747, 6747, 6887, 8522]",10601,94,10507,5,89,10507,0
2.0,HUMCSPA,"[455, 494, 982, 1050, 1239, 1248, 1553, 1883, 1896, 2216, 2232, 2276, 2372, 2454, 2462, 2470, 2477, 2929, 3026, 3164, 3200, 3392, 3455, 3608, 3691, 3819, 3837, 4007, 4129, 4526]","[982, 2276, 2929, 3392]","[455, 494, 1050, 1239, 1248, 1553, 1883, 1896, 2216, 2232, 2372, 2454, 2462, 2470, 2477, 3026, 3164, 3200, 3455, 3608, 3691, 3819, 3837, 4007, 4129, 4526]","[982, 2276, 2929, 3392]",4784,30,4754,4,26,4754,0
2.0,HUMCTLA1,"[58, 205, 240, 440, 453, 701, 705, 775, 988, 1184, 1188, 1229, 1246, 1299, 1332, 1391, 1812, 1976, 2119, 2179, 2297, 2336, 2349, 2360, 2770, 2867, 3041, 3122, 3151, 3196, 3200, 3236, 3513, 3532, 3550, 3695, 3777, 3912, 4050, 4099, 4394]","[988, 2179, 2770, 3236]","[58, 205, 240, 440, 453, 701, 705, 775, 1184, 1188, 1229, 1246, 1299, 1332, 1391, 1812, 1976, 2119, 2297, 2336, 2349, 2360, 2867, 3041, 3122, 3151, 3196, 3200, 3513, 3532, 3550, 3695, 3777, 3912, 4050, 4099, 4394]","[988, 2179, 2770, 3236]",4521,41,4480,4,37,4480,0
2.0,HUMDEF5A,"[58, 97, 159, 226, 296, 407, 500, 558, 677, 720, 740, 923, 980, 1100, 1387, 1571, 1719, 1922, 1934, 2039, 2196, 2240, 2276, 2280, 2299, 2323, 2394, 2601, 2618, 2859]",[1571],"[58, 97, 159, 226, 296, 407, 500, 558, 677, 720, 740, 923, 980, 1100, 1387, 1719, 1922, 1934, 2039, 2196, 2240, 2276, 2280, 2299, 2323, 2394, 2601, 2618, 2859]",[1571],2873,30,2843,1,29,2843,0
2.0,HUMDZA2G,"[24, 296, 329, 333, 595, 631, 680, 691, 727, 818, 829, 849, 990, 1074, 1160, 1425, 1531, 1586, 1645, 1715, 1747, 1769, 1912, 1973, 1982, 2003, 2013, 2239, 2296, 2353, 2553, 2928, 3554, 3566, 3637, 3711, 3740, 3763, 3775, 3811, 3877, 3942, 3969, 4027, 4171, 4262, 4294, 4436, 4849, 4857, 5001, 5130, 5316, 5325, 5389, 5413, 5436, 5681, 5742, 5791, 5803, 5868, 6013, 6158, 6178, 6400, 6544, 6555, 6576, 6636, 7006, 7391, 7542, 7830, 8063, 8142, 8480, 8873, 8981, 9070, 9184, 9198, 9440, 9481, 9584, 9590, 9649, 9758, 9819, 9898, 9945, 10166, 10273, 10355, 10461, 10466, 10495, 10538, 10604, 10609, 10624, 10645, 10677, 10862, 10894, 11016, 11212, 11267, 11273, 11300, 11360, 11451, 11530, 12139, 12219, 12274, 12318, 12544, 12929, 12937, 13070, 13183, 13458, 13467, 13473, 13485, 13632, 13679, 13793, 13857, 13862, 13930, 13938, 13978, 13984, 14171, 14315, 14357, 14396, 14472, 14633]","[5389, 9590, 13183]","[24, 296, 329, 333, 595, 631, 680, 691, 727, 818, 829, 849, 990, 1074, 1160, 1425, 1531, 1586, 1645, 1715, 1747, 1769, 1912, 1973, 1982, 2003, 2013, 2239, 2296, 2353, 2553, 2928, 3554, 3566, 3637, 3711, 3740, 3763, 3775, 3811, 3877, 3942, 3969, 4027, 4171, 4262, 4294, 4436, 4849, 4857, 5001, 5130, 5316, 5325, 5413, 5436, 5681, 5742, 5791, 5803, 5868, 6013, 6158, 6178, 6400, 6544, 6555, 6576, 6636, 7006, 7391, 7542, 7830, 8063, 8142, 8480, 8873, 8981, 9070, 9184, 9198, 9440, 9481, 9584, 9649, 9758, 9819, 9898, 9945, 10166, 10273, 10355, 10461, 10466, 10495, 10538, 10604, 10609, 10624, 10645, 10677, 10862, 10894, 11016, 11212, 11267, 11273, 11300, 11360, 11451, 11530, 12139, 12219, 12274, 12318, 12544, 12929, 12937, 13070, 13458, 13467, 13473, 13485, 13632, 13679, 13793, 13857, 13862, 13930, 13938, 13978, 13984, 14171, 14315, 14357, 14396, 14472, 14633]","[5389, 9590, 13183]",14687,141,14546,3,138,14546,0
2.0,HUMELAFIN,"[3, 11, 43, 48, 208, 326, 338, 417, 548, 557, 637, 786, 802, 839, 1089, 1160, 1197, 1269, 1351, 1419, 1456, 1461, 1517, 1534, 1538, 1559]",[326],"[3, 11, 43, 48, 208, 338, 417, 548, 557, 637, 786, 802, 839, 1089, 1160, 1197, 1269, 1351, 1419, 1456, 1461, 1517, 1534, 1538, 1559]",[326],1871,26,1845,1,25,1845,0
2.0,HUMEPOHYDD,"[37, 350, 356, 362, 504, 640, 776, 845, 865, 1048, 1107, 1253, 1351, 1368, 1433, 1446, 1470, 1499, 1536, 1670, 1724, 1842, 1863, 1951, 2054, 2121, 2164, 2190, 2283, 2289, 2301, 2324, 2464, 2523, 2541, 2546, 2801, 2972, 2990, 3022, 3063, 3069, 3143, 3327, 3443, 3451, 3472, 3511, 3517, 3588, 3635, 3680, 3941, 3997, 4151, 4208, 4385, 4407, 4526, 4704, 4725, 4868, 4900, 4940, 4996, 5057, 5207, 5211, 5331, 5571, 5629, 5656, 5700, 5780, 5814, 5909, 5979, 5997, 6053, 6067, 6103, 6115, 6277, 6289, 6294, 6349, 6389, 6422, 6537, 6542, 6585, 6599, 6758, 6950, 7064, 7098, 7197, 7253, 7261, 7563, 7695, 7946, 7960, 8217, 8328, 8343, 8378, 8650, 8696, 8728, 8999, 9045, 9061, 9091, 9132, 9213, 9328, 9470, 9489, 9499, 9564, 9709, 9866, 9982, 10042, 10101, 10184, 10212, 10263, 10307, 10319, 10351, 10392, 10475, 10599, 10621, 10654, 10778, 10813, 10872, 10933, 10965, 11088, 11192, 11282, 11482, 11772, 11796, 11832, 11896, 12021, 12105, 12409, 12568, 12570, 12607, 12625, 12819, 12823, 12924, 12928, 13058, 13103, 13241, 13279, 13322, 13411, 13416, 13618, 13651, 13743, 13763, 13804, 13808, 13810, 13815, 13924, 14095, 14107, 14168, 14316, 14420, 14495, 14539, 14592, 14606, 14624, 14794, 14999, 15062, 15197, 15227, 15415, 15443, 15620, 15666, 15705, 15831, 15858, 15966, 16077, 16085, 16105, 16172, 16282, 16324, 16570, 16708, 16771, 16775, 16837, 16885, 17075, 17080, 17170, 17238, 17489, 17502, 17511, 17789, 17805, 17810, 17870, 17986, 18064, 18077, 18254, 18296, 18298, 18395, 18573, 18726, 18823, 18887, 18944, 19118, 19204, 19373, 19378, 19571, 19698, 19814, 19867, 19920, 20012, 20118, 20318, 20403, 20545, 20674, 20683, 20720, 20725, 20739, 20767, 20857, 20883, 20906, 20926, 20954, 20979, 20994, 20998, 21017, 21112, 21354, 21441, 21468, 21539, 21564, 21648, 21715, 21768, 21772, 21941, 21945, 21956, 21987, 22055, 22059, 22251, 22318, 22539, 22603, 22696, 22856, 22952, 22980, 23010, 23083, 23217, 23497, 23652, 23856, 23927, 24312, 24408, 24469, 24481, 24592, 24629, 24773]","[5656, 8696, 15620, 16085, 16775, 19204, 21354]","[37, 350, 356, 362, 504, 640, 776, 845, 865, 1048, 1107, 1253, 1351, 1368, 1433, 1446, 1470, 1499, 1536, 1670, 1724, 1842, 1863, 1951, 2054, 2121, 2164, 2190, 2283, 2289, 2301, 2324, 2464, 2523, 2541, 2546, 2801, 2972, 2990, 3022, 3063, 3069, 3143, 3327, 3443, 3451, 3472, 3511, 3517, 3588, 3635, 3680, 3941, 3997, 4151, 4208, 4385, 4407, 4526, 4704, 4725, 4868, 4900, 4940, 4996, 5057, 5207, 5211, 5331, 5571, 5629, 5700, 5780, 5814, 5909, 5979, 5997, 6053, 6067, 6103, 6115, 6277, 6289, 6294, 6349, 6389, 6422, 6537, 6542, 6585, 6599, 6758, 6950, 7064, 7098, 7197, 7253, 7261, 7563, 7695, 7946, 7960, 8217, 8328, 8343, 8378, 8650, 8728, 8999, 9045, 9061, 9091, 9132, 9213, 9328, 9470, 9489, 9499, 9564, 9709, 9866, 9982, 10042, 10101, 10184, 10212, 10263, 10307, 10319, 10351, 10392, 10475, 10599, 10621, 10654, 10778, 10813, 10872, 10933, 10965, 11088, 11192, 11282, 11482, 11772, 11796, 11832, 11896, 12021, 12105, 12409, 12568, 12570, 12607, 12625, 12819, 12823, 12924, 12928, 13058, 13103, 13241, 13279, 13322, 13411, 13416, 13618, 13651, 13743, 13763, 13804, 13808, 13810, 13815, 13924, 14095, 14107, 14168, 14316, 14420, 14495, 14539, 14592, 14606, 14624, 14794, 14999, 15062, 15197, 15227, 15415, 15443, 15666, 15705, 15831, 15858, 15966, 16077, 16105, 16172, 16282, 16324, 16570, 16708, 16771, 16837, 16885, 17075, 17080, 17170, 17238, 17489, 17502, 17511, 17789, 17805, 17810, 17870, 17986, 18064, 18077, 18254, 18296, 18298, 18395, 18573, 18726, 18823, 18887, 18944, 19118, 19373, 19378, 19571, 19698, 19814, 19867, 19920, 20012, 20118, 20318, 20403, 20545, 20674, 20683, 20720, 20725, 20739, 20767, 20857, 20883, 20906, 20926, 20954, 20979, 20994, 20998, 21017, 21112, 21441, 21468, 21539, 21564, 21648, 21715, 21768, 21772, 21941, 21945, 21956, 21987, 22055, 22059, 22251, 22318, 22539, 22603, 22696, 22856, 22952, 22980, 23010, 23083, 23217, 23497, 23652, 23856, 23927, 24312, 24408, 24469, 24481, 24592, 24629, 24773]","[5656, 8696, 15620, 16085, 16775, 19204, 21354]",24783,302,24481,7,295,24481,0
2.0,HUMG0S24B,"[91, 103, 538, 631, 658, 801, 812, 855, 1005, 1133, 1182, 1264, 1268, 1331, 1392, 1415, 2413, 2598, 2785, 3102]",[631],"[91, 103, 538, 658, 801, 812, 855, 1005, 1133, 1182, 1264, 1268, 1331, 1392, 1415, 2413, 2598, 2785, 3102]",[631],3128,20,3108,1,19,3108,0
2.0,HUMG0S8PP,"[91, 216, 401, 545, 625, 660, 743, 784, 942, 1018, 1230, 1342, 1379, 1523, 2009, 2148, 2152, 2257, 2333, 2359, 2682, 2686, 2744, 2826, 2842, 2853, 3036, 3166, 3170, 3261, 3358, 3431, 3467, 3515, 3558, 3577, 3590, 3768, 3836, 3840, 3897, 3932, 4113, 4172, 4316, 4356, 4399, 4521, 4551, 4646, 4736, 5273, 5361, 5442, 5516, 5540, 5586, 5877, 6062, 6110, 6236, 6257, 6552, 6758, 7286]","[2682, 3768, 3932, 4646]","[91, 216, 401, 545, 625, 660, 743, 784, 942, 1018, 1230, 1342, 1379, 1523, 2009, 2148, 2152, 2257, 2333, 2359, 2686, 2744, 2826, 2842, 2853, 3036, 3166, 3170, 3261, 3358, 3431, 3467, 3515, 3558, 3577, 3590, 3836, 3840, 3897, 4113, 4172, 4316, 4356, 4399, 4521, 4551, 4736, 5273, 5361, 5442, 5516, 5540, 5586, 5877, 6062, 6110, 6236, 6257, 6552, 6758, 7286]","[2682, 3768, 3932, 4646]",7338,65,7273,4,61,7273,0
2.0,HUMGAD45A,"[11, 233, 392, 628, 724, 927, 1008, 1042, 1114, 1178, 1215, 1292, 1321, 1396, 1425, 1558, 1628, 1761, 1779, 2020, 2266, 2304, 2457, 2461, 2596, 2655, 2835, 2927, 2968, 3006, 3092, 3157, 3184, 3188, 3639, 3645, 3675, 3730, 3734, 3740, 3827, 3880, 4167, 4171, 4194, 4303, 4396, 4402, 4414, 4427, 4472, 4529, 4828, 4956, 5015]","[2596, 3184, 3645]","[11, 233, 392, 628, 724, 927, 1008, 1042, 1114, 1178, 1215, 1292, 1321, 1396, 1425, 1558, 1628, 1761, 1779, 2020, 2266, 2304, 2457, 2461, 2655, 2835, 2927, 2968, 3006, 3092, 3157, 3188, 3639, 3675, 3730, 3734, 3740, 3827, 3880, 4167, 4171, 4194, 4303, 4396, 4402, 4414, 4427, 4472, 4529, 4828, 4956, 5015]","[2596, 3184, 3645]",5371,55,5316,3,52,5316,0
2.0,HUMGARE,"[20, 25, 71, 299, 309, 322, 590, 598, 609, 633, 810, 964, 1056, 1121, 1138, 1264, 1273, 1277, 1399, 1467, 1537, 1583, 1641, 1872, 1881, 1900, 2239, 2243, 2299, 2328, 2330, 2373, 2411, 2415, 2455, 2558, 2611, 2631, 2653, 2861, 2960, 2964, 2998, 3118, 3133, 3186, 3190, 3207, 3213, 3254, 3259, 3369, 3507, 3522, 3872, 3993, 4469, 4704, 4718]","[810, 2239, 2653, 3118]","[20, 25, 71, 299, 309, 322, 590, 598, 609, 633, 964, 1056, 1121, 1138, 1264, 1273, 1277, 1399, 1467, 1537, 1583, 1641, 1872, 1881, 1900, 2243, 2299, 2328, 2330, 2373, 2411, 2415, 2455, 2558, 2611, 2631, 2861, 2960, 2964, 2998, 3133, 3186, 3190, 3207, 3213, 3254, 3259, 3369, 3507, 3522, 3872, 3993, 4469, 4704, 4718]","[810, 2239, 2653, 3118]",4747,59,4688,4,55,4688,0
2.0,HUMGCK,"[304, 444, 506, 573, 634, 725, 916, 1188, 1249, 1514, 1542, 1582, 1989, 2345, 2454, 2647, 2946, 2971, 3051, 3096, 3108, 3123, 3197, 3248, 3335, 3360, 3370, 3398, 3684, 3774, 3783, 3789, 3799, 3819, 3882, 3954, 3974, 4030, 4087, 4126, 4288, 4312, 4494, 4503, 4553, 4558, 4806, 4942, 4954, 4992, 4999, 5011, 5015, 5088, 5092, 5118, 5164, 5341, 5404, 5442, 5452, 5497, 5584, 5623, 5637, 5784, 5808, 5825, 5848, 5956, 5964, 5981, 6320, 6422, 6437, 6475, 6500, 6505, 6630, 6651, 6744, 6765, 6830, 6914, 6921, 6933, 6946, 7127, 7155, 7501, 7591, 7775]","[1188, 3360, 3882, 4312, 4806, 5015, 5452, 5964, 6475]","[304, 444, 506, 573, 634, 725, 916, 1249, 1514, 1542, 1582, 1989, 2345, 2454, 2647, 2946, 2971, 3051, 3096, 3108, 3123, 3197, 3248, 3335, 3370, 3398, 3684, 3774, 3783, 3789, 3799, 3819, 3954, 3974, 4030, 4087, 4126, 4288, 4494, 4503, 4553, 4558, 4942, 4954, 4992, 4999, 5011, 5088, 5092, 5118, 5164, 5341, 5404, 5442, 5497, 5584, 5623, 5637, 5784, 5808, 5825, 5848, 5956, 5981, 6320, 6422, 6437, 6500, 6505, 6630, 6651, 6744, 6765, 6830, 6914, 6921, 6933, 6946, 7127, 7155, 7501, 7591, 7775]","[1188, 3360, 3882, 4312, 4806, 5015, 5452, 5964, 6475]",7530,92,7438,9,83,7438,0
2.0,HUMGFP40H,"[4, 11, 224, 243, 278, 325, 686, 697, 763, 910, 963, 1058, 1140, 1173, 1217, 1465, 1578, 1731, 1748, 1840, 1846, 1870, 1943, 2111, 2361, 2486, 2551, 2593, 2628, 2646, 2752, 2781, 3042, 3126, 3261, 3263, 3295, 3319, 3325, 3420, 3426, 3615, 3833, 4025, 4290, 4337]","[910, 1058, 1173, 2593]","[4, 11, 224, 243, 278, 325, 686, 697, 763, 963, 1140, 1217, 1465, 1578, 1731, 1748, 1840, 1846, 1870, 1943, 2111, 2361, 2486, 2551, 2628, 2646, 2752, 2781, 3042, 3126, 3261, 3263, 3295, 3319, 3325, 3420, 3426, 3615, 3833, 4025, 4290, 4337]","[910, 1058, 1173, 2593]",4372,46,4326,4,42,4326,0
2.0,HUMGHG,"[40, 79, 689, 757, 946, 955, 1260, 1590, 1603, 1923, 1939, 1983, 2079, 2161, 2169, 2177, 2184, 2636, 2733, 2871, 2907, 3099, 3162, 3315, 3398, 3526, 3544, 3713, 3835, 4218]","[689, 1983, 2636, 3099]","[40, 79, 757, 946, 955, 1260, 1590, 1603, 1923, 1939, 2079, 2161, 2169, 2177, 2184, 2733, 2871, 2907, 3162, 3315, 3398, 3526, 3544, 3713, 3835, 4218]","[689, 1983, 2636, 3099]",4445,30,4415,4,26,4415,0
2.0,HUMGHN,"[85, 144, 148, 199, 235, 265, 307, 313, 397, 434, 569, 673, 989, 1008, 1034, 1176, 1316, 1501, 1574, 2145, 2181, 2217, 2384, 2439, 2583]","[569, 989, 1316, 1574]","[85, 144, 148, 199, 235, 265, 307, 313, 397, 434, 673, 1008, 1034, 1176, 1501, 2145, 2181, 2217, 2384, 2439, 2583]","[569, 989, 1316, 1574]",2650,25,2625,4,21,2625,0
2.0,HUMGHV,"[86, 145, 149, 198, 234, 264, 306, 312, 396, 432, 464, 566, 653, 998, 1010, 1017, 1030, 1043, 1064, 1136, 1188, 1307, 1328, 1351, 1372, 1511, 1580, 1584, 2087, 2152, 2188, 2207, 2223, 2388, 2443, 2485]","[566, 998, 1328, 1584]","[86, 145, 149, 198, 234, 264, 306, 312, 396, 432, 464, 653, 1010, 1017, 1030, 1043, 1064, 1136, 1188, 1307, 1351, 1372, 1511, 1580, 2087, 2152, 2188, 2207, 2223, 2388, 2443, 2485]","[566, 998, 1328, 1584]",2653,36,2617,4,32,2617,0
2.0,HUMGSTM4A,"[116, 487, 493, 516, 565, 588, 595, 758, 777, 781, 813, 903, 939, 943, 953, 964, 996, 1139, 1272, 1436, 1449, 1535, 1631, 1635, 1665, 1844, 2024, 2043, 2058, 2098, 2113, 2124, 2225, 2565, 2573, 2880, 2888, 2925, 3023, 3143, 3246, 3262, 3275, 3463, 3649, 3700, 3753, 3917, 3933, 3996, 4041, 4049, 4072, 4160, 4223, 4225, 4279, 4306, 4311, 4329, 4425, 4566, 4573, 4740, 4760, 4791, 4798, 4913, 4966, 4991, 5152, 5193, 5226, 5262, 5316, 5601, 5623, 5629]","[777, 1139, 1631, 2024, 2225, 3262, 3463]","[116, 487, 493, 516, 565, 588, 595, 758, 781, 813, 903, 939, 943, 953, 964, 996, 1272, 1436, 1449, 1535, 1635, 1665, 1844, 2043, 2058, 2098, 2113, 2124, 2565, 2573, 2880, 2888, 2925, 3023, 3143, 3246, 3275, 3649, 3700, 3753, 3917, 3933, 3996, 4041, 4049, 4072, 4160, 4223, 4225, 4279, 4306, 4311, 4329, 4425, 4566, 4573, 4740, 4760, 4791, 4798, 4913, 4966, 4991, 5152, 5193, 5226, 5262, 5316, 5601, 5623, 5629]","[777, 1139, 1631, 2024, 2225, 3262, 3463]",6075,78,5997,7,71,5997,0
2.0,HUMHMGIY,"[190, 310, 654, 720, 1075, 1337, 1472, 1557, 1927, 1961, 1967, 2136, 2345, 2388, 2454, 2558, 2578, 2704, 2994, 3195, 3267, 3280, 3664, 3749, 3875, 3900, 3978, 3983, 4055, 4180, 4328, 4358, 4410, 4412, 4416, 4529, 4627, 4648, 4660, 4711, 4753, 4773, 4781, 4785, 4801, 4831, 5010, 5075, 5100, 5150, 5169, 5308, 5444, 5461, 5496, 5569, 5574, 5584, 5619, 5655, 5722, 5733, 5745, 5961, 5982, 6012, 6274, 6334, 6344, 6422, 6527, 6544, 6627, 6673, 6687, 6744, 6776, 6897, 7016, 7022, 7032, 7038, 7089, 7102, 7133, 7137, 7166, 7270, 7274, 7315, 7420, 7449, 7463, 7629, 7691, 7695, 7781, 7923, 7939, 7962, 8043, 8047, 8095, 8151, 8267, 8361, 8374, 8507, 8968, 9134, 9153, 9199, 9248, 9286, 9360, 9390, 9424, 9763, 9791, 9823, 9857, 9995, 10022, 10031]","[4660, 6544, 7270]","[190, 310, 654, 720, 1075, 1337, 1472, 1557, 1927, 1961, 1967, 2136, 2345, 2388, 2454, 2558, 2578, 2704, 2994, 3195, 3267, 3280, 3664, 3749, 3875, 3900, 3978, 3983, 4055, 4180, 4328, 4358, 4410, 4412, 4416, 4529, 4627, 4648, 4711, 4753, 4773, 4781, 4785, 4801, 4831, 5010, 5075, 5100, 5150, 5169, 5308, 5444, 5461, 5496, 5569, 5574, 5584, 5619, 5655, 5722, 5733, 5745, 5961, 5982, 6012, 6274, 6334, 6344, 6422, 6527, 6627, 6673, 6687, 6744, 6776, 6897, 7016, 7022, 7032, 7038, 7089, 7102, 7133, 7137, 7166, 7274, 7315, 7420, 7449, 7463, 7629, 7691, 7695, 7781, 7923, 7939, 7962, 8043, 8047, 8095, 8151, 8267, 8361, 8374, 8507, 8968, 9134, 9153, 9199, 9248, 9286, 9360, 9390, 9424, 9763, 9791, 9823, 9857, 9995, 10022, 10031]","[4660, 6544, 7270]",10103,124,9979,3,121,9979,0
2.0,HUMHOX13G,"[93, 129, 336, 380, 503, 730, 811, 1102, 1131, 1153, 1392, 1446, 1451, 1641, 1653, 2039, 2083, 2115, 2405, 2502, 2576, 2652, 2796, 2814, 2828, 2984, 2996, 3059]",[811],"[93, 129, 336, 380, 503, 730, 1102, 1131, 1153, 1392, 1446, 1451, 1641, 1653, 2039, 2083, 2115, 2405, 2502, 2576, 2652, 2796, 2814, 2828, 2984, 2996, 3059]",[811],3064,28,3036,1,27,3036,0
2.0,HUMHPARS1,"[20, 338, 573, 601, 779, 873, 967, 1046, 1113, 1300, 1320, 1655, 1673, 1878, 1886, 1907, 1961, 2005, 2105, 2327, 2348, 2352, 2362, 2424, 2433, 2441, 2449, 2475, 2500, 2632, 2648, 2984, 3020, 3088, 3096, 3258, 3294, 3337, 3496, 3567, 3732, 3846, 3855, 3859, 3931, 3972, 4015, 4332, 4708, 4744, 4812, 4820, 4982, 5018, 5061, 5220, 5291, 5568, 5577, 5581, 5646, 5687, 5730, 6047, 6285, 6373, 6499, 6503, 6620, 6730, 6790, 6823, 6880, 6889, 6948, 7039, 7045, 7092, 7164, 7212, 7217, 7221, 7225, 7231, 7510, 7528, 7569, 7692, 7696, 7752, 7807, 7948, 8010, 8126, 8420, 8434, 8485, 8495, 8703, 8717, 8728, 8808, 8994, 9085, 9127, 9189, 9266, 9332, 9344, 9570, 9649, 9716, 9904, 9924, 10149, 10183, 10406, 10408, 10466, 10488, 10509, 10563, 10607, 10668, 10772, 11084, 11263, 11275, 11326, 11363, 11371, 11385, 11460, 11502]","[1046, 2632, 3020, 3855, 4744, 5577]","[20, 338, 573, 601, 779, 873, 967, 1113, 1300, 1320, 1655, 1673, 1878, 1886, 1907, 1961, 2005, 2105, 2327, 2348, 2352, 2362, 2424, 2433, 2441, 2449, 2475, 2500, 2648, 2984, 3088, 3096, 3258, 3294, 3337, 3496, 3567, 3732, 3846, 3859, 3931, 3972, 4015, 4332, 4708, 4812, 4820, 4982, 5018, 5061, 5220, 5291, 5568, 5581, 5646, 5687, 5730, 6047, 6285, 6373, 6499, 6503, 6620, 6730, 6790, 6823, 6880, 6889, 6948, 7039, 7045, 7092, 7164, 7212, 7217, 7221, 7225, 7231, 7510, 7528, 7569, 7692, 7696, 7752, 7807, 7948, 8010, 8126, 8420, 8434, 8485, 8495, 8703, 8717, 8728, 8808, 8994, 9085, 9127, 9189, 9266, 9332, 9344, 9570, 9649, 9716, 9904, 9924, 10149, 10183, 10406, 10408, 10466, 10488, 10509, 10563, 10607, 10668, 10772, 11084, 11263, 11275, 11326, 11363, 11371, 11385, 11460, 11502]","[1046, 2632, 3020, 3855, 4744, 5577]",11544,134,11410,6,128,11410,0
2.0,HUMIBP3,"[182, 297, 471, 854, 1111, 1260, 1284, 1409, 1473, 1495, 1556, 1586, 1613, 1623, 1631, 1685, 1701, 1718, 2086, 2107, 2149, 2163, 2187, 2221, 2253, 2277, 2441, 2457, 2509, 2555, 2584, 2687, 2715, 2845, 2849, 2935, 2951, 2984, 3048, 3052, 3142, 3149, 3153, 3356, 3635, 3734, 3924, 3984, 4247, 4262, 4304, 4342, 4358, 4406, 4476, 4713, 4924, 4977, 5020, 5048, 5122, 5197, 5323, 5394, 5534, 5553, 5586, 5735, 5953, 6005, 6064, 6333, 6375, 6425, 6617, 6621, 6633, 6748, 6764, 7087, 7137, 7184, 7249, 7377, 7471, 7607, 7687, 7708, 7835, 7842, 7854, 7925, 8250, 8262, 8353, 8514, 8648, 8677, 8751, 8756, 9014, 9095, 9118, 9132, 9390, 9458, 9677, 9682, 9873, 9945, 10026, 10031, 10085, 10425, 10554, 10602]","[2441, 5953, 6617]","[182, 297, 471, 854, 1111, 1260, 1284, 1409, 1473, 1495, 1556, 1586, 1613, 1623, 1631, 1685, 1701, 1718, 2086, 2107, 2149, 2163, 2187, 2221, 2253, 2277, 2457, 2509, 2555, 2584, 2687, 2715, 2845, 2849, 2935, 2951, 2984, 3048, 3052, 3142, 3149, 3153, 3356, 3635, 3734, 3924, 3984, 4247, 4262, 4304, 4342, 4358, 4406, 4476, 4713, 4924, 4977, 5020, 5048, 5122, 5197, 5323, 5394, 5534, 5553, 5586, 5735, 6005, 6064, 6333, 6375, 6425, 6621, 6633, 6748, 6764, 7087, 7137, 7184, 7249, 7377, 7471, 7607, 7687, 7708, 7835, 7842, 7854, 7925, 8250, 8262, 8353, 8514, 8648, 8677, 8751, 8756, 9014, 9095, 9118, 9132, 9390, 9458, 9677, 9682, 9873, 9945, 10026, 10031, 10085, 10425, 10554, 10602]","[2441, 5953, 6617]",10877,116,10761,3,113,10761,0
2.0,HUMIDS,"[145, 172, 296, 372, 596, 636, 672, 1160, 1685, 1797, 1972, 2038, 2060, 2064, 2248, 2333, 2356, 2376, 2471, 2549, 2769, 2856, 2860, 2882, 2916, 3108, 3140, 3164, 3216, 3222, 3238, 3243, 3321, 3374, 3506, 3731, 3842, 4119, 4123, 4174, 4384, 4684, 4768, 4778, 4834, 4865, 4917, 5228, 5244, 5325, 5352, 5385, 5446, 5641, 5850, 5864, 5869, 5876, 5927, 6071, 6150, 6173, 6178, 6269, 6652, 6806, 6964, 7027, 7093, 7095, 7368, 7447, 7784, 7815, 8019, 8049, 8086, 8166, 8230, 8249, 8266, 8277, 8364, 8494, 8557, 8678, 8700, 8721, 8796, 9000, 9161, 9254, 9282, 9286, 9391, 9470, 9526, 9541, 9554, 9819, 9847, 9897, 9901, 9965, 9996, 10007, 10094, 10120, 10137, 10170, 10235, 10301, 10316, 10677, 10734, 10873, 10877, 10987, 11102, 11131, 11136, 11158, 11182, 11290, 11397, 11401, 11849, 11928, 12302, 12325, 12329, 12496, 12855, 12961, 13087, 13103, 13162, 13437, 13452, 13812, 13840, 13919, 13928, 13969, 14036, 14040, 14124, 14169, 14418, 14508, 14581, 14645, 14655, 14702, 14808, 14903, 14925, 14980, 15205, 15210, 15473, 15477, 15575, 15579, 15584, 15596, 15654, 15693, 15803, 15879, 15901, 15968, 16006, 16078, 16080, 16084, 16088, 16829, 16844, 16873, 16993, 17048, 17085, 17241, 17591, 17881, 18126, 18130, 18287, 18292, 18335, 18407, 18552, 18603, 18633, 18666, 18689, 18711, 18811, 18947, 18957, 18976, 19023, 19046, 19095, 19106, 19268, 19301, 19413, 19483, 19537, 19565, 19599, 19657, 19747, 19773, 19916, 20032, 20044, 20114, 20859, 20996, 21158, 21216, 21250, 21311, 21472, 21624, 21640, 21712, 21720, 21795, 21930, 21946, 22029, 22055, 22264, 22309, 22369, 22455, 22524, 22536, 22609, 22695, 22809, 22814, 22822, 23146, 23157, 23287, 23296, 23415, 23472, 23494, 23648, 24062, 24330, 24426, 24724, 24865, 24873, 25403, 25482, 25514, 25554, 25810, 25819, 25831, 26004, 26093, 26308, 26425, 26535, 26836, 26843, 26852, 26888, 26943, 26975, 27023, 27097, 27132, 27229, 27735, 27785, 27789, 27969, 27983, 28311, 28366, 28627, 28676, 28713, 28751, 28773, 28792, 28973, 28981, 28988, 29043, 29070, 29246, 29294, 29300, 29338, 29359, 29361, 29400, 29441, 29501, 29518, 29555, 29710, 29825, 29830, 29950, 30034, 30255, 30261, 30268, 30339, 30410, 30436, 30535, 30554, 30602, 30606, 30612, 30773, 30868, 30999, 31004, 31038, 31046, 31147, 31168, 31179, 31515, 31699, 31914, 32027, 32099, 32333, 32758, 32809, 33216, 33318, 33369, 33480, 33641, 33667, 33900, 34107, 34423, 34598, 34638, 34645, 34665, 34878, 35092, 35521, 35535, 35626, 35752, 35761, 35766, 35777, 35785, 35816, 35853, 35860, 35958, 36138, 36154, 36195, 36293, 36418, 36655, 36682, 36686, 36699, 36718, 36726, 36820]","[1160, 2038, 2882, 5244, 8086, 9847, 15879, 19268]","[145, 172, 296, 372, 596, 636, 672, 1685, 1797, 1972, 2060, 2064, 2248, 2333, 2356, 2376, 2471, 2549, 2769, 2856, 2860, 2916, 3108, 3140, 3164, 3216, 3222, 3238, 3243, 3321, 3374, 3506, 3731, 3842, 4119, 4123, 4174, 4384, 4684, 4768, 4778, 4834, 4865, 4917, 5228, 5325, 5352, 5385, 5446, 5641, 5850, 5864, 5869, 5876, 5927, 6071, 6150, 6173, 6178, 6269, 6652, 6806, 6964, 7027, 7093, 7095, 7368, 7447, 7784, 7815, 8019, 8049, 8166, 8230, 8249, 8266, 8277, 8364, 8494, 8557, 8678, 8700, 8721, 8796, 9000, 9161, 9254, 9282, 9286, 9391, 9470, 9526, 9541, 9554, 9819, 9897, 9901, 9965, 9996, 10007, 10094, 10120, 10137, 10170, 10235, 10301, 10316, 10677, 10734, 10873, 10877, 10987, 11102, 11131, 11136, 11158, 11182, 11290, 11397, 11401, 11849, 11928, 12302, 12325, 12329, 12496, 12855, 12961, 13087, 13103, 13162, 13437, 13452, 13812, 13840, 13919, 13928, 13969, 14036, 14040, 14124, 14169, 14418, 14508, 14581, 14645, 14655, 14702, 14808, 14903, 14925, 14980, 15205, 15210, 15473, 15477, 15575, 15579, 15584, 15596, 15654, 15693, 15803, 15901, 15968, 16006, 16078, 16080, 16084, 16088, 16829, 16844, 16873, 16993, 17048, 17085, 17241, 17591, 17881, 18126, 18130, 18287, 18292, 18335, 18407, 18552, 18603, 18633, 18666, 18689, 18711, 18811, 18947, 18957, 18976, 19023, 19046, 19095, 19106, 19301, 19413, 19483, 19537, 19565, 19599, 19657, 19747, 19773, 19916, 20032, 20044, 20114, 20859, 20996, 21158, 21216, 21250, 21311, 21472, 21624, 21640, 21712, 21720, 21795, 21930, 21946, 22029, 22055, 22264, 22309, 22369, 22455, 22524, 22536, 22609, 22695, 22809, 22814, 22822, 23146, 23157, 23287, 23296, 23415, 23472, 23494, 23648, 24062, 24330, 24426, 24724, 24865, 24873, 25403, 25482, 25514, 25554, 25810, 25819, 25831, 26004, 26093, 26308, 26425, 26535, 26836, 26843, 26852, 26888, 26943, 26975, 27023, 27097, 27132, 27229, 27735, 27785, 27789, 27969, 27983, 28311, 28366, 28627, 28676, 28713, 28751, 28773, 28792, 28973, 28981, 28988, 29043, 29070, 29246, 29294, 29300, 29338, 29359, 29361, 29400, 29441, 29501, 29518, 29555, 29710, 29825, 29830, 29950, 30034, 30255, 30261, 30268, 30339, 30410, 30436, 30535, 30554, 30602, 30606, 30612, 30773, 30868, 30999, 31004, 31038, 31046, 31147, 31168, 31179, 31515, 31699, 31914, 32027, 32099, 32333, 32758, 32809, 33216, 33318, 33369, 33480, 33641, 33667, 33900, 34107, 34423, 34598, 34638, 34645, 34665, 34878, 35092, 35521, 35535, 35626, 35752, 35761, 35766, 35777, 35785, 35816, 35853, 35860, 35958, 36138, 36154, 36195, 36293, 36418, 36655, 36682, 36686, 36699, 36718, 36726, 36820]","[1160, 2038, 2882, 5244, 8086, 9847, 15879, 19268]",36838,384,36454,8,376,36454,0
2.0,HUMIGERA,"[68, 101, 106, 147, 437, 529, 627, 831, 1072, 1089, 1093, 1097, 1261, 1319, 1342, 1403, 1418, 1425, 1507, 1601, 1610, 1664, 1797, 2173, 2574, 2925, 2948, 3105, 3141, 3297, 3309, 3340, 3396, 3416, 3444, 3459, 3471, 3683, 3761, 3845, 4070, 4124, 4407, 4527, 4653, 4792, 4892, 4939, 4942, 4971, 5005, 5024, 5037, 5043, 5105, 5168, 5176, 5309, 5359, 5409, 5622, 5626, 5681, 5689, 5709, 5755, 6038, 6083, 6119, 6188, 6281, 6676, 6683, 6717, 7019, 7238, 7275, 7280]","[1342, 1797, 3105, 5168]","[68, 101, 106, 147, 437, 529, 627, 831, 1072, 1089, 1093, 1097, 1261, 1319, 1403, 1418, 1425, 1507, 1601, 1610, 1664, 2173, 2574, 2925, 2948, 3141, 3297, 3309, 3340, 3396, 3416, 3444, 3459, 3471, 3683, 3761, 3845, 4070, 4124, 4407, 4527, 4653, 4792, 4892, 4939, 4942, 4971, 5005, 5024, 5037, 5043, 5105, 5176, 5309, 5359, 5409, 5622, 5626, 5681, 5689, 5709, 5755, 6038, 6083, 6119, 6188, 6281, 6676, 6683, 6717, 7019, 7238, 7275, 7280]","[1342, 1797, 3105, 5168]",7652,78,7574,4,74,7574,0
2.0,HUMIL2RGA,"[7, 11, 28, 203, 231, 259, 272, 299, 735, 772, 817, 840, 851, 943, 1017, 1128, 1210, 1232, 1260, 1440, 1445, 1476, 1492, 1519, 1646, 1884, 1914, 1957, 1980, 2087, 2091, 2162, 2176, 2402, 2505, 2562, 2589, 2621, 2683, 2783, 2794, 2823, 2841, 2857, 3009, 3031, 3068, 3111, 3126, 3130, 3158, 3229, 3353, 3429, 3565, 3718, 3777, 3781, 3942, 4026]","[203, 735, 1128, 1476, 2402, 3031, 3353]","[7, 11, 28, 231, 259, 272, 299, 772, 817, 840, 851, 943, 1017, 1210, 1232, 1260, 1440, 1445, 1492, 1519, 1646, 1884, 1914, 1957, 1980, 2087, 2091, 2162, 2176, 2505, 2562, 2589, 2621, 2683, 2783, 2794, 2823, 2841, 2857, 3009, 3068, 3111, 3126, 3130, 3158, 3229, 3429, 3565, 3718, 3777, 3781, 3942, 4026]","[203, 735, 1128, 1476, 2402, 3031, 3353]",4031,60,3971,7,53,3971,0
2.0,HUMIL4A,"[31, 59, 67, 126, 189, 239, 290, 328, 399, 407, 491, 596, 961, 989, 1248, 1306, 1344, 1408, 1466, 1496, 1529, 1626, 1644, 1918, 2072, 2187, 2499, 2509, 2726, 2810, 2969, 2997, 3017, 3021, 3035, 3045, 3234, 3254, 3354, 3380, 3433, 3469, 3581, 3861, 3877, 4037, 4089, 4326, 4460, 4465, 4541, 4830, 4837, 4997, 5081, 5094, 5176, 5426, 5432, 5439, 5549, 5634, 5720, 6427, 6460, 6483, 6557, 6702, 6914, 7003, 7159, 7171, 7350, 7433, 7486, 7514, 7518, 7574, 7633, 7646, 7666, 7915, 7981, 8041, 8135, 8140, 8159, 8165, 8208, 8316, 8362, 8391, 8407, 8446, 8461, 8466, 8512, 8523, 8605, 8686, 8706, 9000, 9088, 9169, 9262, 9292, 9369, 9400, 9501, 9516, 9603, 9622]","[1306, 1626, 7003]","[31, 59, 67, 126, 189, 239, 290, 328, 399, 407, 491, 596, 961, 989, 1248, 1344, 1408, 1466, 1496, 1529, 1644, 1918, 2072, 2187, 2499, 2509, 2726, 2810, 2969, 2997, 3017, 3021, 3035, 3045, 3234, 3254, 3354, 3380, 3433, 3469, 3581, 3861, 3877, 4037, 4089, 4326, 4460, 4465, 4541, 4830, 4837, 4997, 5081, 5094, 5176, 5426, 5432, 5439, 5549, 5634, 5720, 6427, 6460, 6483, 6557, 6702, 6914, 7159, 7171, 7350, 7433, 7486, 7514, 7518, 7574, 7633, 7646, 7666, 7915, 7981, 8041, 8135, 8140, 8159, 8165, 8208, 8316, 8362, 8391, 8407, 8446, 8461, 8466, 8512, 8523, 8605, 8686, 8706, 9000, 9088, 9169, 9262, 9292, 9369, 9400, 9501, 9516, 9603, 9622]","[1306, 1626, 7003]",9893,112,9781,3,109,9781,0
2.0,HUMIRBPG,"[208, 358, 509, 514, 553, 786, 791, 889, 964, 1011, 1027, 1285, 1420, 1426, 1441, 1487, 1516, 1730, 1819, 1823, 1861, 1960, 2203, 2254, 2338, 2395, 2404, 2419, 2428, 2461, 2593, 2761, 2776, 2858, 2935, 2944, 3026, 3049, 3181, 3221, 3263, 3400, 3550, 3610, 3776, 3837, 3861, 3995, 4070, 4084, 4321, 4331, 4548, 4554, 4599, 4606, 4612, 4672, 4677, 4686, 4736, 4860, 4944, 5049, 5069, 5157, 5171, 5340, 5556, 5568, 5575, 5579, 5838, 5845, 6075, 6145, 6337, 6592, 6596, 6673, 6975, 7028, 7126, 7156, 7160, 7234, 7238, 7261, 7755, 7759, 7818, 7948, 8440, 8713, 8766, 8885, 9002, 9008, 9086, 9118, 9193, 9244, 9262, 9308, 9683, 9691]","[3181, 5157, 7160]","[208, 358, 509, 514, 553, 786, 791, 889, 964, 1011, 1027, 1285, 1420, 1426, 1441, 1487, 1516, 1730, 1819, 1823, 1861, 1960, 2203, 2254, 2338, 2395, 2404, 2419, 2428, 2461, 2593, 2761, 2776, 2858, 2935, 2944, 3026, 3049, 3221, 3263, 3400, 3550, 3610, 3776, 3837, 3861, 3995, 4070, 4084, 4321, 4331, 4548, 4554, 4599, 4606, 4612, 4672, 4677, 4686, 4736, 4860, 4944, 5049, 5069, 5171, 5340, 5556, 5568, 5575, 5579, 5838, 5845, 6075, 6145, 6337, 6592, 6596, 6673, 6975, 7028, 7126, 7156, 7234, 7238, 7261, 7755, 7759, 7818, 7948, 8440, 8713, 8766, 8885, 9002, 9008, 9086, 9118, 9193, 9244, 9262, 9308, 9683, 9691]","[3181, 5157, 7160]",9704,106,9598,3,103,9598,0
2.0,HUMLHDC,"[166, 258, 262, 304, 697, 766, 791, 820, 843, 941, 1011, 1031, 1306, 1326, 1551, 1727, 1763, 1792, 1950, 2083, 2138, 2549, 2859, 3070, 3546, 3633, 3735, 3820, 3959, 4192, 4598, 4641, 4897, 4925, 5212, 5217, 5295, 5520, 5561, 5691, 5821, 5881, 5931, 6016, 6047, 6140, 6172, 6230, 6257, 6295, 6432, 6468, 6492, 6593, 6726, 6793, 7283, 7357, 7415, 7475, 7498, 7574, 7874, 7878, 7949, 7953, 8024, 8171, 8200, 8238, 8277, 8345, 8579, 8624, 8690, 8728, 8814, 8890, 8894, 8992, 9392, 9550, 9641, 9773, 9823, 9856, 10127, 10230, 10261, 10326, 10331, 10400, 10421, 10512, 10795, 10949, 11053, 11067, 11183, 11221, 11321, 11346, 11591, 11685, 11713, 11761, 11765, 11770, 11774, 11797, 11886, 12252, 12323, 12347, 12354, 12358, 12416, 12435, 12464, 12607, 12635, 12756, 12837, 12947, 12953, 13017, 13049, 13074, 13087, 13182, 13195, 13467, 13608, 13676, 13768, 14169, 14173, 14461, 14494, 14605, 14656, 14807, 14811, 15039, 15091, 15095, 15099, 15103, 15584, 15769, 15824, 15896, 15970, 16003, 16129, 16240, 16327, 16364, 16409, 16490, 16729, 16774, 17017, 17022, 17085, 17237, 17363, 17536, 17581, 17614, 17628, 18002, 18253, 18382, 18413, 18464, 18468, 18519, 18587, 18770, 18782, 18827, 18855, 18919, 18932, 18953, 19019, 19108, 19140, 19171, 19245, 19272, 19312, 19500, 19518, 19553, 19588, 19687, 19692, 19809, 19835, 19884, 19921, 19951, 20075, 20118, 20137, 20143, 20231, 20300, 20482, 20508, 20534, 20559, 20774, 20857, 20957, 21206, 21519, 21593, 21652, 21661, 21665, 21813, 21867, 22046, 22069, 22090, 22140, 22196, 22219, 22223, 22581, 22659, 22741, 22928, 23120, 23246, 23414, 23450, 23457, 23463, 23475, 23496, 23600, 23696, 23701, 23866, 24017, 24054, 24059, 24086, 24116, 24318, 24453, 24614, 24636, 24666, 24767, 24780, 24970, 24985, 25000, 25106, 25206, 25233, 25246, 25405, 25488, 25563, 25569, 25614, 25622, 25685, 25698, 25846, 25895, 25984, 26119, 26636, 26660, 27053, 27058, 27104, 27266, 27550, 27699, 27752, 27789, 27794, 27808, 28034, 28067, 28086, 28133, 28177, 28191, 28399, 28411, 28493, 28499, 28537, 28671, 28675, 28843, 28923, 28983, 29144, 29151, 29161, 29174, 29183, 29456, 29564, 29672, 29704, 29773, 29869, 30189, 30408, 30438, 30474, 30498, 30867, 30871, 31151, 31191, 31264, 31391, 31426, 31558, 31578, 31702, 31819, 31856, 32156, 32346]","[7415, 9773, 14605, 15584, 18382, 18782, 19312, 20300, 20482, 24666, 29773]","[166, 258, 262, 304, 697, 766, 791, 820, 843, 941, 1011, 1031, 1306, 1326, 1551, 1727, 1763, 1792, 1950, 2083, 2138, 2549, 2859, 3070, 3546, 3633, 3735, 3820, 3959, 4192, 4598, 4641, 4897, 4925, 5212, 5217, 5295, 5520, 5561, 5691, 5821, 5881, 5931, 6016, 6047, 6140, 6172, 6230, 6257, 6295, 6432, 6468, 6492, 6593, 6726, 6793, 7283, 7357, 7475, 7498, 7574, 7874, 7878, 7949, 7953, 8024, 8171, 8200, 8238, 8277, 8345, 8579, 8624, 8690, 8728, 8814, 8890, 8894, 8992, 9392, 9550, 9641, 9823, 9856, 10127, 10230, 10261, 10326, 10331, 10400, 10421, 10512, 10795, 10949, 11053, 11067, 11183, 11221, 11321, 11346, 11591, 11685, 11713, 11761, 11765, 11770, 11774, 11797, 11886, 12252, 12323, 12347, 12354, 12358, 12416, 12435, 12464, 12607, 12635, 12756, 12837, 12947, 12953, 13017, 13049, 13074, 13087, 13182, 13195, 13467, 13608, 13676, 13768, 14169, 14173, 14461, 14494, 14656, 14807, 14811, 15039, 15091, 15095, 15099, 15103, 15769, 15824, 15896, 15970, 16003, 16129, 16240, 16327, 16364, 16409, 16490, 16729, 16774, 17017, 17022, 17085, 17237, 17363, 17536, 17581, 17614, 17628, 18002, 18253, 18413, 18464, 18468, 18519, 18587, 18770, 18827, 18855, 18919, 18932, 18953, 19019, 19108, 19140, 19171, 19245, 19272, 19500, 19518, 19553, 19588, 19687, 19692, 19809, 19835, 19884, 19921, 19951, 20075, 20118, 20137, 20143, 20231, 20508, 20534, 20559, 20774, 20857, 20957, 21206, 21519, 21593, 21652, 21661, 21665, 21813, 21867, 22046, 22069, 22090, 22140, 22196, 22219, 22223, 22581, 22659, 22741, 22928, 23120, 23246, 23414, 23450, 23457, 23463, 23475, 23496, 23600, 23696, 23701, 23866, 24017, 24054, 24059, 24086, 24116, 24318, 24453, 24614, 24636, 24767, 24780, 24970, 24985, 25000, 25106, 25206, 25233, 25246, 25405, 25488, 25563, 25569, 25614, 25622, 25685, 25698, 25846, 25895, 25984, 26119, 26636, 26660, 27053, 27058, 27104, 27266, 27550, 27699, 27752, 27789, 27794, 27808, 28034, 28067, 28086, 28133, 28177, 28191, 28399, 28411, 28493, 28499, 28537, 28671, 28675, 28843, 28923, 28983, 29144, 29151, 29161, 29174, 29183, 29456, 29564, 29672, 29704, 29869, 30189, 30408, 30438, 30474, 30498, 30867, 30871, 31151, 31191, 31264, 31391, 31426, 31558, 31578, 31702, 31819, 31856, 32156, 32346]","[7415, 9773, 14605, 15584, 18382, 18782, 19312, 20300, 20482, 24666, 29773]",32344,337,32007,11,326,32007,0
2.0,HUMLUCT,"[38, 108, 324, 728, 808, 1095, 1267, 1358, 1476, 1550, 1631, 1800, 1818, 1877, 2071, 2216, 2369, 2405, 2505, 2562, 2829, 2861, 2962, 3004]","[1550, 2505, 2861]","[38, 108, 324, 728, 808, 1095, 1267, 1358, 1476, 1631, 1800, 1818, 1877, 2071, 2216, 2369, 2405, 2562, 2829, 2962, 3004]","[1550, 2505, 2861]",3289,24,3265,3,21,3265,0
2.0,HUMLYTOXBB,"[393, 456, 492, 540, 675, 677, 855, 1097, 1235, 1357, 1361, 1383, 1395, 1430, 1472, 1511, 1515, 1917, 2056, 2109, 2115, 2157, 2184, 2188, 2202, 2275, 2284, 2407, 2641, 2657, 2672, 2694, 2717, 2734, 2800, 2859, 2877, 2934, 3048, 3150, 3172, 3207, 3223, 3229, 3274, 3280, 3330, 3376, 3631, 3808, 4234, 4298, 4333, 4348, 4358, 4376, 4402, 4466, 4472, 4477, 4491, 4498, 4504, 4508, 4558, 4665, 4677, 4738, 4830, 4935, 4948, 5005, 5220, 5291, 5345, 5349, 5355, 5435, 5530, 5655, 6032, 6167, 6179]","[2934, 3376, 3631]","[393, 456, 492, 540, 675, 677, 855, 1097, 1235, 1357, 1361, 1383, 1395, 1430, 1472, 1511, 1515, 1917, 2056, 2109, 2115, 2157, 2184, 2188, 2202, 2275, 2284, 2407, 2641, 2657, 2672, 2694, 2717, 2734, 2800, 2859, 2877, 3048, 3150, 3172, 3207, 3223, 3229, 3274, 3280, 3330, 3808, 4234, 4298, 4333, 4348, 4358, 4376, 4402, 4466, 4472, 4477, 4491, 4498, 4504, 4508, 4558, 4665, 4677, 4738, 4830, 4935, 4948, 5005, 5220, 5291, 5345, 5349, 5355, 5435, 5530, 5655, 6032, 6167, 6179]","[2934, 3376, 3631]",6298,83,6215,3,80,6215,0
2.0,HUMMCHEMP,"[159, 280, 674, 749, 790, 812, 968, 984, 988, 992, 1030, 1065, 1077, 1167, 1328, 1590, 1899, 2023, 2201, 2252, 2500, 2514, 2540, 2621]","[674, 1590]","[159, 280, 749, 790, 812, 968, 984, 988, 992, 1030, 1065, 1077, 1167, 1328, 1899, 2023, 2201, 2252, 2500, 2514, 2540, 2621]","[674, 1590]",2758,24,2734,2,22,2734,0
2.0,HUMMET2,"[432, 487, 505, 565, 615, 629, 866, 985, 1109, 1128, 1167, 1233, 1237, 1394, 1456, 1553]","[866, 1233]","[432, 487, 505, 565, 615, 629, 985, 1109, 1128, 1167, 1237, 1394, 1456, 1553]","[866, 1233]",1696,16,1680,2,14,1680,0
2.0,HUMMGPA,"[4, 333, 337, 845, 973, 1045, 1050, 1288, 1299, 1566, 1628, 1723, 1777, 2041, 2295, 2477, 2484, 2515, 2598, 2707, 2979, 3022, 3076, 3121, 3137, 3516, 3632, 3748, 3847, 3864, 3906, 4493, 4586, 5093, 5097, 5219, 5401, 5548, 6334, 6629, 6633, 6637, 7330, 7349, 7401, 7603, 7617]","[3516, 5093, 6334]","[4, 333, 337, 845, 973, 1045, 1050, 1288, 1299, 1566, 1628, 1723, 1777, 2041, 2295, 2477, 2484, 2515, 2598, 2707, 2979, 3022, 3076, 3121, 3137, 3632, 3748, 3847, 3864, 3906, 4493, 4586, 5097, 5219, 5401, 5548, 6629, 6633, 6637, 7330, 7349, 7401, 7603, 7617]","[3516, 5093, 6334]",7727,47,7680,3,44,7680,0
2.0,HUMMIF,"[71, 134, 418, 521, 580, 700, 713, 753, 825, 903, 912, 997, 1056, 1129, 1281, 1479, 1529, 1601, 1643, 1775, 1893, 1960, 1988, 2014, 2123]","[1281, 1643]","[71, 134, 418, 521, 580, 700, 713, 753, 825, 903, 912, 997, 1056, 1129, 1479, 1529, 1601, 1775, 1893, 1960, 1988, 2014, 2123]","[1281, 1643]",2160,25,2135,2,23,2135,0
2.0,HUMMIS,"[135, 304, 427, 527, 623, 627, 669, 778, 837, 1169, 1295, 1328, 1358, 1474, 1489, 1639, 1739, 1887, 2044, 2262, 2535, 2674, 2699, 2832, 2962, 2980, 3093]","[623, 1358, 1639, 1887]","[135, 304, 427, 527, 627, 669, 778, 837, 1169, 1295, 1328, 1474, 1489, 1739, 2044, 2262, 2535, 2674, 2699, 2832, 2962, 2980, 3093]","[623, 1358, 1639, 1887]",3093,27,3066,4,23,3066,0
2.0,HUMMKXX,"[89, 225, 471, 614, 679, 870, 915, 1040, 1108, 1168, 1264, 1290, 1415, 1574, 1600, 1652, 1699, 1737, 1887, 2019, 2039, 2078, 2202, 2315, 2344, 2376, 2442, 2463, 2676, 2687, 2935, 2985, 3142, 3162, 3172, 3194, 3262]","[1415, 1737, 2019]","[89, 225, 471, 614, 679, 870, 915, 1040, 1108, 1168, 1264, 1290, 1574, 1600, 1652, 1699, 1887, 2039, 2078, 2202, 2315, 2344, 2376, 2442, 2463, 2676, 2687, 2935, 2985, 3142, 3162, 3172, 3194, 3262]","[1415, 1737, 2019]",3301,37,3264,3,34,3264,0
2.0,HUMNKG5PRO,"[114, 214, 247, 290, 298, 302, 345, 362, 389, 605, 666, 843, 964, 1055, 1118, 1150, 1306, 1383, 1505, 1543, 1644, 1689, 1818, 1865, 1896, 1921, 2016, 2037, 2091, 2179, 2262, 2345, 2357, 2431, 2567, 2589, 2639, 2715, 2721, 2788, 2915, 2940, 2944, 2978, 3111, 3168, 3215, 3283, 3288, 3306, 3314, 3387, 3519, 3580, 3584, 3750, 3848, 3912, 3982, 3992, 4048, 4192, 4290, 4389, 4473, 4968, 5043, 5135, 5180, 5281, 5323, 5379, 5435, 5468, 5480, 5744, 5804, 6043, 6072, 6237, 6246, 6251, 6256, 6422, 6576, 6599, 6672]","[2262, 3215, 3848, 5468]","[114, 214, 247, 290, 298, 302, 345, 362, 389, 605, 666, 843, 964, 1055, 1118, 1150, 1306, 1383, 1505, 1543, 1644, 1689, 1818, 1865, 1896, 1921, 2016, 2037, 2091, 2179, 2345, 2357, 2431, 2567, 2589, 2639, 2715, 2721, 2788, 2915, 2940, 2944, 2978, 3111, 3168, 3283, 3288, 3306, 3314, 3387, 3519, 3580, 3584, 3750, 3912, 3982, 3992, 4048, 4192, 4290, 4389, 4473, 4968, 5043, 5135, 5180, 5281, 5323, 5379, 5435, 5480, 5744, 5804, 6043, 6072, 6237, 6246, 6251, 6256, 6422, 6576, 6599, 6672]","[2262, 3215, 3848, 5468]",6739,87,6652,4,83,6652,0
2.0,HUMNTRI,"[10, 163, 313, 422, 427, 575, 668, 803, 887, 893, 998, 1247, 1349, 1385, 1483, 1544, 1629, 1895, 1897, 1939, 1993, 2145, 2166, 2320, 2342, 2412, 2615, 2802, 2894, 3141, 3151, 3675]",[2802],"[10, 163, 313, 422, 427, 575, 668, 803, 887, 893, 998, 1247, 1349, 1385, 1483, 1544, 1629, 1895, 1897, 1939, 1993, 2145, 2166, 2320, 2342, 2412, 2615, 2894, 3141, 3151, 3675]",[2802],3703,32,3671,1,31,3671,0
2.0,HUMNTRIII,"[10, 163, 319, 422, 427, 575, 668, 803, 887, 893, 998, 1247, 1349, 1385, 1483, 1544, 1629, 1895, 1897, 1939, 1993, 2145, 2166, 2320, 2342, 2412, 2615, 2802, 2894, 3141, 3151, 3675]",[2802],"[10, 163, 319, 422, 427, 575, 668, 803, 887, 893, 998, 1247, 1349, 1385, 1483, 1544, 1629, 1895, 1897, 1939, 1993, 2145, 2166, 2320, 2342, 2412, 2615, 2894, 3141, 3151, 3675]",[2802],3703,32,3671,1,31,3671,0
2.0,HUMOSTP,"[214, 371, 381, 461, 965, 970, 1509, 1549, 1581, 1614, 2039, 2075, 2102, 2162, 2358, 2524, 2674, 2833, 2845, 3054, 3127, 3154, 3257, 3385, 3509, 3657, 3712, 3890, 3909, 4230, 4438, 4476, 4632, 4738, 4896, 5013, 5386, 5446, 5680, 5856, 5862, 6004, 6322, 6327, 6420, 6480, 6496, 6679, 6986, 7239, 7813, 7897, 7901, 8035, 8287, 8349, 8520, 8785, 8832, 8836, 8884, 9159, 9312, 9372, 9813, 9848, 10025, 10030, 10074, 10293, 10352, 10617, 10776, 10814]","[3509, 3657, 6679, 6986, 8349]","[214, 371, 381, 461, 965, 970, 1509, 1549, 1581, 1614, 2039, 2075, 2102, 2162, 2358, 2524, 2674, 2833, 2845, 3054, 3127, 3154, 3257, 3385, 3712, 3890, 3909, 4230, 4438, 4476, 4632, 4738, 4896, 5013, 5386, 5446, 5680, 5856, 5862, 6004, 6322, 6327, 6420, 6480, 6496, 7239, 7813, 7897, 7901, 8035, 8287, 8520, 8785, 8832, 8836, 8884, 9159, 9312, 9372, 9813, 9848, 10025, 10030, 10074, 10293, 10352, 10617, 10776, 10814]","[3509, 3657, 6679, 6986, 8349]",10731,74,10657,5,69,10657,0
2.0,HUMPAP,"[167, 440, 593, 641, 659, 673, 747, 1012, 1016, 1262, 1268, 1410, 1481, 1490, 1495, 1644, 1676, 1690, 1737, 1774, 1897, 1970, 2089, 2115, 2354, 2367, 2414, 2450, 2963, 3062, 3085, 3143, 3167, 3266, 3336, 3342, 3455, 3472, 3477, 3543, 3574, 3874, 3890, 3892, 3907, 4164, 4270, 4356, 4366, 4478]","[1410, 2089, 2414, 3167]","[167, 440, 593, 641, 659, 673, 747, 1012, 1016, 1262, 1268, 1481, 1490, 1495, 1644, 1676, 1690, 1737, 1774, 1897, 1970, 2115, 2354, 2367, 2450, 2963, 3062, 3085, 3143, 3266, 3336, 3342, 3455, 3472, 3477, 3543, 3574, 3874, 3890, 3892, 3907, 4164, 4270, 4356, 4366, 4478]","[1410, 2089, 2414, 3167]",4490,50,4440,4,46,4440,0
2.0,HUMPCI,"[284, 308, 312, 511, 803, 807, 914, 956, 1118, 1289, 1538, 1823, 1856, 1978, 2078, 2082, 2124, 2208, 2226, 2230, 2298, 2329, 2420, 2426, 2579, 2586, 2671, 2784, 2812, 2930, 2948, 2957, 3129, 3238, 3307, 3477, 3536, 3545, 3575, 3636, 3648, 3655, 3685, 3914, 4247, 4332, 4545, 4672, 4697, 4718, 4859, 4906, 4943, 5210, 5226, 5284, 5533, 5543, 5810, 5825, 5864, 5904, 5911, 5996, 6192, 6315, 6332, 6350, 6399, 6409, 6509, 6513, 6723, 6766, 7009, 7088, 7190, 7199, 7255, 7529, 7570, 7858, 8054, 8058, 8066, 8156, 8384, 8546, 8568, 8664, 8725, 8760, 8858, 9094, 9187, 9209, 9460, 9574, 9603, 9643, 9704, 9820, 9901, 9964, 9976, 10139, 10273, 10631, 10680, 10698, 10704, 10770, 10819, 10839, 10855, 10898, 10982, 11104, 11275, 11415, 11474, 11483, 12226, 12583, 12632, 12688, 12792, 12825, 12860, 12966, 13139, 13221, 13408, 13486, 13606, 13706, 13854, 13859, 13890, 14113, 14117, 14121, 14155, 14247, 14264, 14272, 14304, 14446, 14452, 14488, 14551, 14890, 14982, 15007, 15018, 15056, 15064, 15078, 15146, 15150, 15402]","[8568, 10898, 11483]","[284, 308, 312, 511, 803, 807, 914, 956, 1118, 1289, 1538, 1823, 1856, 1978, 2078, 2082, 2124, 2208, 2226, 2230, 2298, 2329, 2420, 2426, 2579, 2586, 2671, 2784, 2812, 2930, 2948, 2957, 3129, 3238, 3307, 3477, 3536, 3545, 3575, 3636, 3648, 3655, 3685, 3914, 4247, 4332, 4545, 4672, 4697, 4718, 4859, 4906, 4943, 5210, 5226, 5284, 5533, 5543, 5810, 5825, 5864, 5904, 5911, 5996, 6192, 6315, 6332, 6350, 6399, 6409, 6509, 6513, 6723, 6766, 7009, 7088, 7190, 7199, 7255, 7529, 7570, 7858, 8054, 8058, 8066, 8156, 8384, 8546, 8664, 8725, 8760, 8858, 9094, 9187, 9209, 9460, 9574, 9603, 9643, 9704, 9820, 9901, 9964, 9976, 10139, 10273, 10631, 10680, 10698, 10704, 10770, 10819, 10839, 10855, 10982, 11104, 11275, 11415, 11474, 12226, 12583, 12632, 12688, 12792, 12825, 12860, 12966, 13139, 13221, 13408, 13486, 13606, 13706, 13854, 13859, 13890, 14113, 14117, 14121, 14155, 14247, 14264, 14272, 14304, 14446, 14452, 14488, 14551, 14890, 14982, 15007, 15018, 15056, 15064, 15078, 15146, 15150, 15402]","[8568, 10898, 11483]",15564,161,15403,3,158,15403,0
2.0,HUMPEM,"[65, 244, 265, 287, 296, 317, 437, 499, 586, 590, 693, 700, 779, 789, 934, 948, 993, 1033, 1123, 1127, 1175, 1472, 1537, 1541, 2101, 2266, 2421, 2433, 2480, 2504, 2586, 2614, 2700, 2707, 2850, 2922, 2928, 2973, 3009, 3060, 3177, 3203, 3266, 3297, 3309, 3314, 3352, 3490, 3590, 3663, 3676, 3691, 3745, 3904, 3921, 3975, 3991, 4027, 4144, 4166, 4170, 4210]","[934, 2266, 2421, 2707, 2973, 3203]","[65, 244, 265, 287, 296, 317, 437, 499, 586, 590, 693, 700, 779, 789, 948, 993, 1033, 1123, 1127, 1175, 1472, 1537, 1541, 2101, 2433, 2480, 2504, 2586, 2614, 2700, 2850, 2922, 2928, 3009, 3060, 3177, 3266, 3297, 3309, 3314, 3352, 3490, 3590, 3663, 3676, 3691, 3745, 3904, 3921, 3975, 3991, 4027, 4144, 4166, 4170, 4210]","[934, 2266, 2421, 2707, 2973, 3203]",4236,62,4174,6,56,4174,0
2.0,HUMPEPYYA,"[7, 20, 25, 95, 316, 338, 398, 647, 727, 734, 766, 790, 796, 854, 904, 965, 1022, 1201, 1307, 1388, 1516, 1537, 1658, 1682, 1699, 1708, 1763, 1802, 1824, 1831, 2073, 2098, 2196, 2243, 2254]","[1201, 1388]","[7, 20, 25, 95, 316, 338, 398, 647, 727, 734, 766, 790, 796, 854, 904, 965, 1022, 1307, 1516, 1537, 1658, 1682, 1699, 1708, 1763, 1802, 1824, 1831, 2073, 2098, 2196, 2243, 2254]","[1201, 1388]",2371,35,2336,2,33,2336,0
2.0,HUMPF4V1A,"[4, 11, 46, 199, 381, 509, 573, 607, 733, 755, 785, 826, 1142]","[381, 826]","[4, 11, 46, 199, 509, 573, 607, 733, 755, 785, 1142]","[381, 826]",1461,13,1448,2,11,1448,0
2.0,HUMPHOSA,"[87, 145, 221, 233, 312, 364, 425, 536, 540, 604, 850, 875, 919, 1040, 1164, 1176, 1286, 1300, 1494, 1555, 1709, 1713, 1810, 2102, 2185, 2195, 2279, 2323, 2348, 2469, 2556, 2802, 2822, 2988, 3009, 3209, 3243, 3252, 3500, 3633, 3729, 3763, 3816, 3887, 4134, 4293, 4449, 4454, 4516, 4755, 4789, 4821, 4833, 4837]","[233, 850, 1494, 1810, 2323, 2988, 3209, 3729]","[87, 145, 221, 312, 364, 425, 536, 540, 604, 875, 919, 1040, 1164, 1176, 1286, 1300, 1555, 1709, 1713, 2102, 2185, 2195, 2279, 2348, 2469, 2556, 2802, 2822, 3009, 3243, 3252, 3500, 3633, 3763, 3816, 3887, 4134, 4293, 4449, 4454, 4516, 4755, 4789, 4821, 4833, 4837]","[233, 850, 1494, 1810, 2323, 2988, 3209, 3729]",4885,54,4831,8,46,4831,0
2.0,HUMPRCA,"[55, 96, 109, 116, 130, 488, 498, 684, 715, 753, 756, 808, 1048, 1053, 1272, 1292, 1294, 1345, 1349, 1481, 1687, 1916, 2053, 2114, 2201, 2304, 2309, 2354, 2403, 2510, 2761, 2913, 2920, 2937, 3044, 3181, 3217, 3438, 3499, 3631, 3676, 3703, 3846, 3856, 3879, 3995, 4098, 4121, 4167, 4175, 4184, 4572, 4584, 4634, 4641, 4778, 4879, 5114, 5118, 5122, 5213, 5247, 5348, 5361, 5452, 5512, 5534, 5585, 5624, 5631, 6079, 6173, 6430, 6604, 6648, 6777, 6827, 6933, 6948, 6967, 7002, 7100, 7117, 7157, 7252, 7256, 7418, 7615, 7719, 7788, 7822, 7878, 7917, 7960, 7994, 8011, 8015, 8252, 8396, 8473, 8524, 8580, 8584, 8815, 8853, 9030, 9042, 9054, 9206, 9332, 9387, 9430, 9456, 9479, 9580, 9595, 9620, 9640, 9716, 9978, 10003, 10055, 10172, 10349, 10376, 10395, 10440, 10444, 10520, 10544, 10968, 10977, 10987, 10996, 11252, 11305, 11345, 11461, 11500, 11583, 11602, 11649, 11679]","[2201, 3631, 5118, 5348, 5585, 8396, 9387]","[55, 96, 109, 116, 130, 488, 498, 684, 715, 753, 756, 808, 1048, 1053, 1272, 1292, 1294, 1345, 1349, 1481, 1687, 1916, 2053, 2114, 2304, 2309, 2354, 2403, 2510, 2761, 2913, 2920, 2937, 3044, 3181, 3217, 3438, 3499, 3676, 3703, 3846, 3856, 3879, 3995, 4098, 4121, 4167, 4175, 4184, 4572, 4584, 4634, 4641, 4778, 4879, 5114, 5122, 5213, 5247, 5361, 5452, 5512, 5534, 5624, 5631, 6079, 6173, 6430, 6604, 6648, 6777, 6827, 6933, 6948, 6967, 7002, 7100, 7117, 7157, 7252, 7256, 7418, 7615, 7719, 7788, 7822, 7878, 7917, 7960, 7994, 8011, 8015, 8252, 8473, 8524, 8580, 8584, 8815, 8853, 9030, 9042, 9054, 9206, 9332, 9430, 9456, 9479, 9580, 9595, 9620, 9640, 9716, 9978, 10003, 10055, 10172, 10349, 10376, 10395, 10440, 10444, 10520, 10544, 10968, 10977, 10987, 10996, 11252, 11305, 11345, 11461, 11500, 11583, 11602, 11649, 11679]","[2201, 3631, 5118, 5348, 5585, 8396, 9387]",11718,143,11575,7,136,11575,0
2.0,HUMPREELAS,"[68, 91, 96, 180, 253, 274, 282, 314, 319, 478, 596, 608, 686, 817, 826, 906, 1054, 1070, 1107, 1357, 1428, 1465, 1537, 1619, 1687, 1724, 1729, 1785, 1802, 1806, 1827, 2216, 2240]",[596],"[68, 91, 96, 180, 253, 274, 282, 314, 319, 478, 608, 686, 817, 826, 906, 1054, 1070, 1107, 1357, 1428, 1465, 1537, 1619, 1687, 1724, 1729, 1785, 1802, 1806, 1827, 2216, 2240]",[596],2293,33,2260,1,32,2260,0
2.0,HUMPRPHX,"[42, 71, 81, 163, 287, 292, 317, 568, 572, 627, 736, 778, 856, 963, 1143, 1293, 1299, 1346, 1451, 1475, 1551, 1560, 1564, 1712, 1717, 1724, 1777, 1838, 1902, 1911, 1931, 2127, 2131, 2140, 2357, 2480, 2502, 2523, 2532, 2538, 2550, 2594, 2639, 2652, 2742, 2841, 2848, 2869, 2873, 3173, 3322, 3561, 3633, 3719, 3723, 3825, 3883, 3886, 3914, 4054, 4221, 4225, 4308, 4319]","[1346, 1838, 2127, 2652, 2869, 3173, 3322, 3633]","[42, 71, 81, 163, 287, 292, 317, 568, 572, 627, 736, 778, 856, 963, 1143, 1293, 1299, 1451, 1475, 1551, 1560, 1564, 1712, 1717, 1724, 1777, 1902, 1911, 1931, 2131, 2140, 2357, 2480, 2502, 2523, 2532, 2538, 2550, 2594, 2639, 2742, 2841, 2848, 2873, 3561, 3719, 3723, 3825, 3883, 3886, 3914, 4054, 4221, 4225, 4308, 4319]","[1346, 1838, 2127, 2652, 2869, 3173, 3322, 3633]",4525,64,4461,8,56,4461,0
2.0,HUMRCC1,"[108, 246, 377, 382, 449, 486, 560, 638, 654, 686, 781, 943, 973, 1017, 1099, 1127, 1186, 1608, 1637, 1708, 1969, 2364, 2437, 2519, 2711, 2765, 2804, 2980, 3051, 3055, 3189, 3337, 3451, 3455, 3524, 4068, 4208, 4217, 4242, 4304, 4379, 4555, 4654, 4681, 4722, 4733, 4737, 4779, 4787, 4793, 4872, 4991, 5037, 5129, 5210, 5221, 5370, 5421, 5454, 5479, 5489, 5539, 5545, 5558, 5562, 5653, 5741, 6061, 6493, 6765, 7136, 7214, 7271, 7352, 7529, 7642, 7644, 7920, 8110, 8114, 8134, 8572, 8620, 8701, 8862, 8974, 8986, 9080, 9143, 9297, 9448, 9869, 9960, 10003, 10098, 10130, 10178, 10252, 10366, 10428, 10460, 10535, 10597, 10711, 10754, 10886, 11003, 11120, 11134, 11329, 11364, 11415, 11450, 11594, 12134, 12204, 12232, 12573, 12616, 12705, 12731, 13006, 13013, 13054, 13147, 13284, 13360, 13431, 13471, 13477, 13485, 13510, 13634, 13794, 13805, 13819, 14069, 14112, 14114, 14290, 14368, 14531, 14604, 14619, 14697, 14702, 14708, 14853, 14936, 14977, 15108, 15126, 15158, 15324, 15385, 15440, 15532, 15548, 15580, 15621, 15704, 15791, 15894, 16128, 16280, 16316, 16328, 16362, 16379, 16465, 16526, 16574, 16647, 16691, 16757, 16764, 16796, 16836, 16886, 16941, 17004, 17016, 17025, 17060, 17164, 17556, 17659, 17780, 17950, 18270, 18274, 18304, 18348, 18716, 18787, 18795, 19037, 19131, 19296, 19490, 19495, 19784, 19855, 19892, 20138, 20200, 20442, 20525, 20685, 20752, 20834, 20849, 20918, 21036, 21092, 21127, 21282, 21286, 21296, 21303, 21316, 21493, 21544, 21774, 22033, 22051, 22193, 22205, 22297, 22349, 22395, 22531, 22571, 22579, 22688, 22748, 22814, 22826, 22845, 22868, 22902, 22955, 23048, 23406, 23423, 23588, 23681, 23725, 23960, 24194, 24201, 24223, 24227, 24233, 24298, 24375, 24477, 24622, 24665, 24839, 24880, 25071, 25287, 25330, 25727, 25729, 25817, 25857, 26065, 26089, 26108, 26116, 26143, 26194, 26218, 26222, 26327, 26389, 26501, 26507, 26579, 26669, 26679, 26701, 26742, 26808, 26812, 26950, 26989, 27020, 27230, 27447, 27481, 27798, 27838, 27923, 27961, 27973, 27994, 28000, 28010, 28135, 28154, 28244, 28257, 28295, 28327, 28360, 28482, 28523, 28534, 28547, 28693, 28756, 28793, 28818, 28858, 28893, 29015, 29020, 29047, 29198, 29247, 29340, 29419, 29533, 29641, 29667, 29746, 29766, 29965, 30000, 30085, 30108, 30203, 30231, 30235, 30284, 30324, 30415, 30438, 30443, 30483, 30487, 30575, 30648, 31313, 31387, 31424, 31513, 31610, 31617, 31672, 31966, 31987, 32000, 32040, 32363, 32435, 32512, 32983, 33070, 33137, 33187, 33278, 33284, 33298, 33404, 33439, 33503, 33636, 33695, 34065, 34138, 34406, 34481, 34597, 34599]","[24201, 26218, 26579, 28010, 28244, 28893, 29247, 29766]","[108, 246, 377, 382, 449, 486, 560, 638, 654, 686, 781, 943, 973, 1017, 1099, 1127, 1186, 1608, 1637, 1708, 1969, 2364, 2437, 2519, 2711, 2765, 2804, 2980, 3051, 3055, 3189, 3337, 3451, 3455, 3524, 4068, 4208, 4217, 4242, 4304, 4379, 4555, 4654, 4681, 4722, 4733, 4737, 4779, 4787, 4793, 4872, 4991, 5037, 5129, 5210, 5221, 5370, 5421, 5454, 5479, 5489, 5539, 5545, 5558, 5562, 5653, 5741, 6061, 6493, 6765, 7136, 7214, 7271, 7352, 7529, 7642, 7644, 7920, 8110, 8114, 8134, 8572, 8620, 8701, 8862, 8974, 8986, 9080, 9143, 9297, 9448, 9869, 9960, 10003, 10098, 10130, 10178, 10252, 10366, 10428, 10460, 10535, 10597, 10711, 10754, 10886, 11003, 11120, 11134, 11329, 11364, 11415, 11450, 11594, 12134, 12204, 12232, 12573, 12616, 12705, 12731, 13006, 13013, 13054, 13147, 13284, 13360, 13431, 13471, 13477, 13485, 13510, 13634, 13794, 13805, 13819, 14069, 14112, 14114, 14290, 14368, 14531, 14604, 14619, 14697, 14702, 14708, 14853, 14936, 14977, 15108, 15126, 15158, 15324, 15385, 15440, 15532, 15548, 15580, 15621, 15704, 15791, 15894, 16128, 16280, 16316, 16328, 16362, 16379, 16465, 16526, 16574, 16647, 16691, 16757, 16764, 16796, 16836, 16886, 16941, 17004, 17016, 17025, 17060, 17164, 17556, 17659, 17780, 17950, 18270, 18274, 18304, 18348, 18716, 18787, 18795, 19037, 19131, 19296, 19490, 19495, 19784, 19855, 19892, 20138, 20200, 20442, 20525, 20685, 20752, 20834, 20849, 20918, 21036, 21092, 21127, 21282, 21286, 21296, 21303, 21316, 21493, 21544, 21774, 22033, 22051, 22193, 22205, 22297, 22349, 22395, 22531, 22571, 22579, 22688, 22748, 22814, 22826, 22845, 22868, 22902, 22955, 23048, 23406, 23423, 23588, 23681, 23725, 23960, 24194, 24223, 24227, 24233, 24298, 24375, 24477, 24622, 24665, 24839, 24880, 25071, 25287, 25330, 25727, 25729, 25817, 25857, 26065, 26089, 26108, 26116, 26143, 26194, 26222, 26327, 26389, 26501, 26507, 26669, 26679, 26701, 26742, 26808, 26812, 26950, 26989, 27020, 27230, 27447, 27481, 27798, 27838, 27923, 27961, 27973, 27994, 28000, 28135, 28154, 28257, 28295, 28327, 28360, 28482, 28523, 28534, 28547, 28693, 28756, 28793, 28818, 28858, 29015, 29020, 29047, 29198, 29340, 29419, 29533, 29641, 29667, 29746, 29965, 30000, 30085, 30108, 30203, 30231, 30235, 30284, 30324, 30415, 30438, 30443, 30483, 30487, 30575, 30648, 31313, 31387, 31424, 31513, 31610, 31617, 31672, 31966, 31987, 32000, 32040, 32363, 32435, 32512, 32983, 33070, 33137, 33187, 33278, 33284, 33298, 33404, 33439, 33503, 33636, 33695, 34065, 34138, 34406, 34481, 34597, 34599]","[24201, 26218, 26579, 28010, 28244, 28893, 29247, 29766]",34634,378,34256,8,370,34256,0
2.0,HUMREGHOM,"[52, 127, 140, 274, 309, 335, 346, 410, 527, 684, 891, 1107, 1170, 1419, 1423, 1459, 1482, 1602, 1864, 1909, 1927, 2002, 2023, 2027, 2374, 2506, 2739, 2825, 2974, 3258, 3329]","[684, 1419, 1864, 2739]","[52, 127, 140, 274, 309, 335, 346, 410, 527, 891, 1107, 1170, 1423, 1459, 1482, 1602, 1909, 1927, 2002, 2023, 2027, 2374, 2506, 2825, 2974, 3258, 3329]","[684, 1419, 1864, 2739]",3404,31,3373,4,27,3373,0
2.0,HUMROD1X,"[71, 92, 186, 218, 321, 454, 526, 536, 544, 673, 821, 980, 1063, 1096, 1146, 1170, 1194, 1198, 1223, 1242, 1517, 1804, 1876, 2015, 2227, 2288, 2300, 2343, 2611, 2638, 2695, 2706, 2720]","[1242, 1876]","[71, 92, 186, 218, 321, 454, 526, 536, 544, 673, 821, 980, 1063, 1096, 1146, 1170, 1194, 1198, 1223, 1517, 1804, 2015, 2227, 2288, 2300, 2343, 2611, 2638, 2695, 2706, 2720]","[1242, 1876]",2834,33,2801,2,31,2801,0
2.0,HUMRPIB2,"[201, 225, 310, 356, 435, 472, 510, 588, 622, 899, 974, 987, 1121, 1156, 1182, 1193, 1257, 1374, 1531, 1737, 1954, 2017, 2268, 2272, 2308, 2331, 2451, 2713, 2758, 2776, 2851, 2872, 2876, 3223, 3355, 3588, 3674, 3823, 4107, 4178]","[1531, 2268, 2713, 3588]","[201, 225, 310, 356, 435, 472, 510, 588, 622, 899, 974, 987, 1121, 1156, 1182, 1193, 1257, 1374, 1737, 1954, 2017, 2272, 2308, 2331, 2451, 2758, 2776, 2851, 2872, 2876, 3223, 3355, 3674, 3823, 4107, 4178]","[1531, 2268, 2713, 3588]",4330,40,4290,4,36,4290,0
2.0,HUMRPS6B,"[34, 214, 359, 363, 399, 461, 478, 634, 671, 741, 784, 1012, 1045, 1059, 1083, 1101, 1114, 1168, 1205, 1232, 1250, 1414, 1543, 1649, 1721, 1838, 2146, 2153, 2178, 2216, 2607, 2651, 2723, 2753, 2799, 2866, 2896, 2933, 2943, 3001, 3044, 3072, 3084, 3166, 3535, 3645, 3893, 3989, 4051, 4075, 4432, 4655, 4838, 4905, 4931]","[359, 1059, 1838, 2178, 4051]","[34, 214, 363, 399, 461, 478, 634, 671, 741, 784, 1012, 1045, 1083, 1101, 1114, 1168, 1205, 1232, 1250, 1414, 1543, 1649, 1721, 2146, 2153, 2216, 2607, 2651, 2723, 2753, 2799, 2866, 2896, 2933, 2943, 3001, 3044, 3072, 3084, 3166, 3535, 3645, 3893, 3989, 4075, 4432, 4655, 4838, 4905, 4931]","[359, 1059, 1838, 2178, 4051]",4967,55,4912,5,50,4912,0
2.0,HUMSEMI,"[121, 262, 306, 578, 614, 681, 793, 806, 968, 975, 984, 1037, 1061, 1262, 1458, 1475, 1511, 1583, 1636, 1655, 1835, 1871, 2015, 2051, 2159, 2362, 2394, 2519, 2547, 2682, 2979, 3047, 3074, 3145, 3167, 3264, 3496, 3604, 3670, 3760, 3849, 3886, 3950, 4061]",[793],"[121, 262, 306, 578, 614, 681, 806, 968, 975, 984, 1037, 1061, 1262, 1458, 1475, 1511, 1583, 1636, 1655, 1835, 1871, 2015, 2051, 2159, 2362, 2394, 2519, 2547, 2682, 2979, 3047, 3074, 3145, 3167, 3264, 3496, 3604, 3670, 3760, 3849, 3886, 3950, 4061]",[793],4157,44,4113,1,43,4113,0
2.0,HUMSEMIIB,"[121, 493, 528, 560, 569, 697, 765, 1127, 1274, 1281, 1298, 1302, 1316, 1329, 1343, 1385, 1389, 1419, 1451, 1490, 1524, 1530, 1642, 1669, 1682, 1735, 1790, 1828, 1889, 1988, 2070, 2155, 2410, 2444, 2489, 2515, 2616, 2746, 2901, 2918, 2979, 3011, 3135, 3148, 3352, 3457, 3491, 3511, 3769, 3799, 3843, 4047, 4271, 4486, 4499, 4622, 4660, 4667, 4729, 4954, 5167, 5203, 5215, 5275, 5328, 5527, 5640, 5707, 5820, 5846, 5925, 6000, 6067, 6304, 6446, 6477, 6514, 6565, 7012, 7038, 7146, 7213, 7311, 7327, 7527, 7944, 8011, 8014]",[4486],"[121, 493, 528, 560, 569, 697, 765, 1127, 1274, 1281, 1298, 1302, 1316, 1329, 1343, 1385, 1389, 1419, 1451, 1490, 1524, 1530, 1642, 1669, 1682, 1735, 1790, 1828, 1889, 1988, 2070, 2155, 2410, 2444, 2489, 2515, 2616, 2746, 2901, 2918, 2979, 3011, 3135, 3148, 3352, 3457, 3491, 3511, 3769, 3799, 3843, 4047, 4271, 4499, 4622, 4660, 4667, 4729, 4954, 5167, 5203, 5215, 5275, 5328, 5527, 5640, 5707, 5820, 5846, 5925, 6000, 6067, 6304, 6446, 6477, 6514, 6565, 7012, 7038, 7146, 7213, 7311, 7327, 7527, 7944, 8011, 8014]",[4486],8217,88,8129,1,87,8129,0
2.0,HUMSTATH2,"[43, 49, 54, 188, 353, 651, 698, 911, 1035, 1114, 1140, 1176, 1197, 1553, 1675, 1820, 2025, 2056, 2131, 2151, 2303, 2312, 2322, 2403, 2426, 2530, 2627, 2727, 2733, 2848, 3065, 3192, 3239, 3288, 3361, 3474, 3710, 3786, 4007, 4320, 4472, 4592, 4596, 4629, 4633]","[353, 1553, 1675]","[43, 49, 54, 188, 651, 698, 911, 1035, 1114, 1140, 1176, 1197, 1820, 2025, 2056, 2131, 2151, 2303, 2312, 2322, 2403, 2426, 2530, 2627, 2727, 2733, 2848, 3065, 3192, 3239, 3288, 3361, 3474, 3710, 3786, 4007, 4320, 4472, 4592, 4596, 4629, 4633]","[353, 1553, 1675]",4716,45,4671,3,42,4671,0
2.0,HUMTBGA,"[89, 191, 362, 377, 451, 460, 654, 812, 819, 854, 917, 1021, 1050, 1156, 1265, 1430, 1435, 1469, 1593, 1646, 1651, 2099, 2323, 2660, 2681, 2792, 2894, 2907, 2911, 2932, 3107, 3120, 3185, 3187, 3244, 3346, 3355, 3566, 3634, 3744, 4216, 4349, 4477, 4529, 4634, 4874, 4941, 5032, 5036, 5164, 5168, 5177, 5231, 5236, 5271, 5275, 5469, 5475, 5530, 5738, 5782, 5875, 5879, 5894, 5941, 6202, 6265, 6285, 6296, 6314, 6377, 6606, 6627, 6672, 6841, 6850, 6960, 7144, 7172, 7254, 7395, 7417, 7419, 7441, 7704, 7909, 7949, 7960, 8219, 8362, 8635, 8675]","[4941, 6265, 7144]","[89, 191, 362, 377, 451, 460, 654, 812, 819, 854, 917, 1021, 1050, 1156, 1265, 1430, 1435, 1469, 1593, 1646, 1651, 2099, 2323, 2660, 2681, 2792, 2894, 2907, 2911, 2932, 3107, 3120, 3185, 3187, 3244, 3346, 3355, 3566, 3634, 3744, 4216, 4349, 4477, 4529, 4634, 4874, 5032, 5036, 5164, 5168, 5177, 5231, 5236, 5271, 5275, 5469, 5475, 5530, 5738, 5782, 5875, 5879, 5894, 5941, 6202, 6285, 6296, 6314, 6377, 6606, 6627, 6672, 6841, 6850, 6960, 7172, 7254, 7395, 7417, 7419, 7441, 7704, 7909, 7949, 7960, 8219, 8362, 8635, 8675]","[4941, 6265, 7144]",8762,92,8670,3,89,8670,0
2.0,HUMTCRBRA,"[63, 117, 128, 132, 199, 278, 310, 318, 322, 405, 469, 505, 561]",[278],"[63, 117, 128, 132, 199, 310, 318, 322, 405, 469, 505, 561]",[278],729,13,716,1,12,716,0
2.0,HUMTHROMA,"[159, 175, 187, 323, 330, 335, 469, 539, 583, 643, 687, 699, 743, 765, 787, 800, 818, 1239, 1277, 1281, 1428, 1464, 1571, 1575, 1605, 1696, 1731, 1985, 2131, 2344, 2384, 2717, 3051, 3117, 3147, 3355, 3367, 3402, 3463, 3960, 4129, 4167, 4222, 4266, 4362, 4394, 4430, 4501, 4522, 4554, 4619, 4772, 4817, 4965, 5134, 5715, 5836, 6086]","[1985, 2344, 2717, 4817]","[159, 175, 187, 323, 330, 335, 469, 539, 583, 643, 687, 699, 743, 765, 787, 800, 818, 1239, 1277, 1281, 1428, 1464, 1571, 1575, 1605, 1696, 1731, 2131, 2384, 3051, 3117, 3147, 3355, 3367, 3402, 3463, 3960, 4129, 4167, 4222, 4266, 4362, 4394, 4430, 4501, 4522, 4554, 4619, 4772, 4965, 5134, 5715, 5836, 6086]","[1985, 2344, 2717, 4817]",6156,58,6098,4,54,6098,0
2.0,HUMTNP2SS,"[51, 80, 86, 93, 177, 196, 658, 673, 725, 814, 924, 941, 945, 1071, 1075, 1080, 1105, 1420, 1437, 1617, 1748]",[658],"[51, 80, 86, 93, 177, 196, 673, 725, 814, 924, 941, 945, 1071, 1075, 1080, 1105, 1420, 1437, 1617, 1748]",[658],1775,21,1754,1,20,1754,0
2.0,HUMTPALBU,"[313, 317, 323, 412, 627, 722, 872, 915, 942, 1094, 1228, 1326, 1341, 1359, 1402, 1407, 1490, 1504, 1559, 1621, 1697, 1708, 1778, 1850, 1887, 2066, 2455, 2521, 2682, 2692, 2741, 2790, 2932, 2941, 3116, 3136, 3168, 3181, 3208, 3352, 3377, 3412, 3421, 3425, 3620, 3781, 3856, 3928, 3958, 3989, 4153, 4205, 4361, 4400, 4587, 4691, 4707, 4711, 4720, 4778, 5066, 5247, 5318, 5422, 5992, 5999, 6022, 6035, 6086, 6127]","[1094, 1621, 2741, 3425, 4361]","[313, 317, 323, 412, 627, 722, 872, 915, 942, 1228, 1326, 1341, 1359, 1402, 1407, 1490, 1504, 1559, 1697, 1708, 1778, 1850, 1887, 2066, 2455, 2521, 2682, 2692, 2790, 2932, 2941, 3116, 3136, 3168, 3181, 3208, 3352, 3377, 3412, 3421, 3620, 3781, 3856, 3928, 3958, 3989, 4153, 4205, 4400, 4587, 4691, 4707, 4711, 4720, 4778, 5066, 5247, 5318, 5422, 5992, 5999, 6022, 6035, 6086, 6127]","[1094, 1621, 2741, 3425, 4361]",6165,70,6095,5,65,6095,0
2.0,HUMTRHYAL,"[25, 40, 69, 192, 197, 201, 301, 562, 827, 969, 1120, 1185, 1557, 1645, 1793, 1989, 2232, 2236, 2283, 2340, 2533, 2679, 2837, 4249, 4658, 5049, 5091, 5481, 6019, 6062, 6083, 6539, 6556, 7003, 7247, 7415, 7688, 7698, 7770, 7814, 8011, 8071, 8134, 8313, 8437, 8441, 8581, 8774]",[1645],"[25, 40, 69, 192, 197, 201, 301, 562, 827, 969, 1120, 1185, 1557, 1793, 1989, 2232, 2236, 2283, 2340, 2533, 2679, 2837, 4249, 4658, 5049, 5091, 5481, 6019, 6062, 6083, 6539, 6556, 7003, 7247, 7415, 7688, 7698, 7770, 7814, 8011, 8071, 8134, 8313, 8437, 8441, 8581, 8774]",[1645],9544,48,9496,1,47,9496,0
2.0,HUMTSHB2,"[68, 187, 492, 552, 780, 872]",[187],"[68, 492, 552, 780, 872]",[187],979,6,973,1,5,973,0
2.0,HUMV2R,"[261, 287, 296, 357, 475, 531, 768, 913, 939, 957, 965, 1037, 1051, 1074, 1150, 1255, 1272, 1305, 1366, 1404, 1464, 1472, 1481, 1507, 1815, 2003, 2047, 2118, 2128]","[261, 1507]","[287, 296, 357, 475, 531, 768, 913, 939, 957, 965, 1037, 1051, 1074, 1150, 1255, 1272, 1305, 1366, 1404, 1464, 1472, 1481, 1815, 2003, 2047, 2118, 2128]","[261, 1507]",2275,29,2246,2,27,2246,0
2.0,HYPSCGH,"[41, 49, 331, 337, 349, 451, 612, 788, 806, 837, 889, 1039, 1252, 1440, 1600, 1624, 1671, 1700, 1911, 2112, 2443]","[41, 451, 1039, 1624]","[49, 331, 337, 349, 612, 788, 806, 837, 889, 1252, 1440, 1600, 1671, 1700, 1911, 2112, 2443]","[41, 451, 1039, 1624]",2477,21,2456,4,17,2456,0
2.0,LAYEGLOBIN,"[21, 56, 222, 238, 272, 449, 470, 537, 584, 600, 762, 953, 1055, 1061, 1167, 1185, 1191, 1197, 1201, 1215, 1265, 1312, 1316, 1373, 1410, 1415, 1421, 1466, 1522]","[238, 584]","[21, 56, 222, 272, 449, 470, 537, 600, 762, 953, 1055, 1061, 1167, 1185, 1191, 1197, 1201, 1215, 1265, 1312, 1316, 1373, 1410, 1415, 1421, 1466, 1522]","[238, 584]",1695,29,1666,2,27,1666,0
2.0,LEBGLOB,"[67, 94, 104, 142, 157, 199, 345, 401, 658, 662, 672, 1229, 1308, 1373, 1501, 1539, 1561, 1577, 1581, 1663, 1791, 1812, 1828, 1926, 2206, 2307, 2446, 2555, 2576, 2586, 2806, 2847, 2928, 3171, 3177, 3202, 3208, 3429, 3478, 3530, 3565]","[1577, 1926]","[67, 94, 104, 142, 157, 199, 345, 401, 658, 662, 672, 1229, 1308, 1373, 1501, 1539, 1561, 1581, 1663, 1791, 1812, 1828, 2206, 2307, 2446, 2555, 2576, 2586, 2806, 2847, 2928, 3171, 3177, 3202, 3208, 3429, 3478, 3530, 3565]","[1577, 1926]",3639,41,3598,2,39,3598,0
2.0,LNOEGLOBIN,"[21, 54, 220, 236, 270, 345, 452, 473, 540, 587, 603, 724, 765, 934, 1056, 1062, 1167, 1185, 1191, 1197, 1201, 1215, 1265, 1293, 1312, 1316, 1406, 1411, 1417, 1462, 1518]","[236, 587]","[21, 54, 220, 270, 345, 452, 473, 540, 603, 724, 765, 934, 1056, 1062, 1167, 1185, 1191, 1197, 1201, 1215, 1265, 1293, 1312, 1316, 1406, 1411, 1417, 1462, 1518]","[236, 587]",1691,31,1660,2,29,1660,0
2.0,MACHBGA1,"[20, 32, 283, 457, 495, 505, 706, 727, 794, 841, 935, 937, 967, 1008, 1079, 1118, 1188, 1239, 1252, 1358, 1370, 1420, 1460, 1499, 1643, 1740, 2029, 2039, 2050]","[495, 841]","[20, 32, 283, 457, 505, 706, 727, 794, 935, 937, 967, 1008, 1079, 1118, 1188, 1239, 1252, 1358, 1370, 1420, 1460, 1499, 1643, 1740, 2029, 2039, 2050]","[495, 841]",2098,29,2069,2,27,2069,0
2.0,MACHBGA2,"[20, 32, 281, 455, 493, 503, 704, 725, 792, 839, 933, 935, 965, 1006, 1076, 1115, 1185, 1236, 1249, 1355, 1367, 1417, 1441, 1445, 1449, 1461, 1500, 1644, 1741, 2013, 2017, 2039, 2089]","[493, 839]","[20, 32, 281, 455, 503, 704, 725, 792, 933, 935, 965, 1006, 1076, 1115, 1185, 1236, 1249, 1355, 1367, 1417, 1441, 1445, 1449, 1461, 1500, 1644, 1741, 2013, 2017, 2039, 2089]","[493, 839]",2101,33,2068,2,31,2068,0
2.0,MAMGLUTRA,"[34, 329, 424, 479, 484, 488, 507, 657, 663, 702, 821, 838, 865, 1063, 1073, 1077, 1082, 1255, 1259, 1275, 1387, 1474, 1494, 1627, 1718, 1819, 1944, 1960, 2152, 2360, 2406, 2558, 2598, 2745, 2759, 2938, 3059, 3175, 3915, 4088, 4232, 4252, 4272, 4298, 4396, 4482, 4642, 4844, 4967, 4974, 5016, 5131, 5135, 5187, 5211, 5213, 5217, 5243, 5320, 5598, 5870, 5899, 6065, 6132]","[484, 821, 1255, 1627, 1819, 2745, 2938]","[34, 329, 424, 479, 488, 507, 657, 663, 702, 838, 865, 1063, 1073, 1077, 1082, 1259, 1275, 1387, 1474, 1494, 1718, 1944, 1960, 2152, 2360, 2406, 2558, 2598, 2759, 3059, 3175, 3915, 4088, 4232, 4252, 4272, 4298, 4396, 4482, 4642, 4844, 4967, 4974, 5016, 5131, 5135, 5187, 5211, 5213, 5217, 5243, 5320, 5598, 5870, 5899, 6065, 6132]","[484, 821, 1255, 1627, 1819, 2745, 2938]",6288,64,6224,7,57,6224,0
2.0,MAU09941,"[11, 229, 239, 367, 401, 548, 613, 629, 705, 749, 778, 876, 1031, 1166, 1202, 1424, 1480, 1562, 1566, 1803, 1830, 1846, 1932, 1941, 2039, 2166, 2264, 2320, 2406, 2427, 2514, 2609, 2667, 2761, 2932, 2968, 3070, 3124, 3134, 3239, 3263, 3378, 3452, 3521, 3642, 3646, 3697]",[1830],"[11, 229, 239, 367, 401, 548, 613, 629, 705, 749, 778, 876, 1031, 1166, 1202, 1424, 1480, 1562, 1566, 1803, 1846, 1932, 1941, 2039, 2166, 2264, 2320, 2406, 2427, 2514, 2609, 2667, 2761, 2932, 2968, 3070, 3124, 3134, 3239, 3263, 3378, 3452, 3521, 3642, 3646, 3697]",[1830],3799,47,3752,1,46,3752,0
2.0,MFAPOA2A,"[53, 57, 69, 133, 153, 155, 226, 379, 383, 462, 571, 575, 587, 634, 720, 753, 785, 875, 998, 1089, 1422, 1445, 1453]","[379, 785]","[53, 57, 69, 133, 153, 155, 226, 383, 462, 571, 575, 587, 634, 720, 753, 875, 998, 1089, 1422, 1445, 1453]","[379, 785]",1490,23,1467,2,21,1467,0
2.0,MFAPOC3A,"[115, 232, 441, 622, 642, 870, 913, 924, 952, 1155, 1172, 1239, 1264, 1322, 1402, 1530, 1715, 1798, 1871, 1993, 2040, 2190, 2232, 2242, 2384, 2439, 2689, 2721, 2759, 2801, 2803, 2878, 3068, 3213, 3240, 3244]","[913, 1172]","[115, 232, 441, 622, 642, 870, 924, 952, 1155, 1239, 1264, 1322, 1402, 1530, 1715, 1798, 1871, 1993, 2040, 2190, 2232, 2242, 2384, 2439, 2689, 2721, 2759, 2801, 2803, 2878, 3068, 3213, 3240, 3244]","[913, 1172]",3255,36,3219,2,34,3219,0
2.0,MMA2IXCOA,"[386, 416, 579, 584, 599, 619, 671, 682, 798, 859, 878, 908, 1171, 1175, 1267, 1297, 1383, 1389, 1409, 1439, 1701, 1722, 1757, 1800, 1812, 1866, 1881, 1925, 1998, 2183, 2340, 2528, 2552, 2803, 2870, 2935, 3024, 3105, 3132, 3168, 3259, 3286, 3408, 3411, 3529, 3633, 3639, 3652, 3760, 3826, 3896, 4275, 4386, 4455, 4499, 4561, 4697, 4857, 4901, 5491, 5647, 5665, 5682, 5831, 5886, 6014, 6054, 6056, 6266, 6355, 6359, 6481, 6614, 6623, 6628, 6635, 6639, 6674, 6930, 6954, 7081, 7102, 7161, 7250, 7371, 7390, 7472, 7543, 7581, 7658, 7684, 7745, 7856, 7921, 7945, 8064, 8120, 8135, 8202, 8216, 8255, 8366, 8395, 8401, 8430, 8513, 8539, 8543, 8712, 8843, 8882, 8989, 9020, 9179, 9188, 9209, 9322, 9339, 9437, 9467, 9522, 9573, 9609, 9626, 9702, 9782, 9793, 9812, 9819, 10270, 10282, 10304, 10658, 10907, 10930, 11067, 11077, 11145, 11291, 11374, 11426, 11555, 11587, 11597, 11611, 11879, 11890, 11894, 12068, 12074, 12150, 12182, 12210, 12406, 12792, 12926, 12952, 12989, 13033, 13111, 13243, 13274, 13361, 13447, 13453, 13609, 13687, 13726, 13786, 13822, 13824, 13840, 13912, 14298, 14531, 14540, 14575, 14635, 14663, 14968, 15021, 15067, 15210, 15231, 15338, 15441, 15520, 15544, 15597, 15746, 15751, 15799, 15806, 15933, 15989, 16070, 16114, 16123, 16149, 16240, 16424, 16474, 16514, 16522, 16610, 16705, 16792, 16811, 16911, 16943, 17021, 17100, 17106, 17131, 17145, 17244, 17248, 17275, 17333, 17342, 17498, 17647, 17759, 18032, 18243, 18277, 18283, 18473, 18500, 18729, 18743, 18784, 18862, 19220, 19296, 19302, 19335, 19408, 19461]","[3132, 4386, 5682, 5831, 7102, 7250, 7371, 7684, 8064, 8216, 8401, 8539, 8882, 9322, 9467, 9626, 13033, 13447, 13726, 14575, 15021, 15338, 15597, 15746, 15933, 16114, 16240, 16522, 16811, 17275, 17647]","[386, 416, 579, 584, 599, 619, 671, 682, 798, 859, 878, 908, 1171, 1175, 1267, 1297, 1383, 1389, 1409, 1439, 1701, 1722, 1757, 1800, 1812, 1866, 1881, 1925, 1998, 2183, 2340, 2528, 2552, 2803, 2870, 2935, 3024, 3105, 3168, 3259, 3286, 3408, 3411, 3529, 3633, 3639, 3652, 3760, 3826, 3896, 4275, 4455, 4499, 4561, 4697, 4857, 4901, 5491, 5647, 5665, 5886, 6014, 6054, 6056, 6266, 6355, 6359, 6481, 6614, 6623, 6628, 6635, 6639, 6674, 6930, 6954, 7081, 7161, 7390, 7472, 7543, 7581, 7658, 7745, 7856, 7921, 7945, 8120, 8135, 8202, 8255, 8366, 8395, 8430, 8513, 8543, 8712, 8843, 8989, 9020, 9179, 9188, 9209, 9339, 9437, 9522, 9573, 9609, 9702, 9782, 9793, 9812, 9819, 10270, 10282, 10304, 10658, 10907, 10930, 11067, 11077, 11145, 11291, 11374, 11426, 11555, 11587, 11597, 11611, 11879, 11890, 11894, 12068, 12074, 12150, 12182, 12210, 12406, 12792, 12926, 12952, 12989, 13111, 13243, 13274, 13361, 13453, 13609, 13687, 13786, 13822, 13824, 13840, 13912, 14298, 14531, 14540, 14635, 14663, 14968, 15067, 15210, 15231, 15441, 15520, 15544, 15751, 15799, 15806, 15989, 16070, 16123, 16149, 16424, 16474, 16514, 16610, 16705, 16792, 16911, 16943, 17021, 17100, 17106, 17131, 17145, 17244, 17248, 17333, 17342, 17498, 17759, 18032, 18243, 18277, 18283, 18473, 18500, 18729, 18743, 18784, 18862, 19220, 19296, 19302, 19335, 19408, 19461]","[3132, 4386, 5682, 5831, 7102, 7250, 7371, 7684, 8064, 8216, 8401, 8539, 8882, 9322, 9467, 9626, 13033, 13447, 13726, 14575, 15021, 15338, 15597, 15746, 15933, 16114, 16240, 16522, 16811, 17275, 17647]",19472,239,19233,31,208,19233,0
2.0,MMACLGNA,"[146, 155, 412, 461, 470, 474, 499, 537, 541, 553, 564, 641, 664, 746, 847, 879, 889, 918, 1106, 1143, 1180, 1192, 1196, 1458, 1462, 1499, 1731, 1762, 1805, 1841, 1852, 1937, 2343, 2363, 2397, 2441, 2449, 2524, 2537, 2557, 2561, 2580, 2666, 2734, 2824, 2883, 2923, 2933, 2952, 2957, 2969, 3107, 3143, 3178, 3442, 3647]","[474, 3178]","[146, 155, 412, 461, 470, 499, 537, 541, 553, 564, 641, 664, 746, 847, 879, 889, 918, 1106, 1143, 1180, 1192, 1196, 1458, 1462, 1499, 1731, 1762, 1805, 1841, 1852, 1937, 2343, 2363, 2397, 2441, 2449, 2524, 2537, 2557, 2561, 2580, 2666, 2734, 2824, 2883, 2923, 2933, 2952, 2957, 2969, 3107, 3143, 3442, 3647]","[474, 3178]",3874,56,3818,2,54,3818,0
2.0,MMAPOG,"[143, 265, 505, 536, 540, 556, 669, 708, 728, 806, 823, 839, 860, 876, 987, 1037, 1053, 1144, 1172, 1186, 1249, 1381, 1456, 1501, 1567, 1935, 1940, 2056, 2067, 2089, 2146]","[536, 806]","[143, 265, 505, 540, 556, 669, 708, 728, 823, 839, 860, 876, 987, 1037, 1053, 1144, 1172, 1186, 1249, 1381, 1456, 1501, 1567, 1935, 1940, 2056, 2067, 2089, 2146]","[536, 806]",2169,31,2138,2,29,2138,0
2.0,MMASM1G,"[143, 439, 505, 680, 688, 1088, 1092, 1096, 1141, 1173, 1240, 1294, 1298, 1313, 1331, 1364, 1492, 1591, 1742, 2065, 2104, 2244, 2253, 2332, 2668, 2684, 2830, 2928, 2961, 2994, 3013, 3168, 3245, 3265, 3367, 3599, 3619, 3745, 3749, 3785, 4681]","[1088, 2244, 2928, 3245, 3745]","[143, 439, 505, 680, 688, 1092, 1096, 1141, 1173, 1240, 1294, 1298, 1313, 1331, 1364, 1492, 1591, 1742, 2065, 2104, 2253, 2332, 2668, 2684, 2830, 2961, 2994, 3013, 3168, 3265, 3367, 3599, 3619, 3749, 3785, 4681]","[1088, 2244, 2928, 3245, 3745]",4768,41,4727,5,36,4727,0
2.0,MMCASEIB,"[15, 100, 439, 508, 599, 784, 998, 1059, 1113, 1202, 1403, 1412, 1488, 1589, 1666, 1889, 1893, 2857, 2974, 2978, 3042, 3141, 3145, 3158, 3213, 3285, 3289, 3368, 3445, 3643, 3682, 3742, 3746, 3759, 3767, 3769, 3816, 4203, 4475, 4702, 4901, 4916, 5081, 5477, 5519, 5523, 5615, 5877, 6001, 6060, 6252, 6305, 6394, 6564, 6603, 6611, 6810, 6905, 6932, 7023, 7119, 7155, 7160, 7929, 7964, 8126, 8222, 8252, 8291, 8413, 8664, 8851, 8921, 9203, 9407, 9803, 9851, 10030, 10084, 10160, 10443, 10796, 10861, 11050, 11093, 11112, 11133, 11712, 11758, 11765, 11838, 12014, 12027, 12187, 12235, 12376, 12380, 12573, 12859, 12928, 12951, 12991, 13000]","[6252, 7023, 7160, 8126, 8252, 9803]","[15, 100, 439, 508, 599, 784, 998, 1059, 1113, 1202, 1403, 1412, 1488, 1589, 1666, 1889, 1893, 2857, 2974, 2978, 3042, 3141, 3145, 3158, 3213, 3285, 3289, 3368, 3445, 3643, 3682, 3742, 3746, 3759, 3767, 3769, 3816, 4203, 4475, 4702, 4901, 4916, 5081, 5477, 5519, 5523, 5615, 5877, 6001, 6060, 6305, 6394, 6564, 6603, 6611, 6810, 6905, 6932, 7119, 7155, 7929, 7964, 8222, 8291, 8413, 8664, 8851, 8921, 9203, 9407, 9851, 10030, 10084, 10160, 10443, 10796, 10861, 11050, 11093, 11112, 11133, 11712, 11758, 11765, 11838, 12014, 12027, 12187, 12235, 12376, 12380, 12573, 12859, 12928, 12951, 12991, 13000]","[6252, 7023, 7160, 8126, 8252, 9803]",13047,103,12944,6,97,12944,0
2.0,MMCD24A,"[115, 171, 198, 233, 274, 287, 477, 952, 1070, 1126, 1251, 1273, 1286, 1419, 1450, 1522, 1645, 1660, 1670, 1804, 1969, 2016, 2023, 2172, 2195, 2214, 2220, 2259, 2300, 2486, 2555, 2594, 2635, 2733, 2860, 3016, 3068, 3158, 3308, 3412, 3476, 3543, 3693, 3794, 3805, 3828, 3911, 3919, 3949, 4043, 4140, 4224, 4369, 4586, 4791, 4910, 5379, 5435, 5478, 5541, 5602, 5793, 5826, 6092, 6236, 6260, 6323, 6430, 6441, 6517, 6754, 6784, 6875, 6967, 7063, 7164, 7251, 7471, 7475, 7515, 7528]",[2486],"[115, 171, 198, 233, 274, 287, 477, 952, 1070, 1126, 1251, 1273, 1286, 1419, 1450, 1522, 1645, 1660, 1670, 1804, 1969, 2016, 2023, 2172, 2195, 2214, 2220, 2259, 2300, 2555, 2594, 2635, 2733, 2860, 3016, 3068, 3158, 3308, 3412, 3476, 3543, 3693, 3794, 3805, 3828, 3911, 3919, 3949, 4043, 4140, 4224, 4369, 4586, 4791, 4910, 5379, 5435, 5478, 5541, 5602, 5793, 5826, 6092, 6236, 6260, 6323, 6430, 6441, 6517, 6754, 6784, 6875, 6967, 7063, 7164, 7251, 7471, 7475, 7515, 7528]",[2486],7635,81,7554,1,80,7554,0
2.0,MMCFOS,"[99, 376, 385, 491, 844, 907, 965, 1025, 1231, 1244, 1248, 1320, 1387, 1459, 1646, 1685, 1790, 1850, 2137, 2162, 2168, 2173, 2194, 2208, 2363, 2655, 3118, 3264, 3367, 3414, 3429, 3509, 3656, 3856]","[844, 1850, 2363]","[99, 376, 385, 491, 907, 965, 1025, 1231, 1244, 1248, 1320, 1387, 1459, 1646, 1685, 1790, 2137, 2162, 2168, 2173, 2194, 2208, 2655, 3118, 3264, 3367, 3414, 3429, 3509, 3656, 3856]","[844, 1850, 2363]",3960,34,3926,3,31,3926,0
2.0,MMCOL10A,"[30, 216, 322, 560, 714, 872, 996, 1070, 1193, 1269, 1393, 1446, 1518, 1719, 1796, 1802, 1964, 2209, 2356, 2386, 2390, 2540, 2622, 2771, 2829, 2887, 2931, 2937, 3292, 3298, 3514, 3553, 3707, 3794, 3918, 3985, 4222, 4246, 4672, 4689, 4704, 4716, 4779, 4783, 4974, 5017, 5055, 5092, 5105, 5182, 5192, 5203, 5224, 5555, 5609, 5660, 5729, 5765, 5846, 5879, 5888, 5975, 6020, 6146, 6228, 6263, 6290, 6340, 6371, 6389, 6407, 6434, 6461, 6479, 6697, 6704, 6754, 6758, 6821, 6833, 6895, 6933, 7009, 7059, 7101, 7192, 7203, 7278, 7282, 7286, 7335, 7656, 7676, 7726, 7813, 8029, 8197, 8207, 8246, 8369, 8394, 8718, 8837, 9001, 9050, 9066, 9284, 9322]",[1802],"[30, 216, 322, 560, 714, 872, 996, 1070, 1193, 1269, 1393, 1446, 1518, 1719, 1796, 1964, 2209, 2356, 2386, 2390, 2540, 2622, 2771, 2829, 2887, 2931, 2937, 3292, 3298, 3514, 3553, 3707, 3794, 3918, 3985, 4222, 4246, 4672, 4689, 4704, 4716, 4779, 4783, 4974, 5017, 5055, 5092, 5105, 5182, 5192, 5203, 5224, 5555, 5609, 5660, 5729, 5765, 5846, 5879, 5888, 5975, 6020, 6146, 6228, 6263, 6290, 6340, 6371, 6389, 6407, 6434, 6461, 6479, 6697, 6704, 6754, 6758, 6821, 6833, 6895, 6933, 7009, 7059, 7101, 7192, 7203, 7278, 7282, 7286, 7335, 7656, 7676, 7726, 7813, 8029, 8197, 8207, 8246, 8369, 8394, 8718, 8837, 9001, 9050, 9066, 9284, 9322]",[1802],9324,108,9216,1,107,9216,0
2.0,MMCRPG,"[32, 328, 375, 523, 683, 716, 809, 816, 824, 929, 1003, 1011, 1037, 1063, 1110, 1167, 1289, 1293, 1441, 1988]",[375],"[32, 328, 523, 683, 716, 809, 816, 824, 929, 1003, 1011, 1037, 1063, 1110, 1167, 1289, 1293, 1441, 1988]",[375],2133,20,2113,1,19,2113,0
2.0,MMCYTOKNA,"[122, 810, 926, 1042, 1089, 1123, 1339, 1393, 1580, 1657, 1871, 1881, 1983, 2161, 2239, 2252, 2432, 2523, 2542, 2549, 2553]",[810],"[122, 926, 1042, 1089, 1123, 1339, 1393, 1580, 1657, 1871, 1881, 1983, 2161, 2239, 2252, 2432, 2523, 2542, 2549, 2553]","[810, 1559]",2552,21,2531,1,20,2530,1
2.0,MMDM2RR,"[30, 104, 412, 461, 503, 665, 680, 713, 854, 878, 999, 1010, 1110, 1124, 1162, 1305, 1325, 1427, 1439, 1473, 1481, 1534, 1651, 1846, 1974, 2004, 2085, 2156, 2171, 2236, 2247, 2254, 2407, 2513, 2568, 2657, 2702, 2727, 2805, 3017, 3136, 3262, 3359, 3378, 3509, 3526, 3532, 3556, 3696, 3701, 3750, 3962, 4028, 4033, 4129, 4134, 4138, 4288, 4427, 4443, 4482, 4598, 4625, 4663, 4793, 4862, 4925, 4937, 5044, 5134, 5228, 5321, 5505, 5583, 5860, 5928, 6015, 6030, 6048, 6052, 6060, 6108, 6307, 6320, 6476, 6502, 6591]","[665, 854, 1305, 1651, 2702, 3701, 3962, 4925, 5134]","[30, 104, 412, 461, 503, 680, 713, 878, 999, 1010, 1110, 1124, 1162, 1325, 1427, 1439, 1473, 1481, 1534, 1846, 1974, 2004, 2085, 2156, 2171, 2236, 2247, 2254, 2407, 2513, 2568, 2657, 2727, 2805, 3017, 3136, 3262, 3359, 3378, 3509, 3526, 3532, 3556, 3696, 3750, 4028, 4033, 4129, 4134, 4138, 4288, 4427, 4443, 4482, 4598, 4625, 4663, 4793, 4862, 4937, 5044, 5228, 5321, 5505, 5583, 5860, 5928, 6015, 6030, 6048, 6052, 6060, 6108, 6307, 6320, 6476, 6502, 6591]","[665, 854, 1305, 1651, 2702, 3701, 3962, 4925, 5134]",6633,87,6546,9,78,6546,0
2.0,MMDNAASFA,"[172, 188, 297, 345, 354, 542, 800, 855, 859, 914, 918, 987, 1042, 1241, 1406, 1497, 1576, 1705, 1746, 1780, 1823, 1876, 1923, 1940, 2084, 2135, 2194, 2357, 2406, 2491, 2514, 2695, 2996, 3188, 3221, 3239, 3295, 3306, 3455, 3464, 3517, 3546, 3558, 3641, 3682, 3703, 4082, 4175, 4306]","[855, 1241, 1576, 1823, 2135, 2357, 2695]","[172, 188, 297, 345, 354, 542, 800, 859, 914, 918, 987, 1042, 1406, 1497, 1705, 1746, 1780, 1876, 1923, 1940, 2084, 2194, 2406, 2491, 2514, 2996, 3188, 3221, 3239, 3295, 3306, 3455, 3464, 3517, 3546, 3558, 3641, 3682, 3703, 4082, 4175, 4306]","[855, 1241, 1576, 1823, 2135, 2357, 2695]",4311,49,4262,7,42,4262,0
2.0,MMEZGL,"[17, 54, 106, 161, 535, 589, 613, 621, 637, 665, 701, 706, 715, 802, 852, 899, 910, 1167, 1191, 1276, 1497, 1599, 1625, 1658, 1824]","[589, 1599]","[17, 54, 106, 161, 535, 613, 621, 637, 665, 701, 706, 715, 802, 852, 899, 910, 1167, 1191, 1276, 1497, 1625, 1658, 1824]","[589, 1599]",1947,25,1922,2,23,1922,0
2.0,MMG37,"[87, 213, 265, 304, 332, 336, 348, 381, 414, 489, 534, 616, 666, 788, 792, 930, 999, 1049, 1062, 1091, 1303, 1358, 1441, 1700, 1706, 1901, 2024, 2040, 2119, 2128, 2130, 2134, 2147, 2275, 2363, 2469, 2476, 2570, 2574, 2771, 2784, 2788, 2862, 3059]","[332, 788, 1303, 2119, 2363, 2570]","[87, 213, 265, 304, 336, 348, 381, 414, 489, 534, 616, 666, 792, 930, 999, 1049, 1062, 1091, 1358, 1441, 1700, 1706, 1901, 2024, 2040, 2128, 2130, 2134, 2147, 2275, 2469, 2476, 2574, 2771, 2784, 2788, 2862, 3059]","[332, 788, 1303, 2119, 2363, 2570]",3066,44,3022,6,38,3022,0
2.0,MMGBCRYA,"[161, 165, 169, 188, 220, 332, 671, 1003, 1094, 1122, 1165, 1412, 1416, 1702, 1718, 1754, 1966, 2020, 2132, 2175, 2209, 2261, 2470, 2662]","[671, 1003]","[161, 165, 169, 188, 220, 332, 1094, 1122, 1165, 1412, 1416, 1702, 1718, 1754, 1966, 2020, 2132, 2175, 2209, 2261, 2470, 2662]","[671, 1003]",2655,24,2631,2,22,2631,0
2.0,MMGCCRYA,"[148, 417, 701, 721, 1056, 1126, 1131, 1352, 1430, 1473, 1478, 1678, 1687, 1716, 1790, 1803, 1807, 1835, 1911, 2181, 2316, 2374, 2488, 2570, 2593, 2650, 2655, 2744]","[721, 1056]","[148, 417, 701, 1126, 1131, 1352, 1430, 1473, 1478, 1678, 1687, 1716, 1790, 1803, 1807, 1835, 1911, 2181, 2316, 2374, 2488, 2570, 2593, 2650, 2655, 2744]","[721, 1056]",2885,28,2857,2,26,2857,0
2.0,MMGFAPD,"[88, 108, 314, 346, 666, 713, 741, 976, 990, 1035, 1096, 1175, 1246, 1269, 1298, 1309, 1340, 1500, 1624, 1646, 1710, 1901, 2021, 2179, 2277, 2284, 2449, 2561, 2650, 2668, 2760, 2982, 2995, 3001, 3128, 3351, 3367, 3389, 3413, 3473, 3484, 3497, 3660, 3711, 3906, 3911, 3960, 4335, 4730, 4868, 4874, 4886, 4910, 4931, 4947, 5217, 5245, 5253, 5267, 5298, 5452, 5481, 5531, 5702, 6297, 6333, 6370, 6406, 6510, 6547, 6584, 6620, 6656, 6692, 6728, 6765, 6806, 6837, 6873, 6909, 7117, 7192, 7198, 7231, 7253, 7448, 7498, 7577, 7605, 7620, 7759, 7877, 7902, 7907, 7962, 8027, 8031, 8155, 8227, 8292, 8347, 8409, 8587, 8592, 8598, 8630, 9093, 9105, 9266, 9301, 9323, 9474, 9671, 9788]","[713, 1624, 1901, 2995, 3906, 4335, 5452, 7907]","[88, 108, 314, 346, 666, 741, 976, 990, 1035, 1096, 1175, 1246, 1269, 1298, 1309, 1340, 1500, 1646, 1710, 2021, 2179, 2277, 2284, 2449, 2561, 2650, 2668, 2760, 2982, 3001, 3128, 3351, 3367, 3389, 3413, 3473, 3484, 3497, 3660, 3711, 3911, 3960, 4730, 4868, 4874, 4886, 4910, 4931, 4947, 5217, 5245, 5253, 5267, 5298, 5481, 5531, 5702, 6297, 6333, 6370, 6406, 6510, 6547, 6584, 6620, 6656, 6692, 6728, 6765, 6806, 6837, 6873, 6909, 7117, 7192, 7198, 7231, 7253, 7448, 7498, 7577, 7605, 7620, 7759, 7877, 7902, 7962, 8027, 8031, 8155, 8227, 8292, 8347, 8409, 8587, 8592, 8598, 8630, 9093, 9105, 9266, 9301, 9323, 9474, 9671, 9788]","[713, 1624, 1901, 2995, 3906, 4335, 5452, 7907]",9964,114,9850,8,106,9850,0
2.0,MMGGLINE,"[125, 157, 204, 279, 441, 876, 1133, 1465, 1487, 1735, 1787, 1815, 1827, 2076, 2250, 2288, 2298, 2499, 2520, 2587, 2634, 2728, 2730, 2760, 2801, 2871, 2910, 2980, 3031, 3044, 3150, 3162, 3212, 3236, 3240, 3244, 3256, 3295, 3439, 3536, 3807, 3811, 3833, 3883, 3948, 3977, 3995, 4049, 4209, 4400, 4417, 4429, 4514, 4519, 4618, 4790, 4813, 4824, 4883, 4949, 5098, 5418, 5624, 5706, 5849, 6352, 6374, 6612, 6664, 6694, 6706, 6955, 7129, 7167, 7177, 7378, 7399, 7466, 7513, 7607, 7609, 7639, 7680, 7750, 7789, 7859, 7910, 7923, 8029, 8041, 8091, 8131, 8170, 8314, 8411, 8700, 8710, 8721, 8791, 8829, 8852, 8921, 8951, 9000, 9016, 9096, 9162, 9179, 9193, 9263, 9342, 9360, 9373, 9567, 9578, 9641, 9714, 9849, 10169, 10308, 10386, 10407, 10420, 10582, 10693, 10781, 10978, 10982, 11009, 11052]","[7167, 7513]","[125, 157, 204, 279, 441, 876, 1133, 1465, 1487, 1735, 1787, 1815, 1827, 2076, 2250, 2288, 2298, 2499, 2520, 2587, 2634, 2728, 2730, 2760, 2801, 2871, 2910, 2980, 3031, 3044, 3150, 3162, 3212, 3236, 3240, 3244, 3256, 3295, 3439, 3536, 3807, 3811, 3833, 3883, 3948, 3977, 3995, 4049, 4209, 4400, 4417, 4429, 4514, 4519, 4618, 4790, 4813, 4824, 4883, 4949, 5098, 5418, 5624, 5706, 5849, 6352, 6374, 6612, 6664, 6694, 6706, 6955, 7129, 7177, 7378, 7399, 7466, 7607, 7609, 7639, 7680, 7750, 7789, 7859, 7910, 7923, 8029, 8041, 8091, 8131, 8170, 8314, 8411, 8700, 8710, 8721, 8791, 8829, 8852, 8921, 8951, 9000, 9016, 9096, 9162, 9179, 9193, 9263, 9342, 9360, 9373, 9567, 9578, 9641, 9714, 9849, 10169, 10308, 10386, 10407, 10420, 10582, 10693, 10781, 10978, 10982, 11009, 11052]","[7167, 7513]",11279,130,11149,2,128,11149,0
2.0,MMGK5,"[30, 244, 411, 420, 446, 524, 695, 1208, 1283, 1439, 1690, 1805, 1809, 1872, 1890, 2100, 2311, 2318, 2595, 2626, 2710, 2768, 2825, 2845, 2850, 2970, 2986, 3083, 3197, 3239, 3269, 3287, 3432, 3465, 3507, 3525]","[695, 1805, 2595, 2825]","[30, 244, 411, 420, 446, 524, 1208, 1283, 1439, 1690, 1809, 1872, 1890, 2100, 2311, 2318, 2626, 2710, 2768, 2845, 2850, 2970, 2986, 3083, 3197, 3239, 3269, 3287, 3432, 3465, 3507, 3525]","[695, 1805, 2595, 2825]",3603,36,3567,4,32,3567,0
2.0,MMH2D4Q5,"[159, 163, 345, 390, 472, 644, 839, 899, 955, 1055]","[159, 644]","[163, 345, 390, 472, 839, 899, 955, 1055]","[159, 644]",1101,10,1091,2,8,1091,0
2.0,MMHOX13,"[82, 118, 325, 369, 470, 492, 553, 800, 832, 1037, 1105, 1119, 1135, 1147, 1156, 1393, 1440, 1455, 1497, 1570, 1574, 1647, 1651, 1716, 1769, 1976, 2028, 2076, 2109, 2407, 2504, 2558, 2583, 2658, 2798]",[800],"[82, 118, 325, 369, 470, 492, 553, 832, 1037, 1105, 1119, 1135, 1147, 1156, 1393, 1440, 1455, 1497, 1570, 1574, 1647, 1651, 1716, 1769, 1976, 2028, 2076, 2109, 2407, 2504, 2558, 2583, 2658, 2798]",[800],2828,35,2793,1,34,2793,0
2.0,MMHOX24I,"[24, 50, 72, 91, 98, 281, 529, 631, 705, 725, 730, 837, 868, 896, 914, 1160, 1164, 1264, 1719, 1903, 1913]",[837],"[24, 50, 72, 91, 98, 281, 529, 631, 705, 725, 730, 868, 896, 914, 1160, 1164, 1264, 1719, 1903, 1913]",[837],1916,21,1895,1,20,1895,0
2.0,MMIL1BG,"[3, 121, 136, 184, 572, 845, 1099, 1294, 1356, 1360, 1364, 1532, 1567, 1678, 1803, 1807, 1938, 2183, 2371, 2470, 2650, 2803, 3028, 3095, 3123, 3222, 3239, 3249, 3323, 3333, 3423, 3680, 4134, 4271, 4398, 4402, 4651, 4691, 4785, 4844, 4866, 4921, 4988, 5080, 5100, 5679, 5954, 6134, 6172, 6241, 6443, 6509, 6565, 6610, 6670, 7028]","[1356, 1938, 3680, 4398, 5679]","[3, 121, 136, 184, 572, 845, 1099, 1294, 1360, 1364, 1532, 1567, 1678, 1803, 1807, 2183, 2371, 2470, 2650, 2803, 3028, 3095, 3123, 3222, 3239, 3249, 3323, 3333, 3423, 4134, 4271, 4402, 4651, 4691, 4785, 4844, 4866, 4921, 4988, 5080, 5100, 5954, 6134, 6172, 6241, 6443, 6509, 6565, 6610, 6670, 7028]","[1356, 1938, 3680, 4398, 5679]",7093,56,7037,5,51,7037,0
2.0,MMIL3G,"[112, 129, 188, 350, 469, 686, 703, 712, 732, 745, 824, 875, 1034, 1038, 1326, 1445, 1913, 1939, 1946, 1992, 2090, 2583, 2916, 3117]","[686, 824, 1913, 2090]","[112, 129, 188, 350, 469, 703, 712, 732, 745, 875, 1034, 1038, 1326, 1445, 1939, 1946, 1992, 2583, 2916, 3117]","[686, 824, 1913, 2090]",3483,24,3459,4,20,3459,0
2.0,MMIL5G,"[21, 40, 87, 151, 184, 218, 359, 468, 674, 731, 813, 818, 965, 970, 980, 1473, 1593, 1625, 1842, 1846, 1971, 1984, 2099, 2123, 2262, 2282, 2439, 2448, 2548, 2601, 2637, 2641, 2645, 2649, 2653, 2657, 2661, 2671, 2708, 2787, 2874, 2991, 3068, 3073, 3101, 3117, 3123, 3418, 3529, 3535, 3597, 3740, 3792, 4000, 4213, 4227, 4434, 4490, 4637, 4702, 4754, 4774, 4806, 4899, 4929, 4997, 5045, 5051, 5071, 5217, 5303, 5318, 5345, 5361, 5441, 5533, 5659, 5742, 5774, 5971, 6026, 6174, 6285, 6337, 6478, 6585, 6608]","[731, 1593, 3597]","[21, 40, 87, 151, 184, 218, 359, 468, 674, 813, 818, 965, 970, 980, 1473, 1625, 1842, 1846, 1971, 1984, 2099, 2123, 2262, 2282, 2439, 2448, 2548, 2601, 2637, 2641, 2645, 2649, 2653, 2657, 2661, 2671, 2708, 2787, 2874, 2991, 3068, 3073, 3101, 3117, 3123, 3418, 3529, 3535, 3740, 3792, 4000, 4213, 4227, 4434, 4490, 4637, 4702, 4754, 4774, 4806, 4899, 4929, 4997, 5045, 5051, 5071, 5217, 5303, 5318, 5345, 5361, 5441, 5533, 5659, 5742, 5774, 5971, 6026, 6174, 6285, 6337, 6478, 6585, 6608]","[731, 1593, 3597]",6720,87,6633,3,84,6633,0
2.0,MMKFGF,"[47, 147, 151, 379, 469, 493, 518, 542, 566, 693, 779, 869, 875, 961, 976, 1040, 1045, 1086, 1160, 1254, 1259, 1279, 1337, 1548, 1556, 1574, 1624, 1912, 1947, 2012, 2079, 2322, 2484, 2548, 2561, 2607, 2715, 2731, 2857, 2861, 2886, 3185, 3456, 3534, 3596, 3801, 3818, 3835]","[542, 1045]","[47, 147, 151, 379, 469, 493, 518, 566, 693, 779, 869, 875, 961, 976, 1040, 1086, 1160, 1254, 1259, 1279, 1337, 1548, 1556, 1574, 1624, 1912, 1947, 2012, 2079, 2322, 2484, 2548, 2561, 2607, 2715, 2731, 2857, 2861, 2886, 3185, 3456, 3534, 3596, 3801, 3818, 3835]","[542, 1045]",3982,48,3934,2,46,3934,0
2.0,MMLDHAG,"[48, 105, 232, 275, 571, 731, 736, 829, 867, 901, 1012, 1052, 1081, 1180, 1299, 1378, 1543, 1552, 1679, 1782, 1906, 2096, 2132, 2186, 2250, 2305, 2429, 2574, 2616, 2653, 2774, 2779, 2825, 2852, 2946, 2978, 3061, 3084, 3093, 3165, 3195, 3291, 3295, 3339, 3345, 3434, 3548, 3563, 3649, 3670, 3728, 3772, 3939, 4043, 4077, 4089, 4167, 4205, 4226, 4240, 4330, 4377, 4532, 4536, 4577, 4609, 4614, 4649, 4667, 4786, 4824, 4966, 4992, 5138, 5333, 5458, 5676, 5919, 6038, 6042, 6123, 6154, 6421, 6454, 6475, 6597, 7092, 7130, 7171, 7208, 7224, 7283, 7338, 7398, 7401, 7668, 7776, 7780, 7959, 7963, 8181, 8206, 8280, 8315, 8319, 8327, 8336, 8344, 8357, 8380, 8402, 8414, 8454, 8494, 8586, 8597, 8833, 8909, 8945, 8981, 9006, 9123, 9289, 9494, 9510, 9652, 9818, 9897, 9999, 10037, 10281, 10407, 10447, 10471, 10503, 10517, 10590, 10704, 10711, 10812, 10855, 10994, 11050, 11076, 11081, 11308, 11426, 11452, 11532, 11655, 11822, 11845, 11893, 11907, 11915, 11977, 12056, 12060, 12148, 12155, 12262, 12279, 12400, 12598, 12637, 12721, 12773]","[4577, 5919, 7171, 7668, 8597, 10704]","[48, 105, 232, 275, 571, 731, 736, 829, 867, 901, 1012, 1052, 1081, 1180, 1299, 1378, 1543, 1552, 1679, 1782, 1906, 2096, 2132, 2186, 2250, 2305, 2429, 2574, 2616, 2653, 2774, 2779, 2825, 2852, 2946, 2978, 3061, 3084, 3093, 3165, 3195, 3291, 3295, 3339, 3345, 3434, 3548, 3563, 3649, 3670, 3728, 3772, 3939, 4043, 4077, 4089, 4167, 4205, 4226, 4240, 4330, 4377, 4532, 4536, 4609, 4614, 4649, 4667, 4786, 4824, 4966, 4992, 5138, 5333, 5458, 5676, 6038, 6042, 6123, 6154, 6421, 6454, 6475, 6597, 7092, 7130, 7208, 7224, 7283, 7338, 7398, 7401, 7776, 7780, 7959, 7963, 8181, 8206, 8280, 8315, 8319, 8327, 8336, 8344, 8357, 8380, 8402, 8414, 8454, 8494, 8586, 8833, 8909, 8945, 8981, 9006, 9123, 9289, 9494, 9510, 9652, 9818, 9897, 9999, 10037, 10281, 10407, 10447, 10471, 10503, 10517, 10590, 10711, 10812, 10855, 10994, 11050, 11076, 11081, 11308, 11426, 11452, 11532, 11655, 11822, 11845, 11893, 11907, 11915, 11977, 12056, 12060, 12148, 12155, 12262, 12279, 12400, 12598, 12637, 12721, 12773]","[4577, 5919, 7171, 7668, 8597, 10704]",12844,167,12677,6,161,12677,0
2.0,MMMMP9A,"[11, 70, 96, 483, 561, 880, 967, 1007, 1341, 1357, 1378, 1440, 1469, 1476, 1508, 1562, 1600, 1631, 1734, 1890, 1949, 1981, 2008, 2031, 2039, 2068, 2125, 2293, 2305, 2331, 2375, 2550, 2665, 2777, 2781, 2849, 2920, 3058, 3064, 3068, 3081, 3148, 3222, 3230, 3283, 3359, 3395, 3418, 3441, 3479, 3639, 3808, 3886, 3922, 3945, 3971, 4051, 4132, 4201, 4206, 4257, 4302, 4321, 4373, 4457, 4478, 4492, 4525, 4851, 4864, 4944, 4948, 5301, 5483, 5695, 5708, 5712, 5716, 5799, 5936, 6087, 6215, 6282, 6291, 6356, 6378, 6417, 6482, 6525, 6564, 7049, 7141, 7168, 7374, 7402, 7414, 7445, 7632, 7752, 7770, 7779, 7791, 7800, 7809, 7818, 7939, 7954, 7964]","[1341, 2008, 2375, 2781, 3064, 3418, 3945, 4206, 5695, 5936, 6356, 6564]","[11, 70, 96, 483, 561, 880, 967, 1007, 1357, 1378, 1440, 1469, 1476, 1508, 1562, 1600, 1631, 1734, 1890, 1949, 1981, 2031, 2039, 2068, 2125, 2293, 2305, 2331, 2550, 2665, 2777, 2849, 2920, 3058, 3068, 3081, 3148, 3222, 3230, 3283, 3359, 3395, 3441, 3479, 3639, 3808, 3886, 3922, 3971, 4051, 4132, 4201, 4257, 4302, 4321, 4373, 4457, 4478, 4492, 4525, 4851, 4864, 4944, 4948, 5301, 5483, 5708, 5712, 5716, 5799, 6087, 6215, 6282, 6291, 6378, 6417, 6482, 6525, 7049, 7141, 7168, 7374, 7402, 7414, 7445, 7632, 7752, 7770, 7779, 7791, 7800, 7809, 7818, 7939, 7954, 7964]","[1341, 2008, 2375, 2781, 3064, 3418, 3945, 4206, 5695, 5936, 6356, 6564]",8183,108,8075,12,96,8075,0
2.0,MMMRPS24,"[40, 217, 266, 346, 353, 404, 645, 670, 712, 836, 959, 1106, 1132, 1180, 1196, 1460, 1518, 1761, 1765, 1994, 2059, 2108, 2149, 2168, 2206, 2253, 2406, 2571, 2652, 2669, 2675, 2683, 2928, 2976, 2987, 3095, 3123, 3137, 3192, 3263, 3619, 3713, 3731, 3733, 3737, 3803, 3917, 3934, 3938, 4110, 4334, 4371, 4375, 4461, 4658, 4832, 4892, 4905, 4917, 4921, 4969, 5070, 5091, 5154, 5228, 5255, 5261, 5276, 5435]","[404, 1460, 1761, 3137]","[40, 217, 266, 346, 353, 645, 670, 712, 836, 959, 1106, 1132, 1180, 1196, 1518, 1765, 1994, 2059, 2108, 2149, 2168, 2206, 2253, 2406, 2571, 2652, 2669, 2675, 2683, 2928, 2976, 2987, 3095, 3123, 3192, 3263, 3619, 3713, 3731, 3733, 3737, 3803, 3917, 3934, 3938, 4110, 4334, 4371, 4375, 4461, 4658, 4832, 4892, 4905, 4917, 4921, 4969, 5070, 5091, 5154, 5228, 5255, 5261, 5276, 5435]","[404, 1460, 1761, 3137]",5492,69,5423,4,65,5423,0
2.0,MMMTIX,"[172, 213, 402, 706, 758, 770, 844, 951, 1182, 1255, 1355, 1401, 1427, 1502, 1515]","[402, 951]","[172, 213, 706, 758, 770, 844, 1182, 1255, 1355, 1401, 1427, 1502, 1515]","[402, 951]",1553,15,1538,2,13,1538,0
2.0,MMMUPBS6,"[79, 149, 449, 731, 792, 813, 861, 926, 969, 1024, 1203, 1207, 1246, 1298, 1412, 1451, 1583, 1614, 1714, 1727, 1831, 1901, 2027, 2038, 2045, 2277, 2286, 2425, 2452, 2481, 2623, 2793, 3171, 3185, 3236, 3366, 3445, 3476, 3628, 3685, 3883, 4515, 4527]","[731, 1203, 2045, 2793, 3236]","[79, 149, 449, 792, 813, 861, 926, 969, 1024, 1207, 1246, 1298, 1412, 1451, 1583, 1614, 1714, 1727, 1831, 1901, 2027, 2038, 2277, 2286, 2425, 2452, 2481, 2623, 3171, 3185, 3366, 3445, 3476, 3628, 3685, 3883, 4515, 4527]","[731, 1203, 2045, 2793, 3236]",4615,43,4572,5,38,4572,0
2.0,MMMYCL,"[26, 68, 256, 264, 270, 275, 317, 337, 369, 404, 580, 806, 810, 829, 840, 898, 919, 1044, 1085, 1170, 1396, 1493, 1615, 1787, 1917, 1951, 1955, 1963, 1980, 2009, 2042, 2084, 2341, 2350, 2419, 2554, 2581, 2634, 2785, 3292, 3318, 3327, 3447, 3452, 3461, 3569, 3734, 3810, 3894, 3990, 3996, 4161, 4334, 4613, 4617, 4673, 4690, 4744, 4948, 4970, 5002, 5023, 5185, 5229, 5262, 5420, 5452, 5610, 5640, 5883, 6229, 6468, 6484, 6573, 6619, 6725, 6731, 6752, 6937, 7001, 7147, 7436, 7477, 7560, 7565, 7571, 7635, 7750, 7755, 7927, 8161]",[1787],"[26, 68, 256, 264, 270, 275, 317, 337, 369, 404, 580, 806, 810, 829, 840, 898, 919, 1044, 1085, 1170, 1396, 1493, 1615, 1917, 1951, 1955, 1963, 1980, 2009, 2042, 2084, 2341, 2350, 2419, 2554, 2581, 2634, 2785, 3292, 3318, 3327, 3447, 3452, 3461, 3569, 3734, 3810, 3894, 3990, 3996, 4161, 4334, 4613, 4617, 4673, 4690, 4744, 4948, 4970, 5002, 5023, 5185, 5229, 5262, 5420, 5452, 5610, 5640, 5883, 6229, 6468, 6484, 6573, 6619, 6725, 6731, 6752, 6937, 7001, 7147, 7436, 7477, 7560, 7565, 7571, 7635, 7750, 7755, 7927, 8161]",[1787],8309,91,8218,1,90,8218,0
2.0,MMNFMG,"[50, 59, 97, 120, 243, 274, 284, 352, 421, 638, 993, 1043, 1205, 1223, 1244, 1277, 1319, 1510, 1553, 1634, 1747, 1791, 2199, 2336, 2340, 2456, 2534, 2540, 2631, 2878, 3093, 3122, 3145, 3175, 3339, 3452, 3597, 3686, 3691, 3793, 3876, 4040, 4252, 4343, 4409, 4448, 4585, 4619, 4693, 4753, 4777, 4794, 4798, 4804, 4855, 4886, 4954, 5044, 5110, 5236, 5282]","[1634, 2540]","[50, 59, 97, 120, 243, 274, 284, 352, 421, 638, 993, 1043, 1205, 1223, 1244, 1277, 1319, 1510, 1553, 1747, 1791, 2199, 2336, 2340, 2456, 2534, 2631, 2878, 3093, 3122, 3145, 3175, 3339, 3452, 3597, 3686, 3691, 3793, 3876, 4040, 4252, 4343, 4409, 4448, 4585, 4619, 4693, 4753, 4777, 4794, 4798, 4804, 4855, 4886, 4954, 5044, 5110, 5236, 5282]","[1634, 2540]",5464,61,5403,2,59,5403,0
2.0,MMNMYC,"[149, 294, 749, 835, 869, 970, 990, 994, 1163, 1210, 1216, 1253, 1355, 1397, 1470, 1584, 1591, 1609, 1672, 1732, 1921, 2004, 2053, 2175, 2756, 2766, 2791, 3064, 3071, 3124, 3257, 3278, 3549, 3611, 3661, 3902, 3996, 4041, 4204, 4214, 4256, 4261, 4401, 4564, 4764, 4774, 4796]",[1163],"[149, 294, 749, 835, 869, 970, 990, 994, 1210, 1216, 1253, 1355, 1397, 1470, 1584, 1591, 1609, 1672, 1732, 1921, 2004, 2053, 2175, 2756, 2766, 2791, 3064, 3071, 3124, 3257, 3278, 3549, 3611, 3661, 3902, 3996, 4041, 4204, 4214, 4256, 4261, 4401, 4564, 4764, 4774, 4796]",[1163],4800,47,4753,1,46,4753,0
2.0,MMNUCLEO,"[62, 184, 540, 622, 665, 669, 784, 863, 926, 988, 1033, 1160, 1599, 1697, 1774, 1803, 1911, 1932, 2027, 2042, 2214, 2309, 2311, 2354, 2423, 2521, 2563, 2596, 2607, 2620, 2642, 2665, 2680, 2859, 2956, 2967, 3012, 3040, 3075, 3141, 3456, 3562, 3737, 3984, 4016, 4029, 4071, 4190, 4293, 4319, 4464, 4468, 4694, 4715, 4729, 4879, 4926, 5024, 5188, 5198, 5295, 5305, 5332, 5351, 5605, 5627, 5879, 5995, 6034, 6221, 6230, 6234, 6248, 6280, 6349, 6399, 6403, 6530, 6726, 6879, 7043, 7135, 7199, 7203, 7215, 7232, 7250, 7510, 7705, 8122, 8304, 8349, 8451, 8458, 8514, 8534, 8614, 8738, 8761, 8794, 8928, 9050, 9082, 9279, 9352, 9387, 9557, 9572, 9700, 9781, 9881, 10068, 10132, 10140, 10179, 10212, 10235, 10325, 10331, 10349, 10379, 10391, 10400, 10436, 10506, 10551, 10733, 10888, 10946, 11016, 11089, 11335, 11413]","[2042, 3141, 4293, 4694, 4879, 5198, 6230, 8122, 8738, 9050, 9881, 10436]","[62, 184, 540, 622, 665, 669, 784, 863, 926, 988, 1033, 1160, 1599, 1697, 1774, 1803, 1911, 1932, 2027, 2214, 2309, 2311, 2354, 2423, 2521, 2563, 2596, 2607, 2620, 2642, 2665, 2680, 2859, 2956, 2967, 3012, 3040, 3075, 3456, 3562, 3737, 3984, 4016, 4029, 4071, 4190, 4319, 4464, 4468, 4715, 4729, 4926, 5024, 5188, 5295, 5305, 5332, 5351, 5605, 5627, 5879, 5995, 6034, 6221, 6234, 6248, 6280, 6349, 6399, 6403, 6530, 6726, 6879, 7043, 7135, 7199, 7203, 7215, 7232, 7250, 7510, 7705, 8304, 8349, 8451, 8458, 8514, 8534, 8614, 8761, 8794, 8928, 9082, 9279, 9352, 9387, 9557, 9572, 9700, 9781, 10068, 10132, 10140, 10179, 10212, 10235, 10325, 10331, 10349, 10379, 10391, 10400, 10506, 10551, 10733, 10888, 10946, 11016, 11089, 11335, 11413]","[2042, 3141, 4293, 4694, 4879, 5198, 6230, 7517, 8122, 8738, 9050, 9881, 10436]",11471,133,11338,12,121,11337,1
2.0,MMODC2,"[80, 91, 124, 128, 176, 331, 335, 440, 454, 622, 689, 737, 803, 844, 895, 944, 966, 977, 1053, 1182, 1239, 1301, 1367, 1369, 1374, 1482, 1495, 1540, 1557, 1801, 1855, 1892, 1938, 1943, 2073, 2227, 2271, 2399, 2508, 2523, 2532, 2537, 2563, 2572, 2681, 2702, 2728, 2836, 2886, 2890, 2979, 2999, 3003, 3130, 3416, 3433, 3438, 3498, 3559, 3752, 3758, 3778, 4120, 4219, 4228, 4246]","[331, 737, 1053, 1374, 1557, 1801, 2508, 2702, 2999]","[80, 91, 124, 128, 176, 335, 440, 454, 622, 689, 803, 844, 895, 944, 966, 977, 1182, 1239, 1301, 1367, 1369, 1482, 1495, 1540, 1855, 1892, 1938, 1943, 2073, 2227, 2271, 2399, 2523, 2532, 2537, 2563, 2572, 2681, 2728, 2836, 2886, 2890, 2979, 3003, 3130, 3416, 3433, 3438, 3498, 3559, 3752, 3758, 3778, 4120, 4219, 4228, 4246]","[331, 737, 1053, 1374, 1557, 1801, 2508, 2702, 2999]",4253,66,4187,9,57,4187,0
2.0,MMOESTEOP,"[199, 510, 651, 706, 763, 771, 842, 853, 864, 873, 993, 997, 1091, 1127, 1176, 1395, 1662, 1666, 1800, 1811, 2027, 2052, 2241, 2283, 2414, 2459, 2581, 2605, 2609, 2714, 2742, 2821, 2917, 3332, 3523, 3711, 4039, 4101, 4216, 4271, 4448, 4452, 4637, 4834, 5104, 5120, 5237, 5290, 5308, 5456, 5583, 5607, 5729]","[993, 1127, 2283, 2821, 4101]","[199, 510, 651, 706, 763, 771, 842, 853, 864, 873, 997, 1091, 1176, 1395, 1662, 1666, 1800, 1811, 2027, 2052, 2241, 2414, 2459, 2581, 2605, 2609, 2714, 2742, 2917, 3332, 3523, 3711, 4039, 4216, 4271, 4448, 4452, 4637, 4834, 5104, 5120, 5237, 5290, 5308, 5456, 5583, 5607, 5729]","[993, 1127, 2283, 2821, 4101]",5775,53,5722,5,48,5722,0
2.0,MMPO,"[324, 475, 561, 825, 857, 962, 1313, 1325, 1637, 1686, 1709, 1716, 1800, 1950, 1954, 2006, 2181, 2193, 2232, 2239, 2304, 2391, 2446, 2553, 2561, 2839, 2860, 2948, 3035, 3054, 3336, 3441, 3447, 3470, 3503, 3536, 3655, 3719, 3728, 3749, 3835, 4044, 4238, 4243, 4257, 4385, 4590, 4769, 4816, 4831, 4835, 4902, 5261, 5281, 5312, 5347, 5575, 5641, 5673, 5809, 5814, 6010, 6145, 6250, 6294, 6308, 6384, 6470, 6478, 6482, 6491, 6509, 6513, 6525, 6534, 6538, 6555, 6572, 6582, 6589, 6620, 6624, 6637, 6664, 6668, 6672, 6683, 6697, 6704, 6716, 6790, 6805, 6833, 6901, 6905, 6911, 6915, 6956, 6982, 7167, 7628, 7712, 7756, 7842, 7865, 8043, 8109, 8240, 8252, 8363, 8440, 8691, 8736, 8907, 9079, 9156, 9226, 9231, 9240, 9244, 9257, 9434, 9454, 9464, 9476, 9483, 9712, 9716, 9730, 9809, 9841, 9890, 9896, 9903, 9938, 10001, 10055, 10145, 10331, 10550, 10751, 10756, 10826, 10849, 10853, 10866, 10894, 10970, 10979, 10983, 11067, 11076, 11123, 11344, 11609, 11611, 11636, 11700, 11764, 11901]","[2193, 2446, 2948, 3503, 3728, 4769, 7167, 8440, 8907, 9903]","[324, 475, 561, 825, 857, 962, 1313, 1325, 1637, 1686, 1709, 1716, 1800, 1950, 1954, 2006, 2181, 2232, 2239, 2304, 2391, 2553, 2561, 2839, 2860, 3035, 3054, 3336, 3441, 3447, 3470, 3536, 3655, 3719, 3749, 3835, 4044, 4238, 4243, 4257, 4385, 4590, 4816, 4831, 4835, 4902, 5261, 5281, 5312, 5347, 5575, 5641, 5673, 5809, 5814, 6010, 6145, 6250, 6294, 6308, 6384, 6470, 6478, 6482, 6491, 6509, 6513, 6525, 6534, 6538, 6555, 6572, 6582, 6589, 6620, 6624, 6637, 6664, 6668, 6672, 6683, 6697, 6704, 6716, 6790, 6805, 6833, 6901, 6905, 6911, 6915, 6956, 6982, 7628, 7712, 7756, 7842, 7865, 8043, 8109, 8240, 8252, 8363, 8691, 8736, 9079, 9156, 9226, 9231, 9240, 9244, 9257, 9434, 9454, 9464, 9476, 9483, 9712, 9716, 9730, 9809, 9841, 9890, 9896, 9938, 10001, 10055, 10145, 10331, 10550, 10751, 10756, 10826, 10849, 10853, 10866, 10894, 10970, 10979, 10983, 11067, 11076, 11123, 11344, 11609, 11611, 11636, 11700, 11764, 11901]","[2193, 2446, 2948, 3503, 3728, 4018, 4769, 7167, 8440, 8907, 9903]",11906,160,11746,10,150,11745,1
2.0,MMPPSOMA,"[124, 133, 161, 251, 411, 435, 447, 556, 562, 608, 612, 706, 710, 722, 916, 990, 1034, 1208, 1248, 1274, 1301, 1367, 1439, 1824, 2049, 2196, 2345, 2466, 2491]",[1034],"[124, 133, 161, 251, 411, 435, 447, 556, 562, 608, 612, 706, 710, 722, 916, 990, 1208, 1248, 1274, 1301, 1367, 1439, 1824, 2049, 2196, 2345, 2466, 2491]",[1034],2557,29,2528,1,28,2528,0
2.0,MMPROP2,"[63, 78, 289, 349, 416, 631]",[289],"[63, 78, 349, 416, 631]",[289],713,6,707,1,5,707,0
2.0,MMPROT1,"[145, 184, 312, 452, 474, 478, 544, 590, 609, 759, 790, 797, 937, 1094, 1107]",[759],"[145, 184, 312, 452, 474, 478, 544, 590, 609, 790, 797, 937, 1094, 1107]",[759],1179,15,1164,1,14,1164,0
2.0,MMPROT2,"[311, 361, 374, 480, 484, 508, 615, 658, 771, 791, 880, 915, 987, 1128, 1158, 1218, 1357, 1368, 1469]",[1218],"[311, 361, 374, 480, 484, 508, 615, 658, 771, 791, 880, 915, 987, 1128, 1158, 1357, 1368, 1469]",[1218],1569,19,1550,1,18,1550,0
2.0,MMSAP,"[48, 441, 601, 794, 827, 886, 1020, 1200, 1207, 1546, 1550, 1554, 1558, 1572, 1631, 1805, 1837]",[441],"[48, 601, 794, 827, 886, 1020, 1200, 1207, 1546, 1550, 1554, 1558, 1572, 1631, 1805, 1837]",[441],1869,17,1852,1,16,1852,0
2.0,MMSCIMIP,"[415, 438, 552, 578, 600, 865, 1010, 1017, 1049, 1054, 1066, 1153, 1630, 1647, 1867, 1946]","[415, 1017]","[438, 552, 578, 600, 865, 1010, 1049, 1054, 1066, 1153, 1630, 1647, 1867, 1946]","[415, 1017]",1981,16,1965,2,14,1965,0
2.0,MMSYNDE1A,"[48, 136, 190, 253, 456, 478, 518, 526, 762, 816, 850, 882, 903, 988, 1054, 1268, 1345, 1483, 1524, 1992, 2151, 2198, 2228, 2272, 2289, 2313, 2318, 2365, 2487, 2562, 2623, 2830, 3132, 3196, 3292, 3556, 3570, 3706, 3831, 3981, 4124, 4489, 4491, 4639, 4755, 4826, 4867, 4883, 4926, 4932, 4952, 5018, 5043, 5113, 5219, 5366, 5420, 5616, 5620, 5655, 5700, 5772, 5798, 5834, 5842, 5866, 5871, 5923, 5970, 6028, 6067, 6090, 6171, 6256, 6275, 6622, 6664, 6741, 6769, 6786, 6857, 6970, 6991, 6996, 7045, 7075, 7094, 7172, 7317, 7622, 7683, 7733, 7805, 7828, 7914, 7931, 8043, 8056, 8129, 8203, 8275, 8412, 8442, 8522, 8626, 8705, 8765, 8770, 8837, 8924, 9076, 9182, 9320, 9511, 9519, 9563, 9666, 9739, 9854, 9867, 9871, 9919, 10045, 10122, 10213, 10319, 10340, 10345, 10506, 10847, 10852, 10897, 10903, 11002, 11058, 11099, 11249, 11397, 11441, 11495, 11583, 11622, 11679, 11823, 11858, 11872, 11900, 11920, 11930, 11938, 12082, 12128, 12132, 12217, 12407, 12448, 12515, 12527, 12647, 12651, 12803, 12840, 12879, 13042, 13095, 13180, 13198, 13223, 13238, 13426, 13441, 13528, 13599, 13633, 13642, 13646, 13723, 13748, 13761, 13767, 13851, 13861, 13868, 14080, 14113, 14178, 14182, 14254, 14276, 14348, 14368, 14410, 14429, 14519, 14553, 14610, 14623, 14634, 14690, 14704, 14757, 14812, 14843, 14849, 14853, 14948, 15011, 15018, 15067, 15081, 15172, 15203, 15285, 15299, 15499, 15641, 15655, 15674, 15696, 15704, 15806, 15845, 15929, 15955, 16197, 16275, 16335, 16427, 16486, 16562, 16566, 16639, 16729, 16744, 16770, 16849, 16868, 17184, 17246, 17281, 17290, 17298, 17302, 17451, 17557, 17647, 17663, 17701, 17717, 17934, 17951, 17984, 18495, 18558, 18563, 18607, 18633, 18655, 18754, 18837, 19009, 19057, 19151, 19269, 19286, 19326, 19349, 19403, 19416, 19424, 19440, 19542, 19546, 19726, 19767, 19822, 19838, 19845, 19903, 20385, 20460, 20515, 20556, 20604, 20626, 20657, 20689, 20695, 20735, 20802, 20900, 20942, 20958, 20976, 20990, 21008, 21030, 21153, 21214, 21279, 21479, 21743, 21758, 21888, 22028, 22081, 22094, 22099, 22120, 22124, 22241, 22342, 22393, 22488, 22624, 22707, 22802, 23095, 23100, 23105, 23111, 23203, 23325, 23341, 23427, 23472]","[1345, 19009, 20385, 20942]","[48, 136, 190, 253, 456, 478, 518, 526, 762, 816, 850, 882, 903, 988, 1054, 1268, 1483, 1524, 1992, 2151, 2198, 2228, 2272, 2289, 2313, 2318, 2365, 2487, 2562, 2623, 2830, 3132, 3196, 3292, 3556, 3570, 3706, 3831, 3981, 4124, 4489, 4491, 4639, 4755, 4826, 4867, 4883, 4926, 4932, 4952, 5018, 5043, 5113, 5219, 5366, 5420, 5616, 5620, 5655, 5700, 5772, 5798, 5834, 5842, 5866, 5871, 5923, 5970, 6028, 6067, 6090, 6171, 6256, 6275, 6622, 6664, 6741, 6769, 6786, 6857, 6970, 6991, 6996, 7045, 7075, 7094, 7172, 7317, 7622, 7683, 7733, 7805, 7828, 7914, 7931, 8043, 8056, 8129, 8203, 8275, 8412, 8442, 8522, 8626, 8705, 8765, 8770, 8837, 8924, 9076, 9182, 9320, 9511, 9519, 9563, 9666, 9739, 9854, 9867, 9871, 9919, 10045, 10122, 10213, 10319, 10340, 10345, 10506, 10847, 10852, 10897, 10903, 11002, 11058, 11099, 11249, 11397, 11441, 11495, 11583, 11622, 11679, 11823, 11858, 11872, 11900, 11920, 11930, 11938, 12082, 12128, 12132, 12217, 12407, 12448, 12515, 12527, 12647, 12651, 12803, 12840, 12879, 13042, 13095, 13180, 13198, 13223, 13238, 13426, 13441, 13528, 13599, 13633, 13642, 13646, 13723, 13748, 13761, 13767, 13851, 13861, 13868, 14080, 14113, 14178, 14182, 14254, 14276, 14348, 14368, 14410, 14429, 14519, 14553, 14610, 14623, 14634, 14690, 14704, 14757, 14812, 14843, 14849, 14853, 14948, 15011, 15018, 15067, 15081, 15172, 15203, 15285, 15299, 15499, 15641, 15655, 15674, 15696, 15704, 15806, 15845, 15929, 15955, 16197, 16275, 16335, 16427, 16486, 16562, 16566, 16639, 16729, 16744, 16770, 16849, 16868, 17184, 17246, 17281, 17290, 17298, 17302, 17451, 17557, 17647, 17663, 17701, 17717, 17934, 17951, 17984, 18495, 18558, 18563, 18607, 18633, 18655, 18754, 18837, 19057, 19151, 19269, 19286, 19326, 19349, 19403, 19416, 19424, 19440, 19542, 19546, 19726, 19767, 19822, 19838, 19845, 19903, 20460, 20515, 20556, 20604, 20626, 20657, 20689, 20695, 20735, 20802, 20900, 20958, 20976, 20990, 21008, 21030, 21153, 21214, 21279, 21479, 21743, 21758, 21888, 22028, 22081, 22094, 22099, 22120, 22124, 22241, 22342, 22393, 22488, 22624, 22707, 22802, 23095, 23100, 23105, 23111, 23203, 23325, 23341, 23427, 23472]","[1345, 19009, 20385, 20942]",23593,326,23267,4,322,23267,0
2.0,MMTHY1G,"[80, 93, 183, 191, 295, 335, 616, 629, 678, 696, 720, 854, 946, 997, 1009, 1043, 1156, 1243, 1255, 1281, 1586, 1828, 1833, 1837, 1943, 2134, 2174, 2181, 2246, 2331, 2477, 2639]","[80, 1009]","[93, 183, 191, 295, 335, 616, 629, 678, 696, 720, 854, 946, 997, 1043, 1156, 1243, 1255, 1281, 1586, 1828, 1833, 1837, 1943, 2134, 2174, 2181, 2246, 2331, 2477, 2639]","[80, 1009]",2683,32,2651,2,30,2651,0
2.0,MMTLAC,"[50, 140, 299, 449, 494, 539, 549, 619, 748, 864, 912, 917, 925, 930, 1061, 1090, 1171, 1305, 1335, 1496, 1750, 1979, 2148, 2172, 2743, 2858, 2874, 2997, 3013, 3092, 3101, 3103, 3107, 3120, 3158, 3239, 3338, 3420, 3467, 3509, 3633, 3836, 4077, 4285, 4297, 4373, 4591, 4651, 4688, 4692, 4739, 4774, 4783, 4830, 4893, 4939, 5133, 5164, 5179, 5339]","[299, 748, 1171, 3092, 3338]","[50, 140, 449, 494, 539, 549, 619, 864, 912, 917, 925, 930, 1061, 1090, 1305, 1335, 1496, 1750, 1979, 2148, 2172, 2743, 2858, 2874, 2997, 3013, 3101, 3103, 3107, 3120, 3158, 3239, 3420, 3467, 3509, 3633, 3836, 4077, 4285, 4297, 4373, 4591, 4651, 4688, 4692, 4739, 4774, 4783, 4830, 4893, 4939, 5133, 5164, 5179, 5339]","[299, 748, 1171, 3092, 3338]",5250,60,5190,5,55,5190,0
2.0,MMTNFBG,"[174, 245, 268, 315, 374, 524, 734, 813, 827, 1196, 1234, 1302, 1553, 1558, 1728, 1750, 1911, 2136, 2378, 2415, 2419, 2430, 2456, 2766, 2776, 2821, 2945, 2999, 3003]","[1728, 1911]","[174, 245, 268, 315, 374, 524, 734, 813, 827, 1196, 1234, 1302, 1553, 1558, 1750, 2136, 2378, 2415, 2419, 2430, 2456, 2766, 2776, 2821, 2945, 2999, 3003]","[1728, 1911]",3212,29,3183,2,27,3183,0
2.0,MMTROPIB,"[183, 201, 261, 656, 856, 862, 868, 1053, 1092, 1120, 1132, 1157, 1214, 1261, 1274, 1276, 1307, 1568, 1697, 1744, 1749, 1772, 1794, 1832, 1932, 1939, 1951, 1956, 1977, 1981, 2033, 2038, 2185, 2274, 2279, 2300, 2327, 2337, 2399, 2421, 2522, 2534, 2656, 2673, 2677, 2687, 2724, 2761, 3037, 3113, 3564, 3690, 3963, 4269, 4493, 4580, 4604, 4620, 4713, 4748, 4842, 4865, 4920, 4950, 5114, 5379, 5561]","[1697, 1932, 2185, 2656, 3037, 3564, 4604]","[183, 201, 261, 656, 856, 862, 868, 1053, 1092, 1120, 1132, 1157, 1214, 1261, 1274, 1276, 1307, 1568, 1744, 1749, 1772, 1794, 1832, 1939, 1951, 1956, 1977, 1981, 2033, 2038, 2274, 2279, 2300, 2327, 2337, 2399, 2421, 2522, 2534, 2673, 2677, 2687, 2724, 2761, 3113, 3690, 3963, 4269, 4493, 4580, 4620, 4713, 4748, 4842, 4865, 4920, 4950, 5114, 5379, 5561]","[1697, 1932, 2185, 2656, 3037, 3564, 4604]",5684,67,5617,7,60,5617,0
2.0,MMTUM198,"[70, 120, 335, 347, 611, 638, 665, 709, 798, 891, 932, 985, 1012, 1084, 1216, 1420, 1448, 1692, 1717, 1729, 1750, 1827, 1849, 1954, 1986, 1990, 1994, 2193, 2255, 2262, 2751, 2808, 2818, 2899, 3040, 3049, 3056, 3098, 3210, 3306, 3313, 3321, 3328, 3338, 3450, 3554, 3587, 3818, 3836, 3845, 4087, 4098, 4180, 4220, 4343]","[1692, 2818, 3098, 3313, 3587, 3818, 4180]","[70, 120, 335, 347, 611, 638, 665, 709, 798, 891, 932, 985, 1012, 1084, 1216, 1420, 1448, 1717, 1729, 1750, 1827, 1849, 1954, 1986, 1990, 1994, 2193, 2255, 2262, 2751, 2808, 2899, 3040, 3049, 3056, 3210, 3306, 3321, 3328, 3338, 3450, 3554, 3836, 3845, 4087, 4098, 4220, 4343]","[1692, 2818, 3098, 3313, 3587, 3818, 4180]",4377,55,4322,7,48,4322,0
2.0,MMU01530,"[76, 99, 190, 325, 358, 636, 891, 924, 956, 1010, 1046, 1050, 1080, 1084, 1099, 1148, 1164, 1180, 1224, 1232, 1357, 1458, 1576, 1589, 1896, 1903, 1955, 2027, 2244, 2269, 2293, 2298, 2316, 2400, 2406, 2412, 2581, 2853, 3002, 3094, 3188, 3231, 3526, 3536, 3542, 3729, 3803, 3927, 3935, 3939, 4035, 4167, 4263, 4412, 4588, 4893, 4904, 4908, 5083, 5086, 5148, 5255, 5260, 5388, 5405, 5421, 5505, 5602, 5606, 5744, 5774, 5885, 6029, 6039, 6100, 6229, 6342, 6394, 6423, 6453, 6510, 6532, 6546, 6550, 6611, 6697]","[3094, 3231]","[76, 99, 190, 325, 358, 636, 891, 924, 956, 1010, 1046, 1050, 1080, 1084, 1099, 1148, 1164, 1180, 1224, 1232, 1357, 1458, 1576, 1589, 1896, 1903, 1955, 2027, 2244, 2269, 2293, 2298, 2316, 2400, 2406, 2412, 2581, 2853, 3002, 3188, 3526, 3536, 3542, 3729, 3803, 3927, 3935, 3939, 4035, 4167, 4263, 4412, 4588, 4893, 4904, 4908, 5083, 5086, 5148, 5255, 5260, 5388, 5405, 5421, 5505, 5602, 5606, 5744, 5774, 5885, 6029, 6039, 6100, 6229, 6342, 6394, 6423, 6453, 6510, 6532, 6546, 6550, 6611, 6697]","[3094, 3231]",6700,86,6614,2,84,6614,0
2.0,MMU02278,"[75, 206, 342, 348, 527, 669, 708, 888, 962, 1041, 1106, 1135, 1141, 1323, 1509, 1537, 1542, 1638, 1858, 1938, 1949, 1953, 2159, 2312, 2344, 2535, 2599, 3007, 3031, 3100, 3104, 3368, 3433, 3593, 3647, 3669, 3684, 3779, 3783, 3873, 3967]",[1638],"[75, 206, 342, 348, 527, 669, 708, 888, 962, 1041, 1106, 1135, 1141, 1323, 1509, 1537, 1542, 1858, 1938, 1949, 1953, 2159, 2312, 2344, 2535, 2599, 3007, 3031, 3100, 3104, 3368, 3433, 3593, 3647, 3669, 3684, 3779, 3783, 3873, 3967]",[1638],3974,41,3933,1,40,3933,0
2.0,MMU02298,"[475, 479, 587, 603, 685, 887, 1023, 1099, 1180, 1273, 1427, 1508, 1531, 1565, 1639, 1643, 1880, 2102, 2413, 2445, 2618, 2874, 2897, 3047, 3067, 3116, 3120, 3328, 3347, 3442, 3823, 3893, 3911, 3920, 3969, 3995, 4036, 4040, 4056, 4213, 4270, 4284, 4343, 4351, 4589, 4721, 4749, 4765, 4769, 4794, 4897, 4942, 5023, 5086, 5190, 5301, 5398, 5502, 5527, 5550]","[1180, 2413]","[475, 479, 587, 603, 685, 887, 1023, 1099, 1273, 1427, 1508, 1531, 1565, 1639, 1643, 1880, 2102, 2445, 2618, 2874, 2897, 3047, 3067, 3116, 3120, 3328, 3347, 3442, 3823, 3893, 3911, 3920, 3969, 3995, 4036, 4040, 4056, 4213, 4270, 4284, 4343, 4351, 4589, 4721, 4749, 4765, 4769, 4794, 4897, 4942, 5023, 5086, 5190, 5301, 5398, 5502, 5527, 5550]","[1180, 2413]",5852,60,5792,2,58,5792,0
2.0,MMU02884,"[214, 220, 340, 462, 502, 512, 589, 638, 668, 711, 814, 875, 1025, 1069, 1150, 1273, 1372, 1455, 1475, 1576, 1630, 1659, 1761, 1875, 1930, 1934, 1945, 2107, 2220, 2340, 2382, 2432, 2441, 2484, 2785, 3084, 3386, 3526, 3530, 3601, 3665, 3669, 3726, 3860, 3865, 3889, 4056, 4307, 4372, 4678, 4706, 4798, 4831, 4957, 5071, 5094, 5164, 5217, 5238, 5244, 5291, 5499, 5517, 5588, 5806, 6022, 6026, 6092, 6252, 6642, 6675, 6687, 6740, 6836, 6870, 6913, 7068, 7208, 7219, 7309, 7382, 7501, 7527, 7553, 7562, 7567, 7708, 7741, 7847, 7866, 7870, 7884, 7896, 7973, 8171, 8271, 8531, 8536, 8590, 8605, 8612]","[1630, 5244, 6836]","[214, 220, 340, 462, 502, 512, 589, 638, 668, 711, 814, 875, 1025, 1069, 1150, 1273, 1372, 1455, 1475, 1576, 1659, 1761, 1875, 1930, 1934, 1945, 2107, 2220, 2340, 2382, 2432, 2441, 2484, 2785, 3084, 3386, 3526, 3530, 3601, 3665, 3669, 3726, 3860, 3865, 3889, 4056, 4307, 4372, 4678, 4706, 4798, 4831, 4957, 5071, 5094, 5164, 5217, 5238, 5291, 5499, 5517, 5588, 5806, 6022, 6026, 6092, 6252, 6642, 6675, 6687, 6740, 6870, 6913, 7068, 7208, 7219, 7309, 7382, 7501, 7527, 7553, 7562, 7567, 7708, 7741, 7847, 7866, 7870, 7884, 7896, 7973, 8171, 8271, 8531, 8536, 8590, 8605, 8612]","[1630, 5244, 6836]",8758,101,8657,3,98,8657,0
2.0,MMU04056,"[186, 217, 231, 265, 308, 321, 387, 398, 816, 901, 1000, 1227, 1326, 1331, 1382, 1410, 1450, 1456, 1461, 1465, 1472, 1500, 1502, 1513, 1644, 1781, 1800, 1857, 1861, 1865, 2046, 2088, 2108, 2135, 2183, 2256, 2377, 2388, 2480, 2490, 2509, 2667, 2711, 2747, 2902, 2906, 2960, 3162, 3291, 3530, 3721, 3725, 3816, 4210, 4381, 4688, 4769, 4773, 4883, 4993, 5105, 5218, 5413, 5459, 5594, 5614, 5659, 6067, 6264, 6477, 6772, 7071, 7075, 7101, 7111, 7199, 7352, 7544, 7595, 7683, 7703, 7710, 7717, 7974, 7979, 8069, 8372, 8388, 8501, 8625, 8628, 8633, 8664, 8668, 8680, 8732, 8830, 8895, 9012, 9216, 9485, 9517, 9601, 9786, 9807, 9821, 10200, 10273, 10288, 10317, 10400, 10744, 10794, 10876, 10989, 10998, 11005, 11259, 11336, 11402, 11429, 11441, 11449, 11533, 11560, 11578, 11758, 11797, 12088, 12132, 12156, 12159, 12175, 12211, 12407, 12437, 12755, 12804, 13112, 13211, 13278, 13344, 13391, 13400, 13491, 13712, 13840, 13933, 14104, 14197, 14226, 14264, 14471, 14478, 14483, 14531, 14615, 14811, 14896, 15011, 15214, 15270, 15279, 15365, 15417, 15502, 15506, 15545, 15620, 15870, 15874, 15895, 15901, 15942, 15971, 15993, 15997, 16157, 16207, 16230, 16234, 16334, 16348, 16561, 16710, 16734, 16843, 16986, 16994, 17007, 17017, 17167, 17245, 17376, 17393, 17452, 17765, 17822, 17826, 17992, 18100, 18646, 18650, 18654, 18658, 18768, 18785, 19388, 19460, 19638, 19687, 19830, 19849, 19860, 19864, 20025, 20066, 20131, 20231, 20243, 20314, 20448, 20501, 20597, 20602, 20618, 20633, 20750, 20804, 20937, 21133, 21171, 21185, 21351, 21392, 21514, 21556, 21562, 21625, 21633]","[1382, 3530, 4688, 7979, 8895, 10317, 10876, 11259, 12211, 13491, 16230, 16561]","[186, 217, 231, 265, 308, 321, 387, 398, 816, 901, 1000, 1227, 1326, 1331, 1410, 1450, 1456, 1461, 1465, 1472, 1500, 1502, 1513, 1644, 1781, 1800, 1857, 1861, 1865, 2046, 2088, 2108, 2135, 2183, 2256, 2377, 2388, 2480, 2490, 2509, 2667, 2711, 2747, 2902, 2906, 2960, 3162, 3291, 3721, 3725, 3816, 4210, 4381, 4769, 4773, 4883, 4993, 5105, 5218, 5413, 5459, 5594, 5614, 5659, 6067, 6264, 6477, 6772, 7071, 7075, 7101, 7111, 7199, 7352, 7544, 7595, 7683, 7703, 7710, 7717, 7974, 8069, 8372, 8388, 8501, 8625, 8628, 8633, 8664, 8668, 8680, 8732, 8830, 9012, 9216, 9485, 9517, 9601, 9786, 9807, 9821, 10200, 10273, 10288, 10400, 10744, 10794, 10989, 10998, 11005, 11336, 11402, 11429, 11441, 11449, 11533, 11560, 11578, 11758, 11797, 12088, 12132, 12156, 12159, 12175, 12407, 12437, 12755, 12804, 13112, 13211, 13278, 13344, 13391, 13400, 13712, 13840, 13933, 14104, 14197, 14226, 14264, 14471, 14478, 14483, 14531, 14615, 14811, 14896, 15011, 15214, 15270, 15279, 15365, 15417, 15502, 15506, 15545, 15620, 15870, 15874, 15895, 15901, 15942, 15971, 15993, 15997, 16157, 16207, 16234, 16334, 16348, 16710, 16734, 16843, 16986, 16994, 17007, 17017, 17167, 17245, 17376, 17393, 17452, 17765, 17822, 17826, 17992, 18100, 18646, 18650, 18654, 18658, 18768, 18785, 19388, 19460, 19638, 19687, 19830, 19849, 19860, 19864, 20025, 20066, 20131, 20231, 20243, 20314, 20448, 20501, 20597, 20602, 20618, 20633, 20750, 20804, 20937, 21133, 21171, 21185, 21351, 21392, 21514, 21556, 21562, 21625, 21633]","[1382, 3530, 4688, 7979, 8895, 10317, 10876, 11259, 12211, 13491, 16230, 16561]",21711,240,21471,12,228,21471,0
2.0,MMU04827,"[70, 105, 689, 729, 1099, 1114, 1299, 1649, 1862, 1896, 1947, 2148, 2179, 2200, 2246, 2280, 2319, 2339, 2369, 2512, 2669, 2767, 2828, 2855, 2937, 3095, 3453, 3523, 3551, 3555, 3684, 3688, 3701, 3903, 3933, 3993, 4110, 4131, 4140, 4174, 4185, 4276, 4281, 4301, 4878, 4911, 4969, 5174, 5221, 5286, 5338, 5444, 5675, 5771, 6011, 6145, 6237, 6575, 6692, 6871, 6879, 7133, 7252, 7265, 7291, 7369, 7519, 7579, 7592]","[3684, 4281, 4969]","[70, 105, 689, 729, 1099, 1114, 1299, 1649, 1862, 1896, 1947, 2148, 2179, 2200, 2246, 2280, 2319, 2339, 2369, 2512, 2669, 2767, 2828, 2855, 2937, 3095, 3453, 3523, 3551, 3555, 3688, 3701, 3903, 3933, 3993, 4110, 4131, 4140, 4174, 4185, 4276, 4301, 4878, 4911, 5174, 5221, 5286, 5338, 5444, 5675, 5771, 6011, 6145, 6237, 6575, 6692, 6871, 6879, 7133, 7252, 7265, 7291, 7369, 7519, 7579, 7592]","[3684, 4281, 4969]",7601,69,7532,3,66,7532,0
2.0,MMU07568,"[84, 253, 267, 282, 355, 361, 367, 372, 482, 527, 531, 638, 721]","[84, 267, 482]","[253, 282, 355, 361, 367, 372, 527, 531, 638, 721]","[84, 267, 482]",744,13,731,3,10,731,0
2.0,MMU07808,"[61, 65, 183, 404, 542, 547, 664, 673, 677, 820, 824, 829, 866, 876, 961, 987, 1019, 1087, 1179, 1208, 1513, 1697, 1701, 1756, 1762, 1798, 1897, 1918, 2112, 2133, 2384, 2395]","[673, 1697]","[61, 65, 183, 404, 542, 547, 664, 677, 820, 824, 829, 866, 876, 961, 987, 1019, 1087, 1179, 1208, 1513, 1701, 1756, 1762, 1798, 1897, 1918, 2112, 2133, 2384, 2395]","[673, 1697]",2841,32,2809,2,30,2809,0
2.0,MMU09741,"[245, 507, 586, 637, 654, 749, 924, 1045, 1076, 1094, 1187, 1230, 1234, 1293, 1426, 1497, 1537, 1655, 1679, 1894, 2034, 2116, 2257, 2364, 2675]","[245, 1230]","[507, 586, 637, 654, 749, 924, 1045, 1076, 1094, 1187, 1234, 1293, 1426, 1497, 1537, 1655, 1679, 1894, 2034, 2116, 2257, 2364, 2675]","[245, 1230]",2845,25,2820,2,23,2820,0
2.0,MMU09964,"[26, 30, 45, 49, 126, 130, 157, 252, 258, 315, 321, 375, 433, 510, 514, 803, 807, 811, 815, 857, 917, 972, 1295, 1299, 1305, 1584, 1749, 1881, 1968, 2044, 2115, 2317, 2321, 2375, 2397, 2410, 2490, 2671, 2680, 2693, 2697, 2965, 2970, 2996, 3111, 3136, 3414, 3418, 3428, 3432, 3448, 3700, 3712, 3779, 3796, 3933, 4126, 4228, 4303, 4450, 4598, 4607, 4657, 4788, 4962, 5091, 5146, 5211, 5375, 5652, 5667, 5697, 5708, 5726, 5730, 5747, 5754, 5793, 5816, 5820, 5824, 5828, 5832, 5836, 5840, 5844, 5977, 6240, 6447, 6451, 6524, 6528, 6566, 6612, 6682, 6741, 6745, 6856, 6890, 7030, 7044, 7151, 7168, 7292, 7423, 7434, 7500, 7525, 7533, 7667, 7695, 7760, 7764, 7962, 7966, 8059, 8162, 8192, 8455, 8460, 8601, 8821, 8932, 8988, 9017, 9311, 9505, 9576, 9733, 9743, 9898, 9930, 9952, 9980, 10001, 10139, 10273, 10299, 10328, 10332, 10357, 10363, 10372, 10378, 10429, 10434, 10875, 10991, 11050, 11127, 11186, 11246]","[1968, 3428, 4303, 4607, 7962, 8162, 8601, 9017, 9311, 10875]","[26, 30, 45, 49, 126, 130, 157, 252, 258, 315, 321, 375, 433, 510, 514, 803, 807, 811, 815, 857, 917, 972, 1295, 1299, 1305, 1584, 1749, 1881, 2044, 2115, 2317, 2321, 2375, 2397, 2410, 2490, 2671, 2680, 2693, 2697, 2965, 2970, 2996, 3111, 3136, 3414, 3418, 3432, 3448, 3700, 3712, 3779, 3796, 3933, 4126, 4228, 4450, 4598, 4657, 4788, 4962, 5091, 5146, 5211, 5375, 5652, 5667, 5697, 5708, 5726, 5730, 5747, 5754, 5793, 5816, 5820, 5824, 5828, 5832, 5836, 5840, 5844, 5977, 6240, 6447, 6451, 6524, 6528, 6566, 6612, 6682, 6741, 6745, 6856, 6890, 7030, 7044, 7151, 7168, 7292, 7423, 7434, 7500, 7525, 7533, 7667, 7695, 7760, 7764, 7966, 8059, 8192, 8455, 8460, 8821, 8932, 8988, 9505, 9576, 9733, 9743, 9898, 9930, 9952, 9980, 10001, 10139, 10273, 10299, 10328, 10332, 10357, 10363, 10372, 10378, 10429, 10434, 10991, 11050, 11127, 11186, 11246]","[1968, 3428, 4303, 4607, 7962, 8162, 8601, 9017, 9311, 10875]",11455,152,11303,10,142,11303,0
2.0,MMU10098,"[26, 178, 517, 593, 613, 695, 865, 1074, 1098, 1130, 1152, 1155, 1165, 1173, 1383, 1425, 1436, 1624, 1628, 1632, 1908, 1956, 1967, 2117, 2158, 2406, 2584, 2755, 2907, 2957, 2985, 3145, 3266, 3270, 3312, 3325, 3447, 3509, 3513, 3562, 3583, 3596, 3879, 3982, 4222, 4469, 4490, 4659, 4699, 4814, 4929, 5053, 5141, 5222, 5292, 5352, 5469, 5530, 5535, 5565, 5593, 5609, 5695, 5728, 5812, 5816, 5995]","[1173, 3509]","[26, 178, 517, 593, 613, 695, 865, 1074, 1098, 1130, 1152, 1155, 1165, 1383, 1425, 1436, 1624, 1628, 1632, 1908, 1956, 1967, 2117, 2158, 2406, 2584, 2755, 2907, 2957, 2985, 3145, 3266, 3270, 3312, 3325, 3447, 3513, 3562, 3583, 3596, 3879, 3982, 4222, 4469, 4490, 4659, 4699, 4814, 4929, 5053, 5141, 5222, 5292, 5352, 5469, 5530, 5535, 5565, 5593, 5609, 5695, 5728, 5812, 5816, 5995]","[1173, 3509]",6118,67,6051,2,65,6051,0
2.0,MMU11054,"[23, 185, 204, 383, 457, 632, 713, 729, 785, 951, 959, 1297, 1303, 1559, 1668, 1833, 1839, 1877, 1884, 1929, 1996, 2028, 2037, 2250, 2330, 2515]","[457, 1996]","[23, 185, 204, 383, 632, 713, 729, 785, 951, 959, 1297, 1303, 1559, 1668, 1833, 1839, 1877, 1884, 1929, 2028, 2037, 2250, 2330, 2515]","[457, 1418, 1996]",2565,26,2539,2,24,2538,1
2.0,MMU11713,"[250, 288, 397, 499, 520, 587, 634, 694, 802, 808, 986, 996, 1023, 1203, 1270, 1288, 1341, 1365, 1479, 1485, 1530, 1586, 1624]","[288, 634]","[250, 397, 499, 520, 587, 694, 802, 808, 986, 996, 1023, 1203, 1270, 1288, 1341, 1365, 1479, 1485, 1530, 1586, 1624]","[288, 634]",1760,23,1737,2,21,1737,0
2.0,MMU12029,"[17, 21, 51, 281, 297, 342, 346, 360, 381, 448, 507, 558, 582, 695, 879, 1264, 1298, 1309, 1347, 1385, 1410, 1450, 1489, 1741, 1807, 1897, 1912, 1922, 2030, 2036, 2041, 2082, 2165]","[582, 1264]","[17, 21, 51, 281, 297, 342, 346, 360, 381, 448, 507, 558, 695, 879, 1298, 1309, 1347, 1385, 1410, 1450, 1489, 1741, 1807, 1897, 1912, 1922, 2030, 2036, 2041, 2082, 2165]","[582, 1264]",2256,33,2223,2,31,2223,0
2.0,MMU12273,"[33, 38, 42, 135, 247, 283, 306, 327, 358, 384, 389, 496, 591, 680, 685, 688, 769, 857, 915, 970, 1077, 1085, 1210, 1434, 1546, 1550, 1657, 1689, 1740, 1871, 1904, 1940, 2025, 2442]","[680, 1085, 1740]","[33, 38, 42, 135, 247, 283, 306, 327, 358, 384, 389, 496, 591, 685, 688, 769, 857, 915, 970, 1077, 1210, 1434, 1546, 1550, 1657, 1689, 1871, 1904, 1940, 2025, 2442]","[680, 1085, 1740]",2576,34,2542,3,31,2542,0
2.0,MMU12559,"[62, 247, 264, 322, 540, 658, 822]",[247],"[62, 264, 322, 540, 658, 822]",[247],919,7,912,1,6,912,0
2.0,MMU12560,"[62, 247, 257, 322, 542, 660]",[247],"[62, 257, 322, 542, 660]",[247],921,6,915,1,5,915,0
2.0,MMU12561,"[62, 247, 322, 384, 420, 658, 820]",[247],"[62, 322, 384, 420, 658, 820]",[247],917,7,910,1,6,910,0
2.0,MMU12562,"[9, 62, 247, 257, 322, 590, 660]",[247],"[9, 62, 257, 322, 590, 660]",[247],919,7,912,1,6,912,0
2.0,MMU12565,"[62, 247, 257, 264, 321, 396, 564, 579, 612, 630, 795, 848, 866]",[247],"[62, 257, 264, 321, 396, 564, 579, 612, 630, 795, 848, 866]",[247],1044,13,1031,1,12,1031,0
2.0,MMU13921,"[10, 162, 289, 329, 337, 585, 600, 668, 680, 692, 725, 737, 820, 856, 952, 1034, 1402, 1484, 1607, 1741, 1745, 1862, 1867, 2003, 2080, 2137, 2145, 2197, 2258, 2354, 2555, 2635, 2693, 2722, 2725, 2930, 3036, 3132, 3241, 3364, 3401, 3525, 3572, 3630, 3794, 3882, 3990, 4034, 4050, 4089, 4124, 4226, 4436, 4459, 4514]","[952, 2003, 2354, 2693, 2930, 3241, 3990]","[10, 162, 289, 329, 337, 585, 600, 668, 680, 692, 725, 737, 820, 856, 1034, 1402, 1484, 1607, 1741, 1745, 1862, 1867, 2080, 2137, 2145, 2197, 2258, 2555, 2635, 2722, 2725, 3036, 3132, 3364, 3401, 3525, 3572, 3630, 3794, 3882, 4034, 4050, 4089, 4124, 4226, 4436, 4459, 4514]","[952, 2003, 2354, 2693, 2930, 3241, 3990]",4671,55,4616,7,48,4616,0
2.0,MMU14421,"[250, 255, 282, 399, 473, 511, 690, 694, 819, 876, 946, 950, 1078, 1089, 1183, 1322, 1867, 1887, 1900, 1952, 2041, 2454, 2569, 3590, 3681, 3685, 3788, 3799, 3848, 3861, 3867, 3916, 3920, 3950, 3987, 4195, 4237, 4383, 4413, 4429, 4470, 4502, 4506, 4528, 4560, 4566, 4613, 4669, 4941, 5034, 5282, 5572, 5599, 5695, 5864, 5941, 5982, 6026]","[4237, 4502]","[250, 255, 282, 399, 473, 511, 690, 694, 819, 876, 946, 950, 1078, 1089, 1183, 1322, 1867, 1887, 1900, 1952, 2041, 2454, 2569, 3590, 3681, 3685, 3788, 3799, 3848, 3861, 3867, 3916, 3920, 3950, 3987, 4195, 4383, 4413, 4429, 4470, 4506, 4528, 4560, 4566, 4613, 4669, 4941, 5034, 5282, 5572, 5599, 5695, 5864, 5941, 5982, 6026]","[3668, 4237, 4502, 4814]",6255,58,6197,2,56,6195,2
2.0,MMVITRO,"[8, 14, 119, 131, 339, 365, 524, 689, 721, 725, 738, 788, 1025, 1263, 1425, 1462, 1845, 1861, 1865, 1883, 1892, 2054, 2071, 2075, 2131, 2219, 2249, 2474, 2490, 2501, 2585, 2596, 2693, 2718, 2749, 2783, 2826, 3017, 3045, 3088, 3142, 3279, 3703, 3733, 3755, 3759, 3804, 3812, 3816, 3820, 3824, 3855, 3859, 3863, 3867, 4046, 4355, 4422, 4445, 4674, 4780, 4814, 4867, 4941, 4985, 4996]","[1845, 2054, 2474, 2693, 3017, 3279, 4355]","[8, 14, 119, 131, 339, 365, 524, 689, 721, 725, 738, 788, 1025, 1263, 1425, 1462, 1861, 1865, 1883, 1892, 2071, 2075, 2131, 2219, 2249, 2490, 2501, 2585, 2596, 2718, 2749, 2783, 2826, 3045, 3088, 3142, 3703, 3733, 3755, 3759, 3804, 3812, 3816, 3820, 3824, 3855, 3859, 3863, 3867, 4046, 4422, 4445, 4674, 4780, 4814, 4867, 4941, 4985, 4996]","[1845, 2054, 2474, 2693, 3017, 3279, 4355]",4997,66,4931,7,59,4931,0
2.0,MMVPREB2,"[104, 172, 214, 231, 279, 302, 314, 323, 379, 587, 713, 768, 908, 930]",[379],"[104, 172, 214, 231, 279, 302, 314, 323, 587, 713, 768, 908, 930]",[379],1046,14,1032,1,13,1032,0
2.0,MMVPREB3,"[104, 172, 214, 231, 279, 302, 314, 323, 379, 587, 713, 908, 930]",[379],"[104, 172, 214, 231, 279, 302, 314, 323, 587, 713, 908, 930]",[379],1046,13,1033,1,12,1033,0
2.0,MNKEGLOBIM,"[21, 55, 221, 237, 271, 448, 469, 536, 583, 599, 761, 1054, 1060, 1166, 1184, 1190, 1196, 1200, 1214, 1264, 1409, 1414, 1420, 1465, 1521]","[237, 583]","[21, 55, 221, 271, 448, 469, 536, 599, 761, 1054, 1060, 1166, 1184, 1190, 1196, 1200, 1214, 1264, 1409, 1414, 1420, 1465, 1521]","[237, 583]",1694,25,1669,2,23,1669,0
2.0,MNKEGLOBIN,"[21, 55, 221, 237, 271, 448, 469, 536, 583, 599, 1052, 1058, 1164, 1182, 1188, 1194, 1198, 1212, 1262, 1407, 1412, 1418, 1463, 1519]","[237, 583]","[21, 55, 221, 271, 448, 469, 536, 599, 1052, 1058, 1164, 1182, 1188, 1194, 1198, 1212, 1262, 1407, 1412, 1418, 1463, 1519]","[237, 583]",1692,24,1668,2,22,1668,0
2.0,MNKHGBGGAG,"[75, 92, 249, 287, 297, 513, 519, 586, 633, 702, 879, 1064, 1117, 1123, 1127, 1131, 1199, 1282, 1338, 1342, 1440, 1485, 1640, 1649]","[287, 633]","[75, 92, 249, 297, 513, 519, 586, 702, 879, 1064, 1117, 1123, 1127, 1131, 1199, 1282, 1338, 1342, 1440, 1485, 1640, 1649]","[287, 633]",1698,24,1674,2,22,1674,0
2.0,MNPROP2,"[49, 64, 278, 338, 405, 620]",[278],"[49, 64, 338, 405, 620]",[278],697,6,691,1,5,691,0
2.0,MUS8HS20,"[135, 231, 257, 271, 280, 305, 329, 503, 512, 545, 617, 638, 682, 773, 866, 940, 962, 1002, 1015, 1048, 1067, 1131, 1310, 1360, 1366, 1384, 1388, 1625, 1656, 1791, 2022, 2133, 2189, 2311, 2530, 2562, 2600]",[940],"[135, 231, 257, 271, 280, 305, 329, 503, 512, 545, 617, 638, 682, 773, 866, 962, 1002, 1015, 1048, 1067, 1131, 1310, 1360, 1366, 1384, 1388, 1625, 1656, 1791, 2022, 2133, 2189, 2311, 2530, 2562, 2600]",[940],2623,37,2586,1,36,2586,0
2.0,MUSAP,"[34, 58, 110, 237, 443, 499, 563, 657, 677, 788, 810, 814, 931, 945, 1012, 1076, 1202, 1423, 1480, 1714, 1779, 1815, 1982, 2291, 2551, 2617, 2656, 2686, 2766, 2774, 2845, 2850, 2864, 2868, 3019, 3186, 3190, 3225, 3236, 3245, 3264, 3343, 3359, 3381, 3398, 3438, 3574, 3815, 3844, 3950, 3962, 4034, 4064, 4160, 4256, 4345, 4411, 4480, 4509, 4515, 4517, 4528, 4539, 4614, 4740, 4780, 4927, 4946, 4971, 5092, 5211, 5230, 5290, 5369, 5520, 5529, 5534, 5547, 5619, 5670, 5709, 5716, 5785, 5796, 5885, 5952, 5986, 6013, 6067, 6071, 6142, 6234, 6346, 6406, 6458, 6494, 6525, 6538, 6554, 6610, 6709, 6737, 6929, 6986, 7072, 7174, 7201, 7229, 7233, 7471, 7890, 7894, 8019]","[3574, 3815, 4034, 4509, 4740, 4971, 5290, 5619, 5952, 6406, 6709]","[34, 58, 110, 237, 443, 499, 563, 657, 677, 788, 810, 814, 931, 945, 1012, 1076, 1202, 1423, 1480, 1714, 1779, 1815, 1982, 2291, 2551, 2617, 2656, 2686, 2766, 2774, 2845, 2850, 2864, 2868, 3019, 3186, 3190, 3225, 3236, 3245, 3264, 3343, 3359, 3381, 3398, 3438, 3844, 3950, 3962, 4064, 4160, 4256, 4345, 4411, 4480, 4515, 4517, 4528, 4539, 4614, 4780, 4927, 4946, 5092, 5211, 5230, 5369, 5520, 5529, 5534, 5547, 5670, 5709, 5716, 5785, 5796, 5885, 5986, 6013, 6067, 6071, 6142, 6234, 6346, 6458, 6494, 6525, 6538, 6554, 6610, 6737, 6929, 6986, 7072, 7174, 7201, 7229, 7233, 7471, 7890, 7894, 8019]","[3574, 3815, 4034, 4509, 4740, 4971, 5290, 5619, 5952, 6406, 6709]",8087,113,7974,11,102,7974,0
2.0,MUSAP5A,"[41, 179, 259, 288, 354, 419, 438, 551, 651, 687, 697, 779, 786, 853, 920, 924, 958, 996, 1315, 1402, 1696, 1768, 1788, 1853, 1889, 2064, 2176, 2222, 2257, 2428, 2447, 2454, 2463, 2526, 2681, 2759, 2824, 2838, 2842, 2852, 2868, 3031, 3058, 3258, 3332, 3355, 3402, 3438, 3527, 3740, 3744, 3752, 3852, 3913, 3919, 3970, 4614, 4657, 4709, 4840, 4971, 5018, 5224, 5226, 5253, 5257, 5266, 5301, 5353, 5400, 5487, 5518, 5575, 5581, 5825, 6195, 6212, 6254, 6289, 6293, 6321, 6668, 6685, 6816]","[2428, 2759, 4614]","[41, 179, 259, 288, 354, 419, 438, 551, 651, 687, 697, 779, 786, 853, 920, 924, 958, 996, 1315, 1402, 1696, 1768, 1788, 1853, 1889, 2064, 2176, 2222, 2257, 2447, 2454, 2463, 2526, 2681, 2824, 2838, 2842, 2852, 2868, 3031, 3058, 3258, 3332, 3355, 3402, 3438, 3527, 3740, 3744, 3752, 3852, 3913, 3919, 3970, 4657, 4709, 4840, 4971, 5018, 5224, 5226, 5253, 5257, 5266, 5301, 5353, 5400, 5487, 5518, 5575, 5581, 5825, 6195, 6212, 6254, 6289, 6293, 6321, 6668, 6685, 6816]","[2428, 2759, 4614]",6822,84,6738,3,81,6738,0
2.0,MUSAPEX,"[22, 99, 241, 300, 372, 389, 412, 512, 604, 768, 772, 848, 863, 1037, 1042, 1046, 1139, 1251, 1287, 1311, 1332, 1363, 1389, 1394, 1500, 1595, 1684, 1689, 1692, 1773, 1861, 1919, 1974, 2081, 2089, 2212, 2436, 2548, 2552, 2659, 2691, 2742, 2873, 2906, 2942, 3027, 3444, 3602, 3702, 3730, 3839, 3857, 3882, 4006]","[1684, 2089, 2742]","[22, 99, 241, 300, 372, 389, 412, 512, 604, 768, 772, 848, 863, 1037, 1042, 1046, 1139, 1251, 1287, 1311, 1332, 1363, 1389, 1394, 1500, 1595, 1689, 1692, 1773, 1861, 1919, 1974, 2081, 2212, 2436, 2548, 2552, 2659, 2691, 2873, 2906, 2942, 3027, 3444, 3602, 3702, 3730, 3839, 3857, 3882, 4006]","[1684, 2089, 2742]",4035,54,3981,3,51,3981,0
2.0,MUSAPOAII,"[75, 112, 389, 395, 404, 474, 495, 499, 559, 575, 723, 760, 940, 954, 956, 1155, 1314, 1404, 1543, 1562, 1618, 1772, 1837, 1879, 1887, 1891, 1942, 2016, 2168, 2309, 2327, 2361, 2433, 2459, 2492, 2573, 2611, 2621, 2907]","[723, 1155]","[75, 112, 389, 395, 404, 474, 495, 499, 559, 575, 760, 940, 954, 956, 1314, 1404, 1543, 1562, 1618, 1772, 1837, 1879, 1887, 1891, 1942, 2016, 2168, 2309, 2327, 2361, 2433, 2459, 2492, 2573, 2611, 2621, 2907]","[723, 1155]",2953,39,2914,2,37,2914,0
2.0,MUSAPOIVA,"[27, 63, 358, 470, 529, 560, 588, 889, 975, 979, 1029, 1170, 1226, 1235, 1256, 1385, 1415, 1578, 1643, 1676, 1680, 1708, 1759, 1796, 2149, 2299, 2365, 2422, 2473, 2629, 2774, 2859, 2898, 2905, 2914, 2929, 2940, 2944]","[588, 975]","[27, 63, 358, 470, 529, 560, 889, 979, 1029, 1170, 1226, 1235, 1256, 1385, 1415, 1578, 1643, 1676, 1680, 1708, 1759, 1796, 2149, 2299, 2365, 2422, 2473, 2629, 2774, 2859, 2898, 2905, 2914, 2929, 2940, 2944]","[588, 975]",3013,38,2975,2,36,2975,0
2.0,MUSBMP4,"[12, 137, 212, 221, 336, 441, 510, 587, 592, 660, 664, 688, 768, 884, 944, 1064, 1068, 1080, 1099, 1116, 1372, 1764, 1847, 2001, 2008, 2095, 2149, 2196, 2282, 2413, 2424, 2434, 2473, 2683, 2728, 2820, 2888, 2960, 3208, 3212, 3281, 3307, 3312, 3350, 3377, 3546, 3634, 3641, 3697, 3791, 3806, 3923, 3967, 4062, 4135, 4160, 4198, 4310, 4377, 4437, 4471, 4495, 4546, 4594, 4639, 4793, 4806, 4917, 4954, 5026, 5038, 5132, 5143, 5196, 5261, 5289, 5427, 5462, 5497, 5525, 5721, 5725, 5890, 5988, 6167, 6363, 6380, 6409, 6626, 6638, 6643, 6645, 6697, 6816, 7157, 7179, 7207, 7212, 7217, 7237, 7244, 7382, 7409, 7556, 7632, 7748, 7914, 7951, 8211, 8267, 8306, 8446, 8462, 8525, 8768, 8974, 8984, 9014, 9022, 9429, 9451, 9626]",[7179],"[12, 137, 212, 221, 336, 441, 510, 587, 592, 660, 664, 688, 768, 884, 944, 1064, 1068, 1080, 1099, 1116, 1372, 1764, 1847, 2001, 2008, 2095, 2149, 2196, 2282, 2413, 2424, 2434, 2473, 2683, 2728, 2820, 2888, 2960, 3208, 3212, 3281, 3307, 3312, 3350, 3377, 3546, 3634, 3641, 3697, 3791, 3806, 3923, 3967, 4062, 4135, 4160, 4198, 4310, 4377, 4437, 4471, 4495, 4546, 4594, 4639, 4793, 4806, 4917, 4954, 5026, 5038, 5132, 5143, 5196, 5261, 5289, 5427, 5462, 5497, 5525, 5721, 5725, 5890, 5988, 6167, 6363, 6380, 6409, 6626, 6638, 6643, 6645, 6697, 6816, 7157, 7207, 7212, 7217, 7237, 7244, 7382, 7409, 7556, 7632, 7748, 7914, 7951, 8211, 8267, 8306, 8446, 8462, 8525, 8768, 8974, 8984, 9014, 9022, 9429, 9451, 9626]",[7179],9668,122,9546,1,121,9546,0
2.0,MUSBNP,"[79, 225, 336, 412, 488, 680, 731, 747, 753, 833, 903, 1057, 1116, 1127, 1449]","[336, 753]","[79, 225, 412, 488, 680, 731, 747, 833, 903, 1057, 1116, 1127, 1449]","[336, 753]",1461,15,1446,2,13,1446,0
2.0,MUSCD14A,"[14, 103, 176, 434, 543, 639, 777, 946, 1002, 1122, 1212, 1454, 1485, 1489, 1852]",[176],"[14, 103, 434, 543, 639, 777, 946, 1002, 1122, 1212, 1454, 1485, 1489, 1852]",[176],1866,15,1851,1,14,1851,0
2.0,MUSCRKNB,"[96, 177, 339, 358, 460, 532, 664, 668, 815, 917, 1100, 1158, 1219, 1440, 1463, 1493, 1807, 1824, 1904, 1989, 2058, 2110, 2114, 2245, 2364, 2455, 2466, 2658, 2796, 2829, 2879, 2951, 3056, 3192, 3248, 3323, 3406, 3505, 3549, 3599, 3805, 3842, 3862, 3876, 3882, 3925, 3945, 3949, 3996, 4005, 4066, 4100, 4235, 4338, 4356, 4360]","[1904, 2245, 2455, 2796, 3505, 3842]","[96, 177, 339, 358, 460, 532, 664, 668, 815, 917, 1100, 1158, 1219, 1440, 1463, 1493, 1807, 1824, 1989, 2058, 2110, 2114, 2364, 2466, 2658, 2829, 2879, 2951, 3056, 3192, 3248, 3323, 3406, 3549, 3599, 3805, 3862, 3876, 3882, 3925, 3945, 3949, 3996, 4005, 4066, 4100, 4235, 4338, 4356, 4360]","[1904, 2245, 2455, 2796, 3505, 3842]",4514,56,4458,6,50,4458,0
2.0,MUSCYTCOVB,"[48, 182, 412, 479, 512, 724, 728, 774, 778, 798, 928, 935, 1064, 1081, 1245, 1319, 1585, 1663, 1667, 1679, 1683, 1695, 1717, 1743, 1808, 1925, 1946, 2066, 2105, 2157, 2168, 2234, 2323, 2371]","[724, 1319, 1585]","[48, 182, 412, 479, 512, 728, 774, 778, 798, 928, 935, 1064, 1081, 1245, 1663, 1667, 1679, 1683, 1695, 1717, 1743, 1808, 1925, 1946, 2066, 2105, 2157, 2168, 2234, 2323, 2371]","[724, 1319, 1585]",2533,34,2499,3,31,2499,0
2.0,MUSENDOBA,"[59, 135, 299, 333, 382, 391, 486, 737, 807, 848, 923, 931, 1066, 1218, 1276, 1297, 1341, 1500, 1507, 1511, 1701, 1990, 2117, 2130, 2404, 2462, 2614, 2743, 2929, 3027, 3077, 3115, 3148, 3170, 3222, 3282, 3350, 3618, 3675, 3707, 3816, 3841, 3892, 4049, 4342, 4346, 4371, 4405, 4430, 4698, 4795, 4837, 4853, 4898, 4920, 5090, 5527, 5589, 5596, 5616, 5660, 5672, 5696, 5700, 5721, 5817, 5969, 6230, 6252, 6258, 6301, 6319, 6358, 6443, 6506, 6894, 6917, 6929, 6980, 6992, 7007, 7151, 7454, 7548, 7568, 7578, 7585, 7624, 7841]","[2743, 3618, 4049, 4853, 5090, 5589]","[59, 135, 299, 333, 382, 391, 486, 737, 807, 848, 923, 931, 1066, 1218, 1276, 1297, 1341, 1500, 1507, 1511, 1701, 1990, 2117, 2130, 2404, 2462, 2614, 2929, 3027, 3077, 3115, 3148, 3170, 3222, 3282, 3350, 3675, 3707, 3816, 3841, 3892, 4342, 4346, 4371, 4405, 4430, 4698, 4795, 4837, 4898, 4920, 5527, 5596, 5616, 5660, 5672, 5696, 5700, 5721, 5817, 5969, 6230, 6252, 6258, 6301, 6319, 6358, 6443, 6506, 6894, 6917, 6929, 6980, 6992, 7007, 7151, 7454, 7548, 7568, 7578, 7585, 7624, 7841]","[2743, 3618, 4049, 4853, 5090, 5589]",7872,89,7783,6,83,7783,0
2.0,MUSFAUA,"[140, 146, 506, 544, 753, 760, 783, 790, 846, 854, 898, 925, 961, 988, 1105, 1216, 1249, 1253, 1257, 1496, 1530, 1535, 1645, 1799, 1818, 2068, 2103, 2110, 2124, 2169, 2220, 2275, 2467, 2650, 2750, 2773, 2824]","[1249, 1496, 2124]","[140, 146, 506, 544, 753, 760, 783, 790, 846, 854, 898, 925, 961, 988, 1105, 1216, 1253, 1257, 1530, 1535, 1645, 1799, 1818, 2068, 2103, 2110, 2169, 2220, 2275, 2467, 2650, 2750, 2773, 2824]","[1249, 1496, 2124]",2843,37,2806,3,34,2806,0
2.0,MUSFERHC,"[176, 263, 393, 483, 487, 526, 713, 751, 839, 910, 1103, 1107, 1184, 1417, 1558, 1597, 1634, 1661, 1798, 1827, 1860, 1944, 2000, 2069, 2185, 2200, 2319, 2341, 2349, 2428, 2462, 2586]","[483, 1827, 2185]","[176, 263, 393, 487, 526, 713, 751, 839, 910, 1103, 1107, 1184, 1417, 1558, 1597, 1634, 1661, 1798, 1860, 1944, 2000, 2069, 2200, 2319, 2341, 2349, 2428, 2462, 2586]","[483, 1827, 2185]",2783,32,2751,3,29,2751,0
2.0,MUSFKBP13X,"[14, 130, 252, 321, 406, 550, 736, 752, 764, 885, 904, 928, 1070, 1078, 1189, 1247, 1282, 1358, 1381, 1556]","[321, 736, 904, 1282]","[14, 130, 252, 406, 550, 752, 764, 885, 928, 1070, 1078, 1189, 1247, 1358, 1381, 1556]","[321, 736, 904, 1282]",1574,20,1554,4,16,1554,0
2.0,MUSGAD45,"[39, 85, 543, 559, 807, 935, 956, 1034, 1091, 1099, 1126, 1187, 1236, 1309, 1347, 1360, 1452, 1458, 1542, 1563, 1595, 1755, 1898, 1982, 2139, 2170, 2442, 2472, 2647, 2865, 3023, 3056]","[935, 1126, 1458]","[39, 85, 543, 559, 807, 956, 1034, 1091, 1099, 1187, 1236, 1309, 1347, 1360, 1452, 1542, 1563, 1595, 1755, 1898, 1982, 2139, 2170, 2442, 2472, 2647, 2865, 3023, 3056]","[935, 1126, 1458]",3093,32,3061,3,29,3061,0
2.0,MUSGFJE,"[378, 624, 704, 709, 890, 910, 914, 1098, 1194, 1323, 1431, 1468, 1489, 1839, 1968, 1981, 2037, 2167, 2217, 2249, 2275]","[624, 1489]","[378, 704, 709, 890, 910, 914, 1098, 1194, 1323, 1431, 1468, 1839, 1968, 1981, 2037, 2167, 2217, 2249, 2275]","[624, 1489]",2404,21,2383,2,19,2383,0
2.0,MUSGPOAD,"[236, 349, 353, 357, 416, 430, 434, 437, 461, 788, 792, 822, 868, 890, 1044, 1048, 1169, 1324, 1328, 1489, 1715, 1737, 2092, 2170, 2306, 2403, 2538, 2695, 2898, 3004, 3046, 3314, 3337, 3408, 3442, 4023, 4046, 4168, 4403, 4407, 4494, 4505, 4816, 4874, 4881, 4916, 4996, 5083, 5245, 5250, 5328, 5342, 5400, 5647, 5719, 5799, 5826, 5859, 5906, 5944, 6149, 6226, 6505, 6515, 6519, 6573, 6779, 6803, 6834, 7048, 7092, 7258, 7403, 7583, 7632, 7850, 7902, 7918, 7929, 7980, 7998]","[1044, 2306, 4403, 4916]","[236, 349, 353, 357, 416, 430, 434, 437, 461, 788, 792, 822, 868, 890, 1048, 1169, 1324, 1328, 1489, 1715, 1737, 2092, 2170, 2403, 2538, 2695, 2898, 3004, 3046, 3314, 3337, 3408, 3442, 4023, 4046, 4168, 4407, 4494, 4505, 4816, 4874, 4881, 4996, 5083, 5245, 5250, 5328, 5342, 5400, 5647, 5719, 5799, 5826, 5859, 5906, 5944, 6149, 6226, 6505, 6515, 6519, 6573, 6779, 6803, 6834, 7048, 7092, 7258, 7403, 7583, 7632, 7850, 7902, 7918, 7929, 7980, 7998]","[1044, 2306, 4403, 4916]",8069,81,7988,4,77,7988,0
2.0,MUSHBBH0,"[163, 184, 365, 370, 651, 768, 914, 1012, 1016, 1020, 1112, 1116, 1265, 1442, 1487, 1566, 1772, 1783, 1884, 2081]","[365, 914]","[163, 184, 370, 651, 768, 1012, 1016, 1020, 1112, 1116, 1265, 1442, 1487, 1566, 1772, 1783, 1884, 2081]","[365, 914]",2128,20,2108,2,18,2108,0
2.0,MUSHBBH1,"[97, 249, 270, 451, 733, 780, 963, 975, 1062, 1417, 1493, 1497, 1500, 1606, 1651, 1675, 1707, 1902]","[451, 780]","[97, 249, 270, 733, 963, 975, 1062, 1417, 1493, 1497, 1500, 1606, 1651, 1675, 1707, 1902]","[451, 780]",1919,18,1901,2,16,1901,0
2.0,MUSHES1,"[76, 218, 355, 385, 556, 585, 635, 652, 784, 788, 936, 1068, 1108, 1121, 1159, 1189, 1242, 1323, 1351, 1367, 1400, 1406, 1450, 1488, 1671, 1698, 1797, 1819, 1839, 2106, 2208, 2308, 2563, 2641, 2699]","[556, 784, 1108]","[76, 218, 355, 385, 585, 635, 652, 788, 936, 1068, 1121, 1159, 1189, 1242, 1323, 1351, 1367, 1400, 1406, 1450, 1488, 1671, 1698, 1797, 1819, 1839, 2106, 2208, 2308, 2563, 2641, 2699]","[556, 784, 1108]",2818,35,2783,3,32,2783,0
2.0,MUSHOX35A,"[48, 232, 236, 240, 272, 281, 597, 602, 612, 747, 773, 1062, 1308, 1462, 1535, 1715, 1721, 1966, 2007, 2012, 2372, 2512, 2531, 2577, 2661, 2665, 2850, 2854, 3045, 3119, 3150, 3209, 3231, 3243, 3248, 3398, 3440, 3464, 3519, 3524, 3545]",[1308],"[48, 232, 236, 240, 272, 281, 597, 602, 612, 747, 773, 1062, 1462, 1535, 1715, 1721, 1966, 2007, 2012, 2372, 2512, 2531, 2577, 2661, 2665, 2850, 2854, 3045, 3119, 3150, 3209, 3231, 3243, 3248, 3398, 3440, 3464, 3519, 3524, 3545]",[1308],3848,41,3807,1,40,3807,0
2.0,MUSIL1RN,"[168, 232, 309, 512, 626, 632, 636, 652, 656, 660, 691, 709, 713, 741, 886, 890, 1093, 1154, 1312, 1445, 1600, 1676, 1736, 1922, 2186, 2224, 2289, 2293, 2319, 2328, 2451, 2483, 2552, 2789, 2793, 2836, 2940, 3076, 3116, 3147, 3196, 3215, 3450, 3549, 3762, 3808, 3883, 3905, 3938, 4482, 4744, 4785, 4814, 5269, 5498, 5875, 5968, 6210]","[512, 2483, 3549]","[168, 232, 309, 626, 632, 636, 652, 656, 660, 691, 709, 713, 741, 886, 890, 1093, 1154, 1312, 1445, 1600, 1676, 1736, 1922, 2186, 2224, 2289, 2293, 2319, 2328, 2451, 2552, 2789, 2793, 2836, 2940, 3076, 3116, 3147, 3196, 3215, 3450, 3762, 3808, 3883, 3905, 3938, 4482, 4744, 4785, 4814, 5269, 5498, 5875, 5968, 6210]","[512, 2483, 3549]",6343,58,6285,3,55,6285,0
2.0,MUSKE3A,"[21, 167, 239, 340, 349, 365, 406, 411, 544, 655, 657, 772, 788, 840, 888, 957, 976, 981, 1002, 1009, 1032, 1062, 1088, 1098, 1215, 1222, 1227, 1328, 1377, 1402, 1410, 1545, 1562, 1569, 1573, 1604, 1620, 1645, 1881, 1948, 2027, 2052, 2058, 2194, 2308, 2447, 2659, 2665, 2682, 2794, 2937, 2960, 3032, 3116, 3194, 3208, 3218, 3262, 3339, 3400, 3405, 3409, 3515, 3553]","[21, 544, 3218, 3400]","[167, 239, 340, 349, 365, 406, 411, 655, 657, 772, 788, 840, 888, 957, 976, 981, 1002, 1009, 1032, 1062, 1088, 1098, 1215, 1222, 1227, 1328, 1377, 1402, 1410, 1545, 1562, 1569, 1573, 1604, 1620, 1645, 1881, 1948, 2027, 2052, 2058, 2194, 2308, 2447, 2659, 2665, 2682, 2794, 2937, 2960, 3032, 3116, 3194, 3208, 3262, 3339, 3405, 3409, 3515, 3553]","[21, 544, 3218, 3400]",3613,64,3549,4,60,3549,0
2.0,MUSLMP7A,"[276, 287, 429, 438, 487, 535, 580, 649, 787, 903, 1082, 1107, 1188, 1193, 1318, 1327, 1354, 1364, 1407, 1570, 1574, 1708, 1876, 1978, 2033, 2153, 2157, 2269, 2275, 2293, 2297, 2307, 2454, 2533, 2689, 2838, 2974, 3029, 3046, 3069, 3178, 3559, 3674, 3744, 3795, 3831, 3959, 3964, 3985, 4005, 4236]","[1318, 2153, 2454, 3029, 3674]","[276, 287, 429, 438, 487, 535, 580, 649, 787, 903, 1082, 1107, 1188, 1193, 1327, 1354, 1364, 1407, 1570, 1574, 1708, 1876, 1978, 2033, 2157, 2269, 2275, 2293, 2297, 2307, 2533, 2689, 2838, 2974, 3046, 3069, 3178, 3559, 3744, 3795, 3831, 3959, 3964, 3985, 4005, 4236]","[1318, 2153, 2454, 3029, 3674]",4260,51,4209,5,46,4209,0
2.0,MUSLTA,"[177, 249, 272, 382, 530, 830, 844, 1207, 1245, 1363, 1514, 1632, 1637, 1807, 1830, 1990, 2050, 2114, 2217, 2459, 2496, 2500, 2511, 2537, 2843, 2853, 2898, 3073, 3077, 3164]","[1807, 1990]","[177, 249, 272, 382, 530, 830, 844, 1207, 1245, 1363, 1514, 1632, 1637, 1830, 2050, 2114, 2217, 2459, 2496, 2500, 2511, 2537, 2843, 2853, 2898, 3073, 3077, 3164]","[1807, 1990]",3287,30,3257,2,28,3257,0
2.0,MUSMC26,"[155, 316, 344, 539, 634, 646, 687, 816, 843, 1581, 1589, 1884, 1906, 2028, 2071, 2419, 2475, 2540, 2727, 3046, 3075, 3190, 3331, 3415, 3442, 3666, 3682, 3716, 3870, 3964, 3982, 4044, 4144, 4182, 4322, 4429, 4456, 4477, 4538, 4541, 4663, 4669, 4680, 5069, 5306]","[2419, 3190, 4144]","[155, 316, 344, 539, 634, 646, 687, 816, 843, 1581, 1589, 1884, 1906, 2028, 2071, 2475, 2540, 2727, 3046, 3075, 3331, 3415, 3442, 3666, 3682, 3716, 3870, 3964, 3982, 4044, 4182, 4322, 4429, 4456, 4477, 4538, 4541, 4663, 4669, 4680, 5069, 5306]","[2419, 3190, 4144]",5387,45,5342,3,42,5342,0
2.0,MUSOGC,"[113, 142, 290, 460, 489, 522, 631, 662, 742, 779, 814, 920]","[113, 290, 489]","[142, 460, 522, 631, 662, 742, 779, 814, 920]","[113, 290, 489]",942,12,930,3,9,930,0
2.0,MUSOGCA,"[152, 214, 285, 340, 356, 367, 464, 479, 513, 725, 749, 866, 895, 1043, 1213, 1242, 1275, 1386, 1415, 1495, 1532, 1567, 1673]","[866, 1043, 1242]","[152, 214, 285, 340, 356, 367, 464, 479, 513, 725, 749, 895, 1213, 1275, 1386, 1415, 1495, 1532, 1567, 1673]","[866, 1043, 1242]",1695,23,1672,3,20,1672,0
2.0,MUSOGCB,"[113, 142, 290, 461, 490, 523, 632, 663, 743, 780, 815, 921]","[113, 290, 490]","[142, 461, 523, 632, 663, 743, 780, 815, 921]","[113, 290, 490]",943,12,931,3,9,931,0
2.0,MUSPNMT,"[74, 85, 104, 148, 171, 276, 547, 553, 602, 694, 920, 947, 955, 986, 1076, 1106, 1123, 1149, 1195, 1221, 1357, 1523, 1665, 1713, 1881, 1920, 1998, 2135, 2140, 2303, 2343, 2372, 2450, 2491, 2599, 2703, 2734, 2755, 2884, 2890, 2892, 2914, 3040, 3115, 3124]","[1665, 2343]","[74, 85, 104, 148, 171, 276, 547, 553, 602, 694, 920, 947, 955, 986, 1076, 1106, 1123, 1149, 1195, 1221, 1357, 1523, 1713, 1881, 1920, 1998, 2135, 2140, 2303, 2372, 2450, 2491, 2599, 2703, 2734, 2755, 2884, 2890, 2892, 2914, 3040, 3115, 3124]","[1665, 2343]",3137,45,3092,2,43,3092,0
2.0,MUSPROTA,"[124, 157, 218, 254, 337, 411, 421, 433, 447, 479, 581, 585, 660, 697, 945, 1173, 1213, 1250, 1664, 1945, 2011, 2033, 2069, 2073, 2140, 2188, 2268, 2278, 2328, 2530, 2585, 2604, 2661, 2737, 2791, 2820, 2883, 3119, 3224, 3341, 3555, 3621, 3627, 3663, 4006, 4024, 4105, 4397, 4410, 4549, 4600]","[1945, 2585, 3224, 3663]","[124, 157, 218, 254, 337, 411, 421, 433, 447, 479, 581, 585, 660, 697, 945, 1173, 1213, 1250, 1664, 2011, 2033, 2069, 2073, 2140, 2188, 2268, 2278, 2328, 2530, 2604, 2661, 2737, 2791, 2820, 2883, 3119, 3341, 3555, 3621, 3627, 4006, 4024, 4105, 4397, 4410, 4549, 4600]","[1945, 2585, 3224, 3663]",4637,51,4586,4,47,4586,0
2.0,MUSPROTEB,"[79, 337, 398, 496, 561, 594, 634, 647, 749, 765, 803, 962, 975, 993, 1015, 1024, 1221, 1306, 1313, 1482, 1553, 1645, 1682, 1726, 1856, 1920, 1988, 2090, 2120, 2130]","[337, 594, 993, 1988]","[79, 398, 496, 561, 634, 647, 749, 765, 803, 962, 975, 1015, 1024, 1221, 1306, 1313, 1482, 1553, 1645, 1682, 1726, 1856, 1920, 2090, 2120, 2130]","[337, 594, 993, 1988]",2390,30,2360,4,26,2360,0
2.0,MUSPRPC2,"[165, 215, 250, 381, 443, 652, 795, 801, 817, 821, 858, 1279, 1784, 1996, 2057, 2200, 2421, 2430, 2455, 2470, 2591, 2687, 2740, 2917, 2919, 2924, 3008, 3019, 3141, 3189, 3359, 3531, 3535, 3640, 3650, 3778, 3833, 4083, 4087, 4186, 4200, 5314, 5493, 5516, 6159, 6607, 6720, 6793, 6797, 6801, 6869, 6877, 6929, 7077, 7232]",[801],"[165, 215, 250, 381, 443, 652, 795, 817, 821, 858, 1279, 1784, 1996, 2057, 2200, 2421, 2430, 2455, 2470, 2591, 2687, 2740, 2917, 2919, 2924, 3008, 3019, 3141, 3189, 3359, 3531, 3535, 3640, 3650, 3778, 3833, 4083, 4087, 4186, 4200, 5314, 5493, 5516, 6159, 6607, 6720, 6793, 6797, 6801, 6869, 6877, 6929, 7077, 7232]",[801],7299,55,7244,1,54,7244,0
2.0,MUSPRPMPB,"[120, 216, 444, 651, 795, 801, 817, 821, 1230, 1480, 1839, 1855, 2952, 2974, 2997, 3430]",[801],"[120, 216, 444, 651, 795, 817, 821, 1230, 1480, 1839, 1855, 2952, 2974, 2997, 3430]",[801],3567,16,3551,1,15,3551,0
2.0,MUSREGI,"[214, 325, 632, 775, 809, 892, 1012, 1159, 1258, 1316, 1448, 1458, 1558, 1562, 1799, 1807, 1965, 2230, 2234, 2304, 2388, 2417, 2450, 2497, 2611, 2646, 2748, 2903, 2993, 3050, 3139, 3158, 3368, 3550, 3667, 3707]","[1159, 1799, 2230, 2993]","[214, 325, 632, 775, 809, 892, 1012, 1258, 1316, 1448, 1458, 1558, 1562, 1807, 1965, 2234, 2304, 2388, 2417, 2450, 2497, 2611, 2646, 2748, 2903, 3050, 3139, 3158, 3368, 3550, 3667, 3707]","[1159, 1799, 2230, 2993]",3749,36,3713,4,32,3713,0
2.0,MUSREGII,"[237, 530, 612, 927, 1012, 1087, 1141, 1162, 1239, 1298, 1491, 1626, 1657, 1941, 1988, 2023, 2034, 2142, 2368, 2522, 2526, 2543, 2554, 2927, 3091, 3142, 3233, 3308, 3463, 3634, 3680, 3877]","[927, 1626, 1988, 3091]","[237, 530, 612, 1012, 1087, 1141, 1162, 1239, 1298, 1491, 1657, 1941, 2023, 2034, 2142, 2368, 2522, 2526, 2543, 2554, 2927, 3142, 3233, 3308, 3463, 3634, 3680, 3877]","[927, 1626, 1988, 3091]",3925,32,3893,4,28,3893,0
2.0,MUSROM1X,"[39, 45, 110, 115, 219, 380, 532, 540, 661, 673, 742, 746, 781, 967, 983, 1030, 1096, 1146, 1194, 1198, 1242, 1307, 1386, 1848, 1961, 2038, 2169, 2175, 2302, 2529, 2539, 2555, 2559, 2616, 2640, 2649]","[1242, 1848]","[39, 45, 110, 115, 219, 380, 532, 540, 661, 673, 742, 746, 781, 967, 983, 1030, 1096, 1146, 1194, 1198, 1307, 1386, 1961, 2038, 2169, 2175, 2302, 2529, 2539, 2555, 2559, 2616, 2640, 2649]","[1242, 1848]",2780,36,2744,2,34,2744,0
2.0,MUSRPL30,"[18, 84, 99, 144, 500, 504, 518, 598, 607, 660, 664, 778, 953, 960, 1050, 1179, 1209, 1262, 1331, 1337, 1430, 1505, 1509, 1622, 1679, 1777, 1816, 1948, 1953, 2155, 2279, 2291, 2431, 2459, 2654, 2709, 2829, 2891, 2941, 3019, 3085, 3124, 3243, 3377, 3441]","[660, 1050, 2459]","[18, 84, 99, 144, 500, 504, 518, 598, 607, 664, 778, 953, 960, 1179, 1209, 1262, 1331, 1337, 1430, 1505, 1509, 1622, 1679, 1777, 1816, 1948, 1953, 2155, 2279, 2291, 2431, 2654, 2709, 2829, 2891, 2941, 3019, 3085, 3124, 3243, 3377, 3441]","[660, 1050, 2459]",3469,45,3424,3,42,3424,0
2.0,MUSRPS16,"[3, 17, 261, 268, 373, 450, 475, 481, 512, 636, 687, 714, 758, 787, 829, 944, 1030, 1204, 1210, 1311, 1331, 1352, 1399, 1448, 1491, 1667, 1673, 1728, 1814, 1868, 1894, 1896, 2005, 2009, 2038, 2050, 2199, 2355, 2583]","[450, 687, 1868, 2005]","[3, 17, 261, 268, 373, 475, 481, 512, 636, 714, 758, 787, 829, 944, 1030, 1204, 1210, 1311, 1331, 1352, 1399, 1448, 1491, 1667, 1673, 1728, 1814, 1894, 1896, 2009, 2038, 2050, 2199, 2355, 2583]","[450, 687, 1868, 2005]",2642,39,2603,4,35,2603,0
2.0,MUSS100B,"[133, 213, 289, 342, 375, 430, 579, 741, 880, 951, 1034, 1081, 1097, 1160, 1423, 1514, 1534, 1710, 1721, 1778, 1785, 2041, 2162, 2287, 2640, 2692, 2757, 3025, 3151, 3160, 3508, 3660, 3709, 3753, 3997, 4270, 4309, 4357, 4373, 4377, 4387, 4611, 4641, 4672, 4849, 4920, 5032, 5082, 5104, 5135, 5169, 5219, 5309, 5321, 5323, 5329, 5333, 5444, 5786, 5988, 6011, 6291, 6295, 6395, 6425, 6438, 6523, 6653, 6686, 6694, 6880, 6884, 6965, 7045, 7055, 7588, 7694, 7766, 7801, 8033, 8061, 8146, 8180, 8200, 8398, 8455, 8612, 8671, 8711, 8736]",[4920],"[133, 213, 289, 342, 375, 430, 579, 741, 880, 951, 1034, 1081, 1097, 1160, 1423, 1514, 1534, 1710, 1721, 1778, 1785, 2041, 2162, 2287, 2640, 2692, 2757, 3025, 3151, 3160, 3508, 3660, 3709, 3753, 3997, 4270, 4309, 4357, 4373, 4377, 4387, 4611, 4641, 4672, 4849, 5032, 5082, 5104, 5135, 5169, 5219, 5309, 5321, 5323, 5329, 5333, 5444, 5786, 5988, 6011, 6291, 6295, 6395, 6425, 6438, 6523, 6653, 6686, 6694, 6880, 6884, 6965, 7045, 7055, 7588, 7694, 7766, 7801, 8033, 8061, 8146, 8180, 8200, 8398, 8455, 8612, 8671, 8711, 8736]",[4920],8866,90,8776,1,89,8776,0
2.0,MUSSERPROA,"[217, 471, 767, 1034, 1173, 1449, 1572, 1691, 1780, 1831, 1836, 1882, 2032, 2037, 2082, 2092, 2114, 2253, 2332, 2341, 2403, 2532, 2739, 3101, 3136, 3178, 3233, 3345, 3371, 3387, 3575, 3721, 3997, 4039, 4206]","[1449, 2092, 2739, 3178]","[217, 471, 767, 1034, 1173, 1572, 1691, 1780, 1831, 1836, 1882, 2032, 2037, 2082, 2114, 2253, 2332, 2341, 2403, 2532, 3101, 3136, 3233, 3345, 3371, 3387, 3575, 3721, 3997, 4039, 4206]","[1449, 2092, 2739, 3178]",4450,35,4415,4,31,4415,0
2.0,MUSSSATGN,"[29, 122, 444, 491, 520, 613, 645, 660, 729, 742, 840, 844, 976, 1162, 1346, 1592, 1774, 1825, 1857, 2081, 2102, 2165, 2190, 2194, 2258, 2277, 2353, 2447, 2487, 2516, 2905, 2929, 3004, 3039, 3115, 3185, 3199, 3233, 3241, 3294, 3354, 3372, 3436, 3590, 3612, 3706, 3730, 3740, 3892, 3898]","[840, 1162, 1346, 2905, 3039]","[29, 122, 444, 491, 520, 613, 645, 660, 729, 742, 844, 976, 1592, 1774, 1825, 1857, 2081, 2102, 2165, 2190, 2194, 2258, 2277, 2353, 2447, 2487, 2516, 2929, 3004, 3115, 3185, 3199, 3233, 3241, 3294, 3354, 3372, 3436, 3590, 3612, 3706, 3730, 3740, 3892, 3898]","[840, 1162, 1346, 2905, 3039]",4059,50,4009,5,45,4009,0
2.0,MUSTCP,"[6, 224, 364, 453, 470, 518, 545, 624, 654, 677, 768, 850, 908, 933, 1005, 1132, 1218, 1274, 1329, 1486, 1561, 1705, 1779, 1802, 1886, 1912, 1940, 1993, 2068, 2146, 2164, 2271, 2427, 2463, 2496, 2781, 2795, 3172, 3270, 3474, 3576, 3599, 3642, 3916, 3934, 3949, 4000, 4019, 4101, 4278, 4282, 4363, 4687, 4691, 4954, 5021, 5303, 5574, 5681, 5813, 5969, 6035, 6098, 6151, 6244, 6296, 6313, 6337, 6478, 6552, 6567, 6636, 6743, 7134, 7171, 7177, 7230, 7255, 7274, 7300, 7496, 7512, 7562, 7709, 7780, 7901, 8154, 8327, 8362, 8459, 8566, 8670]","[453, 1705, 1993, 3270, 4278, 4687, 6098, 6552, 7230, 7512]","[6, 224, 364, 470, 518, 545, 624, 654, 677, 768, 850, 908, 933, 1005, 1132, 1218, 1274, 1329, 1486, 1561, 1779, 1802, 1886, 1912, 1940, 2068, 2146, 2164, 2271, 2427, 2463, 2496, 2781, 2795, 3172, 3474, 3576, 3599, 3642, 3916, 3934, 3949, 4000, 4019, 4101, 4282, 4363, 4691, 4954, 5021, 5303, 5574, 5681, 5813, 5969, 6035, 6151, 6244, 6296, 6313, 6337, 6478, 6567, 6636, 6743, 7134, 7171, 7177, 7255, 7274, 7300, 7496, 7562, 7709, 7780, 7901, 8154, 8327, 8362, 8459, 8566, 8670]","[453, 1705, 1993, 3270, 3746, 4278, 4687, 6098, 6552, 7230, 7512]",9254,92,9162,10,82,9161,1
2.0,MUSTHY1,"[80, 93, 183, 191, 295, 335, 616, 629, 678, 696, 720, 854, 946, 997, 1009, 1043, 1156, 1243, 1255, 1281, 1586, 1828, 1833, 1837, 1943, 2134, 2174, 2181, 2246, 2331, 2477, 2639]","[80, 1009]","[93, 183, 191, 295, 335, 616, 629, 678, 696, 720, 854, 946, 997, 1043, 1156, 1243, 1255, 1281, 1586, 1828, 1833, 1837, 1943, 2134, 2174, 2181, 2246, 2331, 2477, 2639]","[80, 1009]",2683,32,2651,2,30,2651,0
2.0,MUSTLAG,"[42, 99, 153, 261, 269, 457, 547, 644, 705, 856, 901, 946, 956, 983, 1026, 1155, 1265, 1314, 1319, 1327, 1332, 1463, 1492, 1573, 1733, 1790, 1896, 2128, 2250, 2375, 2571, 3145, 3260, 3276, 3399, 3415, 3494, 3503, 3505, 3509, 3522, 3560, 3641, 3740, 3822, 3869, 3911, 4032, 4237, 4711, 4788, 5009, 5069, 5106, 5110, 5192, 5201, 5248, 5310]","[705, 1155, 1573, 3494, 3740]","[42, 99, 153, 261, 269, 457, 547, 644, 856, 901, 946, 956, 983, 1026, 1265, 1314, 1319, 1327, 1332, 1463, 1492, 1733, 1790, 1896, 2128, 2250, 2375, 2571, 3145, 3260, 3276, 3399, 3415, 3503, 3505, 3509, 3522, 3560, 3641, 3822, 3869, 3911, 4032, 4237, 4711, 4788, 5009, 5069, 5106, 5110, 5192, 5201, 5248, 5310]","[705, 1155, 1573, 3494, 3740]",5413,59,5354,5,54,5354,0
2.0,MUSTSHBA2,"[50, 69, 128, 186, 219, 388, 448, 464, 539, 599, 623, 629, 773, 777, 830, 1045, 1255]",[464],"[50, 69, 128, 186, 219, 388, 448, 539, 599, 623, 629, 773, 777, 830, 1045, 1255]",[464],1284,17,1267,1,16,1267,0
2.0,MUSY1GLOB,"[137, 180, 195, 288, 334, 354, 361, 377, 395, 576, 690, 808, 813, 829, 973, 1024, 1066, 1133, 1224, 1249, 1341, 1445, 1456, 1557, 1595, 1681]","[377, 690]","[137, 180, 195, 288, 334, 354, 361, 395, 576, 808, 813, 829, 973, 1024, 1066, 1133, 1224, 1249, 1341, 1445, 1456, 1557, 1595, 1681]","[377, 690]",1746,26,1720,2,24,1720,0
2.0,OABBGLOB,"[33, 192, 525, 666, 692, 920, 939, 958, 962, 1174, 1195, 1262, 1309, 1413, 1743, 1868, 1914, 1987, 2005, 2267, 2291, 2701, 3032, 3128, 3211, 3229, 3238]","[958, 1309]","[33, 192, 525, 666, 692, 920, 939, 962, 1174, 1195, 1262, 1413, 1743, 1868, 1914, 1987, 2005, 2267, 2291, 2701, 3032, 3128, 3211, 3229, 3238]","[958, 1309]",3242,27,3215,2,25,3215,0
2.0,OABCGLOB,"[33, 193, 295, 433, 673, 699, 919, 938, 957, 1011, 1177, 1198, 1265, 1312, 1352, 1413, 1603, 1708, 1879, 1921, 1998, 2092, 2239, 2249, 2648, 2984, 3079, 3162, 3180, 3189]","[957, 1312]","[33, 193, 295, 433, 673, 699, 919, 938, 1011, 1177, 1198, 1265, 1352, 1413, 1603, 1708, 1879, 1921, 1998, 2092, 2239, 2249, 2648, 2984, 3079, 3162, 3180, 3189]","[957, 1312]",3193,30,3163,2,28,3163,0
2.0,OAINIGFII1,"[60, 150, 243, 266, 428, 492, 574, 642, 676, 724, 740, 1022, 1050, 1098, 1165, 1412, 1551, 1588, 1671, 1679, 1698, 1752, 1839, 1975, 2057, 2065, 2106, 2110, 2155, 2199, 2242, 2309, 2319, 2335, 2382]",[740],"[60, 150, 243, 266, 428, 492, 574, 642, 676, 724, 1022, 1050, 1098, 1165, 1412, 1551, 1588, 1671, 1679, 1698, 1752, 1839, 1975, 2057, 2065, 2106, 2110, 2155, 2199, 2242, 2309, 2319, 2335, 2382]",[740],2386,35,2351,1,34,2351,0
2.0,OAINTL3,"[115, 120, 134, 188, 335, 674, 721, 813, 850, 943, 948, 1310, 1598, 1602, 1607, 1624, 1747, 1764, 1909, 1913, 2072, 2099, 2565, 2595, 2670, 2704]","[674, 813, 1909, 2072]","[115, 120, 134, 188, 335, 721, 850, 943, 948, 1310, 1598, 1602, 1607, 1624, 1747, 1764, 1913, 2099, 2565, 2595, 2670, 2704]","[674, 813, 1909, 2072]",2794,26,2768,4,22,2768,0
2.0,OAKRT213,"[50, 94, 144, 210, 232, 523, 554, 932, 975, 1042, 1088, 1123, 1179, 1206, 1215, 1228, 1253, 1260, 1290, 1294, 1309, 1328, 1593, 1605, 1635, 1714, 1786, 1988, 1992, 2176, 2263, 2294, 2641, 2665, 2852, 3029, 3132, 3198, 3241, 3255, 3333, 3357, 3740, 3829, 3841, 3915, 3938, 4124, 4147, 4213, 4467, 4598, 4642, 4678, 4685, 4690, 4752, 4813, 4821, 5046, 5174, 5210, 5249, 5258, 5278, 5288, 5371, 5377, 5449, 5487, 5491, 5584, 5671, 5684, 5789, 5815, 5950, 6077, 6116, 6221, 6234, 6248, 6474, 6548, 6552, 6886, 6914, 6924, 7052, 7061, 7065, 7076, 7124, 7211, 7268, 7283, 7287, 7389, 7393, 7427, 7455, 7660, 7752, 7896, 7911, 7913, 7937, 7944, 7962, 7988, 8453, 8457, 8482, 8487, 8502, 8709, 8931, 9063, 9083, 9162, 9244, 9294, 9316, 9417, 9454]","[3198, 4147, 4813, 5288, 5684, 6077, 6548, 7393]","[50, 94, 144, 210, 232, 523, 554, 932, 975, 1042, 1088, 1123, 1179, 1206, 1215, 1228, 1253, 1260, 1290, 1294, 1309, 1328, 1593, 1605, 1635, 1714, 1786, 1988, 1992, 2176, 2263, 2294, 2641, 2665, 2852, 3029, 3132, 3241, 3255, 3333, 3357, 3740, 3829, 3841, 3915, 3938, 4124, 4213, 4467, 4598, 4642, 4678, 4685, 4690, 4752, 4821, 5046, 5174, 5210, 5249, 5258, 5278, 5371, 5377, 5449, 5487, 5491, 5584, 5671, 5789, 5815, 5950, 6116, 6221, 6234, 6248, 6474, 6552, 6886, 6914, 6924, 7052, 7061, 7065, 7076, 7124, 7211, 7268, 7283, 7287, 7389, 7427, 7455, 7660, 7752, 7896, 7911, 7913, 7937, 7944, 7962, 7988, 8453, 8457, 8482, 8487, 8502, 8709, 8931, 9063, 9083, 9162, 9244, 9294, 9316, 9417, 9454]","[3198, 4147, 4813, 5288, 5684, 6077, 6548, 7393]",9523,125,9398,8,117,9398,0
2.0,OALGB,"[46, 76, 109, 123, 130, 140, 207, 288, 374, 378, 433, 702, 938, 955, 959, 1011, 1124, 1216, 1324, 1422, 1459, 1486, 1528, 1602, 1682, 1742, 1801, 1806, 1859, 2043, 2268, 2274, 2295, 2432, 2438, 2442, 2660, 2762, 2831, 2873, 2908, 2939, 2959, 2994, 3267, 3330, 3336, 3500, 3523, 3557, 3623, 3667, 3700, 3818, 3883, 3943, 3950, 3980, 4039, 4047, 4092, 4114, 4204, 4250, 4387, 4477, 4565, 4656, 4724, 4761, 4766, 4778, 4822, 4886, 4900, 4911, 4954, 4967, 5008, 5075, 5079, 5143, 5156, 5244, 5514, 5825, 5895, 6010, 6149, 6242, 6254, 6422, 6494, 6617, 6672, 6784, 7102, 7176, 7246, 7320]","[938, 1742, 2660, 3883, 4656]","[46, 76, 109, 123, 130, 140, 207, 288, 374, 378, 433, 702, 955, 959, 1011, 1124, 1216, 1324, 1422, 1459, 1486, 1528, 1602, 1682, 1801, 1806, 1859, 2043, 2268, 2274, 2295, 2432, 2438, 2442, 2762, 2831, 2873, 2908, 2939, 2959, 2994, 3267, 3330, 3336, 3500, 3523, 3557, 3623, 3667, 3700, 3818, 3943, 3950, 3980, 4039, 4047, 4092, 4114, 4204, 4250, 4387, 4477, 4565, 4724, 4761, 4766, 4778, 4822, 4886, 4900, 4911, 4954, 4967, 5008, 5075, 5079, 5143, 5156, 5244, 5514, 5825, 5895, 6010, 6149, 6242, 6254, 6422, 6494, 6617, 6672, 6784, 7102, 7176, 7246, 7320]","[938, 1742, 2660, 3883, 4656]",7372,100,7272,5,95,7272,0
2.0,OAMETIAG,"[9, 91, 139, 142, 205, 246, 416, 438, 510, 528, 569, 701, 746, 920, 953, 969, 1028, 1067, 1136, 1479, 1483, 1674, 1682, 1801, 2118, 2207, 2480, 2654, 2726]","[701, 1479]","[9, 91, 139, 142, 205, 246, 416, 438, 510, 528, 569, 746, 920, 953, 969, 1028, 1067, 1136, 1483, 1674, 1682, 1801, 2118, 2207, 2480, 2654, 2726]","[701, 1479]",2793,29,2764,2,27,2764,0
2.0,OAMTIB,"[258, 262, 338, 368, 444, 484, 516, 731, 758, 789, 993, 1027, 1209, 1317, 1397, 1721, 1725, 1922, 2033, 2041, 2110, 2170, 2185, 2301, 2554, 2618, 2670, 2764, 2983, 3016, 3092, 3175, 3179, 3205]",[1721],"[258, 262, 338, 368, 444, 484, 516, 731, 758, 789, 993, 1027, 1209, 1317, 1397, 1725, 1922, 2033, 2041, 2110, 2170, 2185, 2301, 2554, 2618, 2670, 2764, 2983, 3016, 3092, 3175, 3179, 3205]","[965, 1721]",3212,34,3178,1,33,3177,1
2.0,OAMTIC,"[65, 146, 162, 214, 249, 381, 545, 621, 707, 813, 869, 1010, 1059, 1084, 1295, 1299, 1332, 1336, 1376, 1387, 1607, 1676, 1749, 1754, 1771, 1787, 1852, 1859, 2055, 2277]","[621, 1295]","[65, 146, 162, 214, 249, 381, 545, 707, 813, 869, 1010, 1059, 1084, 1299, 1332, 1336, 1376, 1387, 1607, 1676, 1749, 1754, 1771, 1787, 1852, 1859, 2055, 2277]","[621, 1295]",2376,30,2346,2,28,2346,0
2.0,OAMTII,"[38, 326, 435, 483, 496, 572, 630, 799, 836, 1023, 1133, 1312, 1325, 1358, 1378, 1382, 1588, 1717, 1976]","[1023, 1378]","[38, 326, 435, 483, 496, 572, 630, 799, 836, 1133, 1312, 1325, 1358, 1382, 1588, 1717, 1976]","[1023, 1378]",2048,19,2029,2,17,2029,0
2.0,OAPROTP1,"[7, 212, 253]",[212],"[7, 253]",[212],525,3,522,1,2,522,0
2.0,OATRICH,"[146, 152, 253, 310, 398, 513, 555, 775, 909, 938, 966, 1009, 1053, 1174, 1179, 1183, 1197, 1215, 1425, 1471, 1568, 1798, 2017, 2201, 2219, 2328, 2661, 2892, 3157, 3240, 3309, 3679, 3798, 3909, 4055, 4062, 4096, 4101, 4171, 4211, 4464, 4492, 4631, 4702, 4744, 4772, 4947, 5498, 5721, 5825, 5936, 6075, 6254, 6612, 6681, 6750, 7050, 7119, 7209, 7368, 7437, 7506, 7575, 7936, 8195, 8242, 8462, 8473, 8599, 9111]",[3157],"[146, 152, 253, 310, 398, 513, 555, 775, 909, 938, 966, 1009, 1053, 1174, 1179, 1183, 1197, 1215, 1425, 1471, 1568, 1798, 2017, 2201, 2219, 2328, 2661, 2892, 3240, 3309, 3679, 3798, 3909, 4055, 4062, 4096, 4101, 4171, 4211, 4464, 4492, 4631, 4702, 4744, 4772, 4947, 5498, 5721, 5825, 5936, 6075, 6254, 6612, 6681, 6750, 7050, 7119, 7209, 7368, 7437, 7506, 7575, 7936, 8195, 8242, 8462, 8473, 8599, 9111]",[3157],9337,70,9267,1,69,9267,0
2.0,OCAPOAIG,"[60, 361, 522, 553, 557, 572, 777, 855, 1060, 1139, 1152, 1159, 1167, 1216, 1239, 1248, 1275, 1467, 1524, 1798, 1916, 1921]","[553, 855]","[60, 361, 522, 557, 572, 777, 1060, 1139, 1152, 1159, 1167, 1216, 1239, 1248, 1275, 1467, 1524, 1798, 1916, 1921]","[553, 855]",1987,22,1965,2,20,1965,0
2.0,OCTNFBETA,"[68, 202, 217, 245, 390, 577, 609, 766, 1058, 1247, 1637, 1859, 1959]","[577, 766]","[68, 202, 217, 245, 390, 609, 1058, 1247, 1637, 1859, 1959]","[577, 766]",1965,13,1952,2,11,1952,0
2.0,OCUTGLOB,"[407, 480, 852, 927, 932, 953, 963, 970, 974, 1180, 1279, 1336, 1566, 1576, 1589, 1708, 1736, 1821, 2016, 2050, 2057, 2091, 2144, 2158, 2162, 2281, 2297, 2469, 2501, 2566, 2572, 2588, 2680, 2700, 2914, 2984, 3077, 3155, 3172, 3357, 3424, 3496, 3634, 3653, 4176, 4265, 4295, 4315, 4330, 4333, 4404, 4529, 4642, 4651, 4872, 4900, 4912, 4936, 4961, 5000, 5062, 5072, 5138, 5142, 5207, 5230, 5317, 5831, 6183, 6187]","[3357, 5831]","[407, 480, 852, 927, 932, 953, 963, 970, 974, 1180, 1279, 1336, 1566, 1576, 1589, 1708, 1736, 1821, 2016, 2050, 2057, 2091, 2144, 2158, 2162, 2281, 2297, 2469, 2501, 2566, 2572, 2588, 2680, 2700, 2914, 2984, 3077, 3155, 3172, 3424, 3496, 3634, 3653, 4176, 4265, 4295, 4315, 4330, 4333, 4404, 4529, 4642, 4651, 4872, 4900, 4912, 4936, 4961, 5000, 5062, 5072, 5138, 5142, 5207, 5230, 5317, 6183, 6187]","[3357, 5831]",6561,70,6491,2,68,6491,0
2.0,OOGH,"[13, 36, 127, 200, 333, 375, 446, 635, 638, 740, 768, 786, 849, 860, 881, 890, 914, 946, 950, 1084, 1132, 1183, 1219, 1475, 1552, 1853, 1896, 2002, 2065, 2069, 2089, 2094, 2140, 2145]","[333, 740, 1084, 1475]","[13, 36, 127, 200, 375, 446, 635, 638, 768, 786, 849, 860, 881, 890, 914, 946, 950, 1132, 1183, 1219, 1552, 1853, 1896, 2002, 2065, 2069, 2089, 2094, 2140, 2145]","[333, 740, 1084, 1475]",2155,34,2121,4,30,2121,0
2.0,OPOP1,"[33, 156, 249, 377, 406, 546]",[249],"[33, 156, 377, 406, 546]",[249],617,6,611,1,5,611,0
2.0,ORAPROTP1A,"[7, 59, 163, 167, 183, 261, 276]",[163],"[7, 59, 167, 183, 261, 276]",[163],410,7,403,1,6,403,0
2.0,PAA1GL,"[112, 155, 160, 180, 185, 204, 399, 423, 513, 598, 677, 719, 752, 797, 856]","[204, 513]","[112, 155, 160, 180, 185, 399, 423, 598, 677, 719, 752, 797, 856]","[204, 513]",873,15,858,2,13,858,0
2.0,PAAFPG,"[214, 218, 328, 484, 632, 638, 922, 1067]",[214],"[218, 328, 484, 632, 638, 922, 1067]",[214],1088,8,1080,1,7,1080,0
2.0,PAU03674,"[93, 111, 201, 233, 361, 461, 595, 600, 630, 1004, 1071, 1110, 1142, 1150, 1194, 1332, 1399, 1404, 1566, 1633, 1710, 1853, 2100, 2123, 2363, 2414, 2451, 2493, 2761, 2806, 2851, 2896, 2941, 3117, 3171, 3309, 3500, 3574, 3685, 3726, 3773, 3777, 3866, 3870, 3972, 3977, 4013, 4019, 4023, 4154, 4171, 4181, 4238, 4294, 4367, 4464, 4523, 4611, 4705, 4741, 4765, 4785, 4901, 5237, 5266]","[3171, 3574, 3773, 4013, 4294, 4611]","[93, 111, 201, 233, 361, 461, 595, 600, 630, 1004, 1071, 1110, 1142, 1150, 1194, 1332, 1399, 1404, 1566, 1633, 1710, 1853, 2100, 2123, 2363, 2414, 2451, 2493, 2761, 2806, 2851, 2896, 2941, 3117, 3309, 3500, 3685, 3726, 3777, 3866, 3870, 3972, 3977, 4019, 4023, 4154, 4171, 4181, 4238, 4367, 4464, 4523, 4705, 4741, 4765, 4785, 4901, 5237, 5266]","[3171, 3574, 3773, 4013, 4294, 4611]",5438,65,5373,6,59,5373,0
2.0,PIGAPAI,"[35, 62, 85, 101, 107, 191, 449, 538, 562, 763, 794, 798, 1031, 1051, 1129, 1156, 1163, 1169, 1320, 1353, 1443, 1531, 1549, 1689, 1711, 1720, 1819, 1823, 1918, 1930, 1983, 2041, 2317, 2367, 2539, 2693, 2806, 2871, 2893, 2897, 2917, 3022, 3060, 3160, 3317]","[794, 1129]","[35, 62, 85, 101, 107, 191, 449, 538, 562, 763, 798, 1031, 1051, 1156, 1163, 1169, 1320, 1353, 1443, 1531, 1549, 1689, 1711, 1720, 1819, 1823, 1918, 1930, 1983, 2041, 2317, 2367, 2539, 2693, 2806, 2871, 2893, 2897, 2917, 3022, 3060, 3160, 3317]","[794, 1129]",3326,45,3281,2,43,3281,0
2.0,PIGAPCIII,"[27, 45, 148, 353, 375, 620, 682, 736, 752, 774, 778, 867, 908, 944, 948, 1091, 1141, 1318, 1321, 1432, 1443, 1448, 1502, 1637, 1679, 1694, 1711, 2020, 2025, 2027, 2031, 2035, 2083, 2295, 2513, 2597, 2639, 2740, 3036, 3044, 3196, 3226]","[1432, 1711]","[27, 45, 148, 353, 375, 620, 682, 736, 752, 774, 778, 867, 908, 944, 948, 1091, 1141, 1318, 1321, 1443, 1448, 1502, 1637, 1679, 1694, 2020, 2025, 2027, 2031, 2035, 2083, 2295, 2513, 2597, 2639, 2740, 3036, 3044, 3196, 3226]","[1432, 1711]",3269,42,3227,2,40,3227,0
2.0,PIGCNP,"[14, 25, 126, 400, 404, 429, 466, 520, 528, 596, 672, 799, 866, 894, 927, 1000, 1062, 1125, 1150, 1416, 1430, 1615, 1622, 1652, 1662, 1677, 1695, 1781, 1834, 1846, 1878]",[400],"[14, 25, 126, 404, 429, 466, 520, 528, 596, 672, 799, 866, 894, 927, 1000, 1062, 1125, 1150, 1416, 1430, 1615, 1622, 1652, 1662, 1677, 1695, 1781, 1834, 1846, 1878]",[400],1887,31,1856,1,30,1856,0
2.0,PIGFSB,"[226, 269, 290, 300, 317, 413, 467, 515, 548, 589, 772, 782, 794, 1042, 1046, 1175, 1511, 1598, 1705, 1755, 1801, 1849, 1885, 1899]","[515, 1042]","[226, 269, 290, 300, 317, 413, 467, 548, 589, 772, 782, 794, 1046, 1175, 1511, 1598, 1705, 1755, 1801, 1849, 1885, 1899]","[515, 1042]",2044,24,2020,2,22,2020,0
2.0,PIKEGLOBIN,"[21, 55, 221, 237, 271, 453, 474, 541, 588, 604, 767, 941, 1011, 1063, 1069, 1175, 1193, 1199, 1209, 1222, 1272, 1319, 1323, 1417, 1422, 1428, 1473, 1529]","[237, 588]","[21, 55, 221, 271, 453, 474, 541, 604, 767, 941, 1011, 1063, 1069, 1175, 1193, 1199, 1209, 1222, 1272, 1319, 1323, 1417, 1422, 1428, 1473, 1529]","[237, 588]",1702,28,1674,2,26,1674,0
2.0,PPGLTG,"[60, 111, 308, 373, 527, 548, 662, 715, 737, 747, 792, 867, 890, 903, 907, 950]","[373, 662]","[60, 111, 308, 527, 548, 715, 737, 747, 792, 867, 890, 903, 907, 950]","[373, 662]",1065,16,1049,2,14,1049,0
2.0,PPPROP2,"[63, 319, 446, 576, 661]",[319],"[63, 446, 576, 661]",[319],740,5,735,1,4,735,0
2.0,PPYPROP2,"[16, 48, 245, 272, 530, 615]",[272],"[16, 48, 245, 530, 615]",[272],689,6,683,1,5,683,0
2.0,PTAZGLO,"[79, 360, 392, 441, 516, 804, 840, 878, 943, 965, 974, 1062, 1081, 1086, 1157, 1270, 1549, 1603, 1636, 1648, 1652, 1679, 1707, 1721, 1735, 1749, 1753, 1791, 1805, 1833, 1889, 1917, 1947, 1991, 2064, 2120, 2162, 2176, 2244, 2253, 2331, 2574, 2788, 2813, 2963, 2975, 2987, 3065, 3077, 3091, 3111, 3124, 3169, 3214, 3383]","[1603, 3077]","[79, 360, 392, 441, 516, 804, 840, 878, 943, 965, 974, 1062, 1081, 1086, 1157, 1270, 1549, 1636, 1648, 1652, 1679, 1707, 1721, 1735, 1749, 1753, 1791, 1805, 1833, 1889, 1917, 1947, 1991, 2064, 2120, 2162, 2176, 2244, 2253, 2331, 2574, 2788, 2813, 2963, 2975, 2987, 3065, 3091, 3111, 3124, 3169, 3214, 3383]","[1603, 3077]",3612,55,3557,2,53,3557,0
2.0,PTGGGLOG,"[162, 200, 210, 410, 431, 545, 641, 671, 712, 821, 891, 942, 1064, 1076, 1126, 1174, 1358, 1456, 1501, 1525, 1726, 1730, 1754, 1803]","[200, 545]","[162, 210, 410, 431, 641, 671, 712, 821, 891, 942, 1064, 1076, 1126, 1174, 1358, 1456, 1501, 1525, 1726, 1730, 1754, 1803]","[200, 545]",1815,24,1791,2,22,1791,0
2.0,PTPPINS,"[206, 627, 688, 728, 742, 799, 933, 1028, 1054, 1134, 1140, 1256, 1312, 1410, 1519, 1524, 1652, 1750, 1762, 1778, 1927, 1985, 1994, 2010, 2027, 2031, 2073, 2095, 2201, 2223, 2274, 2379, 2425, 2469]",[1410],"[206, 627, 688, 728, 742, 799, 933, 1028, 1054, 1134, 1140, 1256, 1312, 1519, 1524, 1652, 1750, 1762, 1778, 1927, 1985, 1994, 2010, 2027, 2031, 2073, 2095, 2201, 2223, 2274, 2379, 2425, 2469]",[1410],2476,34,2442,1,33,2442,0
2.0,PTPROP2,"[74, 330, 588, 673]",[330],"[74, 588, 673]",[330],751,4,747,1,3,747,0
2.0,PVU11715,"[250, 288, 396, 498, 519, 586, 633, 808, 1021, 1091, 1202, 1258, 1272, 1340, 1344, 1368, 1504, 1549, 1605, 1643]","[288, 633]","[250, 396, 498, 519, 586, 808, 1021, 1091, 1202, 1258, 1272, 1340, 1344, 1368, 1504, 1549, 1605, 1643]","[288, 633]",1782,20,1762,2,18,1762,0
2.0,QULNFLW,"[5, 15, 97, 113, 145, 260, 474, 648, 762, 766, 809, 867, 961, 1199, 1222, 1338, 1491, 1504, 1548, 1630, 1667, 1797, 1804, 1975, 2169, 2227, 2301, 2364, 2405, 2417, 2425, 2435, 2461, 2517, 2703, 2752, 2897, 2972, 3116, 3290, 3329, 3422, 3475, 3479, 3541, 3662, 3720, 3794, 3900, 4139, 4170, 4360, 4443, 4448, 4457, 4587, 4618, 4656, 4817, 4973, 4978, 5052, 5192, 5240, 5368, 5399, 5500, 5612, 5691, 5849, 5873, 5894, 5921, 5972, 6211, 6264, 6672, 6685, 6689, 6768, 6802, 6808, 6890, 7045, 7198, 7255, 7285, 7385, 7389, 7413, 7466, 7540, 7905]","[3794, 4656, 5921]","[5, 15, 97, 113, 145, 260, 474, 648, 762, 766, 809, 867, 961, 1199, 1222, 1338, 1491, 1504, 1548, 1630, 1667, 1797, 1804, 1975, 2169, 2227, 2301, 2364, 2405, 2417, 2425, 2435, 2461, 2517, 2703, 2752, 2897, 2972, 3116, 3290, 3329, 3422, 3475, 3479, 3541, 3662, 3720, 3900, 4139, 4170, 4360, 4443, 4448, 4457, 4587, 4618, 4817, 4973, 4978, 5052, 5192, 5240, 5368, 5399, 5500, 5612, 5691, 5849, 5873, 5894, 5972, 6211, 6264, 6672, 6685, 6689, 6768, 6802, 6808, 6890, 7045, 7198, 7255, 7285, 7385, 7389, 7413, 7466, 7540, 7905]","[3794, 4656, 5921]",7926,93,7833,3,90,7833,0
2.0,QULTROPIA,"[19, 63, 67, 240, 310, 410, 469, 542, 591, 678, 689, 694, 717, 748, 929, 1142, 1306, 1411, 1449, 1505, 1533, 1571, 1858, 1985, 1998, 2156, 2186, 2210, 2352, 2360, 2364, 2443, 2582, 2585, 2666, 2707, 2858, 2899, 3004, 3033, 3149, 3158, 3176, 3437, 3638, 3699, 3863, 4007, 4020, 4047, 4052, 4225, 4229, 4336, 4506, 4544, 4565, 4580, 4588, 4672, 4677, 4681, 4823, 4891, 4981]","[2186, 2360, 3004, 3437, 4047, 4336]","[19, 63, 67, 240, 310, 410, 469, 542, 591, 678, 689, 694, 717, 748, 929, 1142, 1306, 1411, 1449, 1505, 1533, 1571, 1858, 1985, 1998, 2156, 2210, 2352, 2364, 2443, 2582, 2585, 2666, 2707, 2858, 2899, 3033, 3149, 3158, 3176, 3638, 3699, 3863, 4007, 4020, 4052, 4225, 4229, 4506, 4544, 4565, 4580, 4588, 4672, 4677, 4681, 4823, 4891, 4981]","[2186, 2360, 3004, 3437, 4047, 4336]",4959,65,4894,6,59,4894,0
2.0,RABCRP,"[366, 397, 402, 416, 509, 513, 551, 579, 781, 785, 870, 990, 1098, 1124, 1171, 1221, 1228, 1239, 1286]",[397],"[366, 402, 416, 509, 513, 551, 579, 781, 785, 870, 990, 1098, 1124, 1171, 1221, 1228, 1239, 1286]",[397],1431,19,1412,1,18,1412,0
2.0,RABDNP3AA,"[142, 288, 370, 654, 659, 684, 742, 746, 816, 906, 924, 970, 995, 1030, 1286, 1304, 1766, 1865, 1974, 2156, 2182, 2270, 2320, 2435, 2483, 2503, 2515, 2540, 2581, 2793, 2821]",[2156],"[142, 288, 370, 654, 659, 684, 742, 746, 816, 906, 924, 970, 995, 1030, 1286, 1304, 1766, 1865, 1974, 2182, 2270, 2320, 2435, 2483, 2503, 2515, 2540, 2581, 2793, 2821]",[2156],3083,31,3052,1,30,3052,0
2.0,RABSURFA,"[378, 398, 471, 503, 530, 636, 679, 780, 795, 810, 877, 928, 1038, 1060, 1175, 1192, 1255, 1346, 1431, 1539, 1601, 1612, 1642, 2209, 2213, 2320, 2336, 2383, 2385, 2409, 2556, 2926, 2947, 3100, 3132, 3199, 3239, 3281, 3290, 3423, 3443, 3447, 3451, 3455, 3505, 3550, 3555, 3704, 3805, 3917, 4033, 4080, 4166, 4177, 4188, 4283, 4361, 4370, 4391, 4577, 4584, 4636, 4661, 4834, 4857, 4959, 4987, 5088, 5440, 5622, 5638, 5704, 5795, 5815, 5882, 5899, 6219, 6243, 6292, 6359, 6482, 6529, 6659, 6793, 6939, 7144, 7172, 7268, 7307, 7344, 7419, 7450, 7760, 7977]","[4033, 4361, 5088]","[378, 398, 471, 503, 530, 636, 679, 780, 795, 810, 877, 928, 1038, 1060, 1175, 1192, 1255, 1346, 1431, 1539, 1601, 1612, 1642, 2209, 2213, 2320, 2336, 2383, 2385, 2409, 2556, 2926, 2947, 3100, 3132, 3199, 3239, 3281, 3290, 3423, 3443, 3447, 3451, 3455, 3505, 3550, 3555, 3704, 3805, 3917, 4080, 4166, 4177, 4188, 4283, 4370, 4391, 4577, 4584, 4636, 4661, 4834, 4857, 4959, 4987, 5440, 5622, 5638, 5704, 5795, 5815, 5882, 5899, 6219, 6243, 6292, 6359, 6482, 6529, 6659, 6793, 6939, 7144, 7172, 7268, 7307, 7344, 7419, 7450, 7760, 7977]","[4033, 4361, 5088]",8090,94,7996,3,91,7996,0
2.0,RABTNF,"[166, 218, 261, 349, 418, 503, 600, 678, 827, 851, 855, 1025, 1077, 1095, 1355, 1481, 1559, 1563, 1652, 1728, 1761, 1778, 1792, 1798, 1895, 1948, 2139, 2183, 2268, 2434, 2548, 2565, 2719, 2803, 2812, 2964, 3019, 3034]","[851, 1355, 1563]","[166, 218, 261, 349, 418, 503, 600, 678, 827, 855, 1025, 1077, 1095, 1481, 1559, 1652, 1728, 1761, 1778, 1792, 1798, 1895, 1948, 2139, 2183, 2268, 2434, 2548, 2565, 2719, 2803, 2812, 2964, 3019, 3034]","[851, 1355, 1563]",3193,38,3155,3,35,3155,0
2.0,RATCYC,"[28, 70, 116, 270, 362, 452, 456, 572, 636, 833, 921, 1063, 1067, 1103, 1168, 1267, 1333, 1400, 1434, 1438, 1976, 2111, 2298, 2350]",[1333],"[28, 70, 116, 270, 362, 452, 456, 572, 636, 833, 921, 1063, 1067, 1103, 1168, 1267, 1400, 1434, 1438, 1976, 2111, 2298, 2350]",[1333],2521,24,2497,1,23,2497,0
2.0,RATCYSS,"[81, 119, 356, 445, 518, 628, 641, 985, 1006, 1119, 1136, 1174, 1217, 1221, 1268, 1427, 1630, 1652, 1686, 1927, 1964, 2500, 2667, 3397, 3684, 3865, 3889, 3912, 3979, 4026, 4083, 4108, 4152, 4176, 4200, 4214, 4277, 4283, 4287, 4690, 4705, 4714, 4811, 4869, 5353, 5453, 5458, 5488, 5509]","[1006, 4026]","[81, 119, 356, 445, 518, 628, 641, 985, 1119, 1136, 1174, 1217, 1221, 1268, 1427, 1630, 1652, 1686, 1927, 1964, 2500, 2667, 3397, 3684, 3865, 3889, 3912, 3979, 4083, 4108, 4152, 4176, 4200, 4214, 4277, 4283, 4287, 4690, 4705, 4714, 4811, 4869, 5353, 5453, 5458, 5488, 5509]","[1006, 4026]",5556,49,5507,2,47,5507,0
2.0,RATDCCOVB,"[13, 98, 211, 406, 549, 788, 880, 936, 1125, 1396, 1545, 1559, 1599, 1734, 1943, 1951, 2188, 2267, 2271, 2283, 2292, 2317, 2321, 2341, 2471, 2478, 2790, 2864, 3126, 3130, 3242, 3294, 3407, 3451, 3489, 3498, 3558, 3699, 3716, 3739, 3782, 3871, 3923, 4349, 4650, 4701, 4709, 4730, 4815, 5096, 5129]","[2267, 2864, 3126]","[13, 98, 211, 406, 549, 788, 880, 936, 1125, 1396, 1545, 1559, 1599, 1734, 1943, 1951, 2188, 2271, 2283, 2292, 2317, 2321, 2341, 2471, 2478, 2790, 3130, 3242, 3294, 3407, 3451, 3489, 3498, 3558, 3699, 3716, 3739, 3782, 3871, 3923, 4349, 4650, 4701, 4709, 4730, 4815, 5096, 5129]","[2267, 2864, 3126]",5324,51,5273,3,48,5273,0
2.0,RATGRG,"[68, 83, 204, 286, 331, 441, 446, 658, 719, 804, 848, 969, 1268, 1280, 1291, 1302, 1397, 1415, 1494, 1508, 1536, 1554, 1622, 1634, 1696, 1732, 1763, 1918, 1942, 1974, 2065, 2106, 2187, 2191, 2230, 2319, 2323, 2338, 2392, 2435, 2525, 2546, 2616, 2740, 2852, 2994, 3038, 3290, 3294, 3390, 3447, 3454, 3552, 3556, 3560, 3591, 3706, 3715, 3763]","[83, 286, 1291, 1494, 1696, 1942, 2187, 2319, 2616, 2994, 3290]","[68, 204, 331, 441, 446, 658, 719, 804, 848, 969, 1268, 1280, 1302, 1397, 1415, 1508, 1536, 1554, 1622, 1634, 1732, 1763, 1918, 1974, 2065, 2106, 2191, 2230, 2323, 2338, 2392, 2435, 2525, 2546, 2740, 2852, 3038, 3294, 3390, 3447, 3454, 3552, 3556, 3560, 3591, 3706, 3715, 3763]","[83, 286, 1291, 1494, 1696, 1942, 2187, 2319, 2616, 2994, 3290]",3881,59,3822,11,48,3822,0
2.0,RATGROS,"[79, 107, 236, 397, 401, 406, 589, 621, 631, 746, 800, 1178, 1196, 1219, 1293, 1349, 1390, 1482, 1587, 1777, 1820, 1912, 2001, 2072, 2131, 2143, 2159]","[1178, 1390, 1587]","[79, 107, 236, 397, 401, 406, 589, 621, 631, 746, 800, 1196, 1219, 1293, 1349, 1482, 1777, 1820, 1912, 2001, 2072, 2131, 2143, 2159]","[1178, 1390, 1587]",2489,27,2462,3,24,2462,0
2.0,RATGSTY,"[16, 493, 543, 654, 659, 663, 718, 728, 732, 853, 884, 996, 1137, 1142, 1310, 1495, 1499, 1515, 1558, 1647, 1862, 1883, 1918, 1933, 1937, 1959, 2027, 2060, 2086, 2134, 2416, 2606, 2622, 2830, 2890, 2896, 3003, 3022, 3101, 3180, 3194, 3201, 3225, 3376, 3534, 3576, 3804, 3854, 3958, 4000, 4115, 4123, 4127, 4168, 4269, 4371, 4468, 4600, 4646, 4691, 4756, 4772, 4777, 4804, 4914, 5009, 5032, 5205, 5214, 5376, 5505, 5813, 5926, 5995, 6195, 6279]","[659, 996, 1495, 1862, 2060, 3180, 3376]","[16, 493, 543, 654, 663, 718, 728, 732, 853, 884, 1137, 1142, 1310, 1499, 1515, 1558, 1647, 1883, 1918, 1933, 1937, 1959, 2027, 2086, 2134, 2416, 2606, 2622, 2830, 2890, 2896, 3003, 3022, 3101, 3194, 3201, 3225, 3534, 3576, 3804, 3854, 3958, 4000, 4115, 4123, 4127, 4168, 4269, 4371, 4468, 4600, 4646, 4691, 4756, 4772, 4777, 4804, 4914, 5009, 5032, 5205, 5214, 5376, 5505, 5813, 5926, 5995, 6195, 6279]","[659, 996, 1495, 1862, 2060, 3180, 3376]",6287,76,6211,7,69,6211,0
2.0,RATIGFBA,"[210, 361, 373, 412, 526, 704, 796, 850, 854, 859, 883, 964, 1002, 1097, 1152, 1238, 1242, 1381, 1400, 1448, 1450, 1455, 1528, 1703, 1731, 1782, 1788, 1948, 2034, 2074, 2082, 2203, 2240, 2385, 2396, 2617, 2645, 3002, 3006, 3105, 3214, 3262, 3303, 3312, 3331, 3379, 3450, 3465, 3469, 3496, 3515, 3613, 3674, 3819, 3828, 3873, 3924, 4000, 4088, 4127, 4362, 4366, 4459, 4512, 4535, 4546, 4560, 4578, 4620, 4824]","[526, 2034, 3002]","[210, 361, 373, 412, 704, 796, 850, 854, 859, 883, 964, 1002, 1097, 1152, 1238, 1242, 1381, 1400, 1448, 1450, 1455, 1528, 1703, 1731, 1782, 1788, 1948, 2074, 2082, 2203, 2240, 2385, 2396, 2617, 2645, 3006, 3105, 3214, 3262, 3303, 3312, 3331, 3379, 3450, 3465, 3469, 3496, 3515, 3613, 3674, 3819, 3828, 3873, 3924, 4000, 4088, 4127, 4362, 4366, 4459, 4512, 4535, 4546, 4560, 4578, 4620, 4824]","[526, 2034, 3002]",4993,70,4923,3,67,4923,0
2.0,RATJE,"[248, 256, 417, 485, 682, 1191, 1299, 1456, 1550, 1557, 1619, 1721, 1816, 1968, 1989, 2417, 2565, 2595, 2607, 2734, 2751, 2777, 2986]","[1191, 1989]","[248, 256, 417, 485, 682, 1299, 1456, 1550, 1557, 1619, 1721, 1816, 1968, 2417, 2565, 2595, 2607, 2734, 2751, 2777, 2986]","[1191, 1989]",3098,23,3075,2,21,3075,0
2.0,RATKALA,"[20, 225, 247, 275, 435, 476, 618, 825, 847, 945, 992, 1001, 1027, 1062, 1134, 1275, 1296, 1866, 2147, 2404, 2559, 2657, 3167, 3253, 3282, 3343, 3391, 3650, 3667, 3672, 3674, 3753, 3770, 3806, 3850, 3977, 3999, 4019, 4027, 4031, 4043, 4047, 4051, 4061, 4065, 4199, 4388, 4424, 4476, 4504, 4506, 4594, 4652, 4709, 4729, 4734, 4821, 4826, 4856, 4915, 5070, 5100, 5334, 5376, 5689, 5693, 5818, 5842, 5928, 6007, 6082, 6132, 6206]","[1275, 3282, 4476, 4709]","[20, 225, 247, 275, 435, 476, 618, 825, 847, 945, 992, 1001, 1027, 1062, 1134, 1296, 1866, 2147, 2404, 2559, 2657, 3167, 3253, 3343, 3391, 3650, 3667, 3672, 3674, 3753, 3770, 3806, 3850, 3977, 3999, 4019, 4027, 4031, 4043, 4047, 4051, 4061, 4065, 4199, 4388, 4424, 4504, 4506, 4594, 4652, 4729, 4734, 4821, 4826, 4856, 4915, 5070, 5100, 5334, 5376, 5689, 5693, 5818, 5842, 5928, 6007, 6082, 6132, 6206]","[1275, 3282, 4476, 4709]",6250,73,6177,4,69,6177,0
2.0,RATLHB,"[81, 215, 217, 503, 591, 621, 763, 784, 793, 817, 825, 837, 934, 959, 1028, 1098, 1230, 1247, 1293, 1359, 1390, 1455, 1510, 1600]","[817, 1230]","[81, 215, 217, 503, 591, 621, 763, 784, 793, 825, 837, 934, 959, 1028, 1098, 1247, 1293, 1359, 1390, 1455, 1510, 1600]","[817, 1230]",1791,24,1767,2,22,1767,0
2.0,RATLITHOST,"[80, 109, 171, 397, 612, 992, 1136, 1205, 1250, 1283, 1317, 1348, 1357, 1482, 1946, 2013, 2464, 2496, 2500, 2847, 2945, 3117, 3142, 3247, 3260, 3471, 3475, 3479, 3489, 3855, 3902, 3906, 3942, 4022, 4150, 4229, 4251, 4341, 4373, 4424, 4455, 4562, 4599, 4652, 4715, 4832, 5058, 5147, 5216, 5317, 5343]","[2847, 3471, 3902, 4652]","[80, 109, 171, 397, 612, 992, 1136, 1205, 1250, 1283, 1317, 1348, 1357, 1482, 1946, 2013, 2464, 2496, 2500, 2945, 3117, 3142, 3247, 3260, 3475, 3479, 3489, 3855, 3906, 3942, 4022, 4150, 4229, 4251, 4341, 4373, 4424, 4455, 4562, 4599, 4715, 4832, 5058, 5147, 5216, 5317, 5343]","[2847, 3471, 3902, 4652]",5400,51,5349,4,47,5349,0
2.0,RATLYSOZYM,"[38, 60, 316, 342, 960, 1322, 1495, 1561, 1622, 1675, 1736, 1788, 1941, 2210, 2216, 2220, 2550, 2574, 2582, 2752, 2765, 3030, 3092, 3255, 3515, 3588, 3639, 3750, 3999, 4018, 4049, 4059, 4136, 4186, 4328, 4355, 4367, 4434, 4446, 4450, 4497, 4558, 4588, 4643, 4784, 4907, 5131, 5145, 5174, 5339, 5370, 5443, 5551, 5572, 5576, 5691, 5742, 5760, 5851, 6164, 6174, 6270, 6404, 6474, 6518, 6523, 6539]","[1561, 3255, 5174]","[38, 60, 316, 342, 960, 1322, 1495, 1622, 1675, 1736, 1788, 1941, 2210, 2216, 2220, 2550, 2574, 2582, 2752, 2765, 3030, 3092, 3515, 3588, 3639, 3750, 3999, 4018, 4049, 4059, 4136, 4186, 4328, 4355, 4367, 4434, 4446, 4450, 4497, 4558, 4588, 4643, 4784, 4907, 5131, 5145, 5339, 5370, 5443, 5551, 5572, 5576, 5691, 5742, 5760, 5851, 6164, 6174, 6270, 6404, 6474, 6518, 6523, 6539]","[1561, 3255, 5174]",6733,67,6666,3,64,6666,0
2.0,RATLYSZYM,"[6, 113, 306, 319, 323, 508, 574, 635, 688, 749, 801, 1007, 1044, 1082, 1099, 1108, 1310, 1346, 1392, 1488, 1667, 1671, 1681, 1825, 2073, 2090, 2101, 2558, 2606, 2660, 2676, 2912, 2937, 3006, 3256, 3260, 3451, 3484, 3505, 3830, 3840, 3924, 4086, 4131, 4290, 4551, 4624, 4675, 4787, 5036, 5055, 5074, 5105, 5115, 5192, 5242, 5384, 5411, 5423, 5490, 5502, 5506, 5553, 5614, 5644, 5699, 5840, 5963, 6187, 6201, 6230, 6395, 6426, 6499, 6607, 6628, 6632, 6746, 6797, 6815, 6906, 7219, 7229, 7325, 7461, 7531, 7575, 7580, 7596, 7905, 7917]","[574, 4290, 6230]","[6, 113, 306, 319, 323, 508, 635, 688, 749, 801, 1007, 1044, 1082, 1099, 1108, 1310, 1346, 1392, 1488, 1667, 1671, 1681, 1825, 2073, 2090, 2101, 2558, 2606, 2660, 2676, 2912, 2937, 3006, 3256, 3260, 3451, 3484, 3505, 3830, 3840, 3924, 4086, 4131, 4551, 4624, 4675, 4787, 5036, 5055, 5074, 5105, 5115, 5192, 5242, 5384, 5411, 5423, 5490, 5502, 5506, 5553, 5614, 5644, 5699, 5840, 5963, 6187, 6201, 6395, 6426, 6499, 6607, 6628, 6632, 6746, 6797, 6815, 6906, 7219, 7229, 7325, 7461, 7531, 7575, 7580, 7596, 7905, 7917]","[574, 4290, 6230]",7944,91,7853,3,88,7853,0
2.0,RATOSCAL,"[54, 261, 319, 641, 846, 852, 876, 1072, 1108, 1192, 1340, 1373, 1540, 1545, 1548, 1586, 1633, 1719, 1828, 1832, 2008, 2054, 2085]","[1192, 1373, 1586]","[54, 261, 319, 641, 846, 852, 876, 1072, 1108, 1340, 1540, 1545, 1548, 1633, 1719, 1828, 1832, 2008, 2054, 2085]","[1192, 1373, 1586]",2120,23,2097,3,20,2097,0
2.0,RATPAP,"[389, 419, 624, 628, 633, 662, 863, 921, 1015, 1048, 1076, 1308, 1342, 1456, 1641, 1648, 1737, 1795, 1806, 1810, 1960, 2295, 2427, 2803, 2832, 3023, 3048, 3090, 3103, 3197, 3305, 3432, 3570, 3715, 3863, 3993, 4006, 4105, 4152, 4240, 4245, 4704]","[1308, 1648, 2295, 3305]","[389, 419, 624, 628, 633, 662, 863, 921, 1015, 1048, 1076, 1342, 1456, 1641, 1737, 1795, 1806, 1810, 1960, 2427, 2803, 2832, 3023, 3048, 3090, 3103, 3197, 3432, 3570, 3715, 3863, 3993, 4006, 4105, 4152, 4240, 4245, 4704]","[1308, 1648, 2295, 2604, 3305]",4864,42,4822,4,38,4821,1
2.0,RATPAPIIB,"[27, 115, 333, 462, 474, 557, 572, 620, 660, 912, 1110, 1129, 1386, 1412, 1597, 1785, 1873, 1916, 1920, 2043, 2291, 2298, 2332, 2383, 2486, 2532, 2542, 2550, 2693, 2701, 2705, 2745, 2751, 3021, 3140, 3154, 3189, 3231, 3236, 3387, 3413, 3473, 3577, 3587, 3813, 3817, 3834, 3930, 3999, 4025, 4077, 4107, 4206, 4297, 4327, 4356, 4567]","[2298, 3140, 3473, 4107]","[27, 115, 333, 462, 474, 557, 572, 620, 660, 912, 1110, 1129, 1386, 1412, 1597, 1785, 1873, 1916, 1920, 2043, 2291, 2332, 2383, 2486, 2532, 2542, 2550, 2693, 2701, 2705, 2745, 2751, 3021, 3154, 3189, 3231, 3236, 3387, 3413, 3577, 3587, 3813, 3817, 3834, 3930, 3999, 4025, 4077, 4206, 4297, 4327, 4356, 4567]","[2298, 3140, 3473, 4107]",4718,57,4661,4,53,4661,0
2.0,RATPPP,"[118, 306, 378, 740, 821, 863, 1084, 1249, 1327, 1406, 1441, 1497, 1501, 1538, 1542, 1586, 1893, 1983, 2002, 2174, 2261, 2271, 2321, 2451, 2521, 2563, 2710, 2718, 2794, 2853, 2877, 2927, 2950, 2986, 2990, 3065, 3157, 3270, 3290, 3393, 3480, 3500, 3566, 3728, 3732, 3737, 3741, 3765, 3893, 3991, 4018, 4133, 4145, 4149, 4318, 4400, 4464, 4498, 4519]",[2261],"[118, 306, 378, 740, 821, 863, 1084, 1249, 1327, 1406, 1441, 1497, 1501, 1538, 1542, 1586, 1893, 1983, 2002, 2174, 2271, 2321, 2451, 2521, 2563, 2710, 2718, 2794, 2853, 2877, 2927, 2950, 2986, 2990, 3065, 3157, 3270, 3290, 3393, 3480, 3500, 3566, 3728, 3732, 3737, 3741, 3765, 3893, 3991, 4018, 4133, 4145, 4149, 4318, 4400, 4464, 4498, 4519]",[2261],4535,59,4476,1,58,4476,0
2.0,RATPTBZR02,"[118, 188, 224, 326, 340, 380, 388, 412, 537, 559, 610, 644, 669, 673, 677, 727, 871, 892, 898, 909, 992, 1028, 1139, 1148, 1163, 1199, 1206, 1222, 1306, 1310, 1319, 1323, 1434, 1535, 1828, 1877, 1927, 2004, 2046, 2066, 2070, 2123, 2145, 2159, 2162, 2200, 2209, 2251, 2295, 2371, 2375, 2598, 2719, 2988, 3063, 3082, 3110, 3232, 3236, 3245]","[1306, 2066]","[118, 188, 224, 326, 340, 380, 388, 412, 537, 559, 610, 644, 669, 673, 677, 727, 871, 892, 898, 909, 992, 1028, 1139, 1148, 1163, 1199, 1206, 1222, 1310, 1319, 1323, 1434, 1535, 1828, 1877, 1927, 2004, 2046, 2070, 2123, 2145, 2159, 2162, 2200, 2209, 2251, 2295, 2371, 2375, 2598, 2719, 2988, 3063, 3082, 3110, 3232, 3236, 3245]","[1306, 2066]",3427,60,3367,2,58,3367,0
2.0,RATRGPI,"[34, 261, 477, 857, 1001, 1070, 1115, 1148, 1182, 1213, 1222, 1347, 1812, 1879, 2329, 2361, 2365, 2712, 2811, 2984, 3010, 3115, 3128, 3339, 3343, 3347, 3357, 3723, 3770, 3774, 3810, 3890, 4018, 4097, 4119, 4209, 4242, 4293, 4324, 4431, 4468, 4521, 4584, 4696, 4926, 5015, 5084, 5185, 5211]","[2712, 3339, 3770, 4521]","[34, 261, 477, 857, 1001, 1070, 1115, 1148, 1182, 1213, 1222, 1347, 1812, 1879, 2329, 2361, 2365, 2811, 2984, 3010, 3115, 3128, 3343, 3347, 3357, 3723, 3774, 3810, 3890, 4018, 4097, 4119, 4209, 4242, 4293, 4324, 4431, 4468, 4584, 4696, 4926, 5015, 5084, 5185, 5211]","[2712, 3339, 3770, 4521]",5238,49,5189,4,45,5189,0
2.0,RATRPIII,"[221, 419, 438, 695, 721, 906, 1094, 1183, 1226, 1230, 1320, 1353, 1601, 1608, 1642, 1693, 1796, 1839, 1843, 1853, 1861, 2009, 2017, 2021, 2061, 2067, 2337, 2456, 2470, 2505, 2547, 2552, 2704, 2730, 2790, 2894, 2905, 3131, 3135, 3152, 3156, 3249, 3318, 3344, 3396, 3426, 3526, 3617, 3648, 3677, 3888, 4044, 4132]","[1608, 2456, 2790, 3426]","[221, 419, 438, 695, 721, 906, 1094, 1183, 1226, 1230, 1320, 1353, 1601, 1642, 1693, 1796, 1839, 1843, 1853, 1861, 2009, 2017, 2021, 2061, 2067, 2337, 2470, 2505, 2547, 2552, 2704, 2730, 2894, 2905, 3131, 3135, 3152, 3156, 3249, 3318, 3344, 3396, 3526, 3617, 3648, 3677, 3888, 4044, 4132]","[1608, 2456, 2790, 3426]",4134,53,4081,4,49,4081,0
2.0,RATSVSIV1,"[42, 67, 72, 244, 248, 300, 380, 418, 659, 721, 768, 814, 892, 902, 939]",[244],"[42, 67, 72, 248, 300, 380, 418, 659, 721, 768, 814, 892, 902, 939]",[244],974,15,959,1,14,959,0
2.0,RATTSHB,"[114, 260, 265, 435, 514, 661, 672, 686, 825, 880, 929, 1198, 1224, 1288, 1301, 1482, 1651, 1661, 1728, 1732, 1758, 1762, 1802, 1904, 1931, 1948, 2142, 2177, 2183, 2290, 2483, 2711, 2766, 2874, 2899, 2921, 3157, 3202, 3373, 3462, 3676, 3710, 3977, 3999, 4046, 4050, 4058, 4093, 4299, 4359, 4375, 4451, 4533, 4636, 4640, 4781, 5009]",[4375],"[114, 260, 265, 435, 514, 661, 672, 686, 825, 880, 929, 1198, 1224, 1288, 1301, 1482, 1651, 1661, 1728, 1732, 1758, 1762, 1802, 1904, 1931, 1948, 2142, 2177, 2183, 2290, 2483, 2711, 2766, 2874, 2899, 2921, 3157, 3202, 3373, 3462, 3676, 3710, 3977, 3999, 4046, 4050, 4058, 4093, 4299, 4359, 4451, 4533, 4636, 4640, 4781, 5009]",[4375],5160,57,5103,1,56,5103,0
2.0,RN0B2GLOB,"[9, 31, 80, 84, 136, 316, 374, 474, 500, 547, 558, 579, 693, 796, 800, 1134, 1450, 1485, 1552, 1702, 1766]",[693],"[9, 31, 80, 84, 136, 316, 374, 474, 500, 547, 558, 579, 796, 800, 1134, 1450, 1485, 1552, 1702, 1766]","[354, 693]",1791,21,1770,1,20,1769,1
2.0,RN2BGLOB,"[205, 264, 394, 432, 436, 483, 571, 618, 629, 650, 764, 982, 1217, 1533, 1568, 1634, 1710, 1760, 1769]","[432, 764]","[205, 264, 394, 436, 483, 571, 618, 629, 650, 982, 1217, 1533, 1568, 1634, 1710, 1760, 1769]","[432, 764]",1877,19,1858,2,17,1858,0
2.0,RN3B2GLOB,"[84, 122, 126, 142, 180, 267, 314, 325, 346, 460, 679, 760, 835, 867, 1183, 1218, 1284, 1360, 1421]","[122, 460]","[84, 126, 142, 180, 267, 314, 325, 346, 679, 760, 835, 867, 1183, 1218, 1284, 1360, 1421]","[122, 460]",1438,19,1419,2,17,1419,0
2.0,RN3B3GLOB,"[75, 125, 129, 365, 403, 407, 423, 461, 546, 593, 604, 625, 739, 960, 1039, 1146, 1497, 1642, 1680, 1726]","[403, 739]","[75, 125, 129, 365, 407, 423, 461, 546, 593, 604, 625, 960, 1039, 1146, 1497, 1642, 1680, 1726]","[403, 739]",1739,20,1719,2,18,1719,0
2.0,RN3BGLOB,"[250, 288, 292, 308, 346, 433, 480, 491, 512, 626, 840, 996, 1028, 1344, 1379, 1446, 1522]","[288, 626]","[250, 292, 308, 346, 433, 480, 491, 512, 840, 996, 1028, 1344, 1379, 1446, 1522]","[288, 626]",1532,17,1515,2,15,1515,0
2.0,RNAC01,"[95, 127, 131, 309, 374, 417, 497, 509, 513, 528, 561, 582, 638, 734, 758, 788, 844, 953, 998, 1049, 1085, 1168, 1207, 1367, 1455, 1463, 1467, 1473, 1490, 1534, 1694, 1707, 1904, 1910, 1914, 1953, 1971, 1992, 2190, 2220, 2419, 2528, 2597, 2631, 2685, 2751, 2797, 2867, 2898, 2903, 3089, 3335, 3556, 3650, 3697, 3733, 3767, 3832, 3850, 3868, 3889, 3984, 4000]","[1367, 1694, 2597, 2867]","[95, 127, 131, 309, 374, 417, 497, 509, 513, 528, 561, 582, 638, 734, 758, 788, 844, 953, 998, 1049, 1085, 1168, 1207, 1455, 1463, 1467, 1473, 1490, 1534, 1707, 1904, 1910, 1914, 1953, 1971, 1992, 2190, 2220, 2419, 2528, 2631, 2685, 2751, 2797, 2898, 2903, 3089, 3335, 3556, 3650, 3697, 3733, 3767, 3832, 3850, 3868, 3889, 3984, 4000]","[1367, 1694, 2597, 2867]",4085,63,4022,4,59,4022,0
2.0,RNAC02,"[33, 141, 200, 251, 262, 271, 388, 480, 524, 636, 817, 907, 1135, 1152, 1293, 1347, 1351, 1368, 1471, 1475, 1481, 1498, 1526, 1542, 1734, 1753, 1787, 1820, 2138, 2165, 2180, 2243, 2429, 2487, 2508, 2561, 2610, 2637, 2673, 2681, 2743, 2759, 2917, 2978]","[1368, 1787, 2138, 2429, 2743]","[33, 141, 200, 251, 262, 271, 388, 480, 524, 636, 817, 907, 1135, 1152, 1293, 1347, 1351, 1471, 1475, 1481, 1498, 1526, 1542, 1734, 1753, 1820, 2165, 2180, 2243, 2487, 2508, 2561, 2610, 2637, 2673, 2681, 2759, 2917, 2978]","[1368, 1787, 2138, 2429, 2743]",3193,44,3149,5,39,3149,0
2.0,RNANTANT,"[62, 88, 236, 476, 681, 787, 791, 936, 1017, 1295, 1339, 1344, 1358, 1393, 1456, 1524, 1678, 1706, 1808, 2578, 2839, 2882, 2896, 2904, 2969, 3008, 3023, 3097, 3119, 3137, 3263, 3301, 3420, 3449, 3574, 3609, 3646, 3658, 3777, 3850, 3883, 3993, 4075, 4083, 4117, 4213, 4324, 4532, 4565, 4710, 4724, 4757]","[1524, 3263, 3883]","[62, 88, 236, 476, 681, 787, 791, 936, 1017, 1295, 1339, 1344, 1358, 1393, 1456, 1678, 1706, 1808, 2578, 2839, 2882, 2896, 2904, 2969, 3008, 3023, 3097, 3119, 3137, 3301, 3420, 3449, 3574, 3609, 3646, 3658, 3777, 3850, 3993, 4075, 4083, 4117, 4213, 4324, 4532, 4565, 4710, 4724, 4757]","[1524, 3263, 3883]",5118,52,5066,3,49,5066,0
2.0,RNAPOEG,"[295, 398, 459, 499, 506, 615, 620, 639, 684, 688, 716, 768, 872, 948, 960, 1050, 1077, 1152, 1261, 1293, 1327, 1440, 1446, 1538, 1571, 1604, 1669, 1746, 1812, 1890, 1955, 2056, 2069, 2356, 2383, 2461, 2523, 2536, 2690, 2692, 2705, 2830, 2863, 2867, 2884, 3123, 3203]","[1293, 1955]","[295, 398, 459, 499, 506, 615, 620, 639, 684, 688, 716, 768, 872, 948, 960, 1050, 1077, 1152, 1261, 1327, 1440, 1446, 1538, 1571, 1604, 1669, 1746, 1812, 1890, 2056, 2069, 2356, 2383, 2461, 2523, 2536, 2690, 2692, 2705, 2830, 2863, 2867, 2884, 3123, 3203]","[1293, 1955]",3230,47,3183,2,45,3183,0
2.0,RNCALBD9,"[19, 24, 115, 161, 373, 469, 507, 553, 596, 600, 984, 1041, 1293, 1330, 1399, 1471, 1532, 1550, 1615, 1621, 1729, 1739, 1779, 1781, 1793, 1797, 1831, 1897, 1918, 1976, 2187, 2195, 2285, 2291, 2499, 2563, 2736, 2779, 2931, 3177, 3192, 3254, 3401, 3508, 3841, 4062, 4196, 4233, 4310, 4412, 4587, 4711, 4766, 4869]",[2736],"[19, 24, 115, 161, 373, 469, 507, 553, 596, 600, 984, 1041, 1293, 1330, 1399, 1471, 1532, 1550, 1615, 1621, 1729, 1739, 1779, 1781, 1793, 1797, 1831, 1897, 1918, 1976, 2187, 2195, 2285, 2291, 2499, 2563, 2779, 2931, 3177, 3192, 3254, 3401, 3508, 3841, 4062, 4196, 4233, 4310, 4412, 4587, 4711, 4766, 4869]",[2736],4884,54,4830,1,53,4830,0
2.0,RNGAMT,"[110, 486, 497, 618, 799, 866, 919, 1028, 1182, 1424, 1478, 1503, 1531, 1552, 1564, 1975, 2173, 2453, 2543, 2653, 2660, 2752, 2756, 2926, 3012, 3045, 3141, 3159, 3205, 3319, 3361, 3462, 3573, 3628, 3760, 3797, 3802, 3811, 3923, 4003, 4022, 4149, 4357, 4390, 4441, 4453, 4635, 4704, 4715, 4824, 4870, 4876]","[2173, 3141, 3319, 3760, 4003]","[110, 486, 497, 618, 799, 866, 919, 1028, 1182, 1424, 1478, 1503, 1531, 1552, 1564, 1975, 2453, 2543, 2653, 2660, 2752, 2756, 2926, 3012, 3045, 3159, 3205, 3361, 3462, 3573, 3628, 3797, 3802, 3811, 3923, 4022, 4149, 4357, 4390, 4441, 4453, 4635, 4704, 4715, 4824, 4870, 4876]","[2173, 3141, 3319, 3760, 4003]",4957,52,4905,5,47,4905,0
2.0,RNGMTG,"[12, 92, 203, 250, 414, 440, 620, 727, 741, 778, 806, 971, 1011, 1016, 1226, 1267, 1406, 1434, 1438, 1495, 1538, 1561, 1597, 1656, 1682, 1818, 1874, 2031, 2067, 2117, 2433, 2443, 2528, 2987, 3244, 3249, 3328, 3357, 3403, 3415, 3428, 3481, 3555, 3918, 4048, 4063, 4120, 4158, 4254, 4401, 4425, 4432, 4463, 4487, 4493, 4548, 4624, 4644, 4776, 4851, 5067, 5094, 5101, 5122, 5252, 5306, 5347, 5368]","[1682, 3249, 3918, 4254, 4463]","[12, 92, 203, 250, 414, 440, 620, 727, 741, 778, 806, 971, 1011, 1016, 1226, 1267, 1406, 1434, 1438, 1495, 1538, 1561, 1597, 1656, 1818, 1874, 2031, 2067, 2117, 2433, 2443, 2528, 2987, 3244, 3328, 3357, 3403, 3415, 3428, 3481, 3555, 4048, 4063, 4120, 4158, 4401, 4425, 4432, 4487, 4493, 4548, 4624, 4644, 4776, 4851, 5067, 5094, 5101, 5122, 5252, 5306, 5347, 5368]","[1682, 3249, 3918, 4254, 4463]",5392,68,5324,5,63,5324,0
2.0,RNGROW3,"[89, 216, 230, 299, 365, 471, 495, 543, 817, 1070, 1096, 1265, 1384, 1652, 1656, 1751, 1908, 1973, 2066]","[471, 817, 1652, 1973]","[89, 216, 230, 299, 365, 495, 543, 1070, 1096, 1265, 1384, 1656, 1751, 1908, 2066]","[471, 817, 1652, 1973]",2550,19,2531,4,15,2531,0
2.0,RNHSC73,"[93, 233, 402, 498, 522, 533, 538, 546, 570, 794, 810, 829, 954, 965, 975, 1090, 1114, 1139, 1244, 1280, 1470, 1528, 1532, 1584, 1713, 1727, 1779, 1922, 1982, 2007, 2062, 2102, 2258, 2297, 2506, 2612, 2618, 2664, 3034, 3130, 3251, 3259, 3331, 3448, 3452, 3456, 3542, 3766, 3795, 3871, 3935, 3942, 4070, 4221]","[1244, 1713, 1982, 2618, 3034, 3448, 3766]","[93, 233, 402, 498, 522, 533, 538, 546, 570, 794, 810, 829, 954, 965, 975, 1090, 1114, 1139, 1280, 1470, 1528, 1532, 1584, 1727, 1779, 1922, 2007, 2062, 2102, 2258, 2297, 2506, 2612, 2664, 3130, 3251, 3259, 3331, 3452, 3456, 3542, 3795, 3871, 3935, 3942, 4070, 4221]","[1244, 1713, 1982, 2618, 3034, 3448, 3766]",4313,54,4259,7,47,4259,0
2.0,RNLALB01,"[39, 285, 293, 347, 351, 420, 816, 821, 877, 891, 971, 1081, 1101, 1237, 1242, 1264, 1354, 1359, 1414, 1825, 1914, 1991, 2014, 2021, 2096, 2131, 2160, 2273, 2375, 2419, 2645, 2744, 2809, 2897, 2974, 3122, 3263, 3297, 3301, 3337, 3482, 3800]","[1414, 1914, 2419]","[39, 285, 293, 347, 351, 420, 816, 821, 877, 891, 971, 1081, 1101, 1237, 1242, 1264, 1354, 1359, 1825, 1991, 2014, 2021, 2096, 2131, 2160, 2273, 2375, 2645, 2744, 2809, 2897, 2974, 3122, 3263, 3297, 3301, 3337, 3482, 3800]","[1414, 1914, 2419]",3814,42,3772,3,39,3772,0
2.0,RNLPKG,"[33, 102, 326, 617, 622, 624, 664, 711, 760, 1022, 1137, 1599, 1686, 1729, 1771, 1911, 1934, 2034, 2062, 2169, 2183, 2333, 2376, 2640, 2691, 2832, 2847, 2926, 3195, 3219, 3300, 3374, 3407, 3460, 3592, 3634, 3729, 3787, 3949, 4000, 4052, 4069, 4076, 4080, 4253, 4309, 4321, 4376, 4429, 4493, 4655, 4959, 5073, 5184, 5601, 5605, 5806, 5836, 6009, 6284, 6433, 6457, 6463, 6494, 6510, 6592, 6605, 6805, 6809, 6935, 6957, 6978, 7001, 7052, 7184, 7192, 7302, 7321, 7349, 7453, 7481, 7510, 7582, 7598, 7800, 7818, 7822, 8078, 8213, 8286, 8356, 8374, 8412, 8465, 8510, 8548, 8608, 8789, 8812, 8846, 8860, 8899, 9010, 9016, 9096, 9121, 9142, 9210, 9414, 9480, 9723, 9775, 9838, 9857, 9919, 9996, 10092, 10186, 10190, 10198, 10207, 10214, 10252, 10493, 10546, 10711, 10935, 11035, 11128, 11309, 11491, 11520, 11648, 11707, 11734, 11816, 11834, 11993, 12036, 12153, 12163, 12180, 12257, 12384, 12649, 12724, 12937]","[3219, 3949, 6009, 6284, 6605, 7192, 7453, 7818, 8078, 9480]","[33, 102, 326, 617, 622, 624, 664, 711, 760, 1022, 1137, 1599, 1686, 1729, 1771, 1911, 1934, 2034, 2062, 2169, 2183, 2333, 2376, 2640, 2691, 2832, 2847, 2926, 3195, 3300, 3374, 3407, 3460, 3592, 3634, 3729, 3787, 4000, 4052, 4069, 4076, 4080, 4253, 4309, 4321, 4376, 4429, 4493, 4655, 4959, 5073, 5184, 5601, 5605, 5806, 5836, 6433, 6457, 6463, 6494, 6510, 6592, 6805, 6809, 6935, 6957, 6978, 7001, 7052, 7184, 7302, 7321, 7349, 7481, 7510, 7582, 7598, 7800, 7822, 8213, 8286, 8356, 8374, 8412, 8465, 8510, 8548, 8608, 8789, 8812, 8846, 8860, 8899, 9010, 9016, 9096, 9121, 9142, 9210, 9414, 9723, 9775, 9838, 9857, 9919, 9996, 10092, 10186, 10190, 10198, 10207, 10214, 10252, 10493, 10546, 10711, 10935, 11035, 11128, 11309, 11491, 11520, 11648, 11707, 11734, 11816, 11834, 11993, 12036, 12153, 12163, 12180, 12257, 12384, 12649, 12724, 12937]","[3219, 3949, 6009, 6284, 6605, 7192, 7453, 7818, 8078, 9480]",13004,147,12857,10,137,12857,0
2.0,RNODC,"[115, 126, 161, 187, 467, 497, 570, 800, 872, 877, 883, 1097, 1218, 1279, 1339, 1344, 1430, 1554, 1568, 2245, 2435, 2454, 2544, 2655, 2666, 2850, 2887, 3157, 3174, 3262, 3305, 3525, 3529, 3618, 3630, 3696, 3803, 3870, 3918, 4024, 4073, 4095, 4182, 4259, 4382, 4444, 4517, 4623, 4630, 4698, 4953, 4982, 5321, 5325, 5347, 5522, 5631, 5650, 5659, 5686, 5695, 5750, 5764, 5804, 5825, 5851, 5974, 5978, 5997, 6128, 6178, 6182, 6271, 6291, 6350, 6412, 6582, 6636, 6679, 6692, 6697, 7019, 7025, 7045, 7313, 7326, 7425, 7586, 7755, 7759]","[3525, 3918, 4182, 4517, 4698, 4953, 5631, 5825, 6291]","[115, 126, 161, 187, 467, 497, 570, 800, 872, 877, 883, 1097, 1218, 1279, 1339, 1344, 1430, 1554, 1568, 2245, 2435, 2454, 2544, 2655, 2666, 2850, 2887, 3157, 3174, 3262, 3305, 3529, 3618, 3630, 3696, 3803, 3870, 4024, 4073, 4095, 4259, 4382, 4444, 4623, 4630, 4982, 5321, 5325, 5347, 5522, 5650, 5659, 5686, 5695, 5750, 5764, 5804, 5851, 5974, 5978, 5997, 6128, 6178, 6182, 6271, 6350, 6412, 6582, 6636, 6679, 6692, 6697, 7019, 7025, 7045, 7313, 7326, 7425, 7586, 7755, 7759]","[3525, 3918, 4182, 4517, 4698, 4953, 5631, 5825, 6291]",7769,90,7679,9,81,7679,0
2.0,RNP9KA,"[22, 30, 157, 172, 207, 232, 248, 262, 324, 332, 338, 372, 400, 483, 632, 690, 723, 727, 736, 823, 875, 879, 905, 910, 937, 941, 1029, 1031, 1156, 1227, 1257, 1468, 1566, 1612, 1760, 1870, 2063, 2118, 2216, 2220, 2224, 2228, 2300, 2311]",[1227],"[22, 30, 157, 172, 207, 232, 248, 262, 324, 332, 338, 372, 400, 483, 632, 690, 723, 727, 736, 823, 875, 879, 905, 910, 937, 941, 1029, 1031, 1156, 1257, 1468, 1566, 1612, 1760, 1870, 2063, 2118, 2216, 2220, 2224, 2228, 2300, 2311]",[1227],2333,44,2289,1,43,2289,0
2.0,RNPBPG,"[21, 125, 231, 235, 501, 956, 980, 1117, 1155, 1180, 1206, 1808, 2100, 2385, 2592, 2638, 2773, 2890, 2916, 2950, 2999, 3049, 3056, 3190, 3297, 3363, 3553, 3661, 3756, 3775, 3786, 3855, 3978, 4009, 4056, 4073, 4446, 4558, 4580, 4772, 4815, 5013, 5117, 5155, 5404, 5428, 5498]","[1117, 2950]","[21, 125, 231, 235, 501, 956, 980, 1155, 1180, 1206, 1808, 2100, 2385, 2592, 2638, 2773, 2890, 2916, 2999, 3049, 3056, 3190, 3297, 3363, 3553, 3661, 3756, 3775, 3786, 3855, 3978, 4009, 4056, 4073, 4446, 4558, 4580, 4772, 4815, 5013, 5117, 5155, 5404, 5428, 5498]","[1117, 2950]",6022,47,5975,2,45,5975,0
2.0,RNPGMUT,"[6, 17, 32, 63, 167, 174, 231, 277, 370, 386, 460, 466, 483, 886, 945, 1216, 1273, 1352, 1356, 1412, 1425, 1515, 1596, 1605, 1618, 1623, 1637, 1734, 1872, 1874, 1912, 1934, 2032, 2242, 2248, 2252, 2287, 2291, 2301, 2334]","[1596, 1872]","[6, 17, 32, 63, 167, 174, 231, 277, 370, 386, 460, 466, 483, 886, 945, 1216, 1273, 1352, 1356, 1412, 1425, 1515, 1605, 1618, 1623, 1637, 1734, 1874, 1912, 1934, 2032, 2242, 2248, 2252, 2287, 2291, 2301, 2334]","[1596, 1872]",2421,40,2381,2,38,2381,0
2.0,RNPROST22,"[45, 237, 438, 444, 494, 499, 528, 538, 721, 733, 876, 1262, 1334, 1412, 1492, 1787, 1870, 2011, 2025, 2200, 2321, 2356, 2551, 2556, 2618, 2702, 2746, 3060, 3110, 3121, 3159, 3246, 3324, 3421, 3484, 3502, 3558, 3647, 3658, 3728, 3835, 3841, 3916, 4048, 4236, 4241, 4279, 4351, 4379, 4526, 4601, 4727, 4820, 4960, 5161, 5185, 5333, 5361, 5680, 5765, 5952, 6009, 6029, 6129, 6366, 6520, 6680, 6790, 6890, 6930, 6974, 7004, 7034, 7069, 7412]","[876, 3647, 4526]","[45, 237, 438, 444, 494, 499, 528, 538, 721, 733, 1262, 1334, 1412, 1492, 1787, 1870, 2011, 2025, 2200, 2321, 2356, 2551, 2556, 2618, 2702, 2746, 3060, 3110, 3121, 3159, 3246, 3324, 3421, 3484, 3502, 3558, 3658, 3728, 3835, 3841, 3916, 4048, 4236, 4241, 4279, 4351, 4379, 4601, 4727, 4820, 4960, 5161, 5185, 5333, 5361, 5680, 5765, 5952, 6009, 6029, 6129, 6366, 6520, 6680, 6790, 6890, 6930, 6974, 7004, 7034, 7069, 7412]","[876, 3647, 4526]",7668,75,7593,3,72,7593,0
2.0,RNREVSV2A,"[12, 67, 71, 121, 210, 290, 741, 754, 762, 848, 935, 940, 1102, 1201, 1216, 1269, 1278, 1304, 1308, 1310, 1332, 1341]","[67, 1304]","[12, 71, 121, 210, 290, 741, 754, 762, 848, 935, 940, 1102, 1201, 1216, 1269, 1278, 1308, 1310, 1332, 1341]","[67, 1304]",1731,22,1709,2,20,1709,0
2.0,RNSDHG,"[116, 160, 177, 199, 203, 285, 290, 299, 313, 379, 405, 435, 568, 656, 743, 836, 881, 1007, 1028, 1089, 1171, 1211, 1224, 1286, 1376, 1420, 1536, 1775, 1777, 1800, 1993, 2024, 2205, 2256, 2305, 2523, 2533, 2697, 2981, 3035, 3170, 3480, 3554, 3975, 4046, 4077, 4179, 4189, 4413, 4511, 4527, 4640, 4705, 4747, 4754, 4761, 4994, 5025, 5079, 5291, 5343, 5565, 5590, 5691, 5733, 5866, 6043, 6052, 6095, 6213, 6253, 6406, 6412, 6479, 6512, 6567, 6571, 6576, 6584, 6592, 6634, 6641, 6689, 6829, 6836, 6849, 6877, 6984, 7017, 7081, 7112, 7402, 7600, 7711, 7736, 7962, 8014, 8177, 8307, 8314, 8355, 8361, 8383, 8563, 8667, 8671, 8750, 8757, 8888, 9160, 9165, 9353, 9362, 9541]","[4640, 5691, 6052, 6253, 6984, 8671]","[116, 160, 177, 199, 203, 285, 290, 299, 313, 379, 405, 435, 568, 656, 743, 836, 881, 1007, 1028, 1089, 1171, 1211, 1224, 1286, 1376, 1420, 1536, 1775, 1777, 1800, 1993, 2024, 2205, 2256, 2305, 2523, 2533, 2697, 2981, 3035, 3170, 3480, 3554, 3975, 4046, 4077, 4179, 4189, 4413, 4511, 4527, 4705, 4747, 4754, 4761, 4994, 5025, 5079, 5291, 5343, 5565, 5590, 5733, 5866, 6043, 6095, 6213, 6406, 6412, 6479, 6512, 6567, 6571, 6576, 6584, 6592, 6634, 6641, 6689, 6829, 6836, 6849, 6877, 7017, 7081, 7112, 7402, 7600, 7711, 7736, 7962, 8014, 8177, 8307, 8314, 8355, 8361, 8383, 8563, 8667, 8750, 8757, 8888, 9160, 9165, 9353, 9362, 9541]","[4640, 5691, 6052, 6253, 6984, 8671]",9571,114,9457,6,108,9457,0
2.0,RNSVFG,"[213, 349, 454, 469, 500, 636, 670, 709, 1018, 1077, 1182, 1250, 1267, 1326, 1347, 1774, 1919, 2079]",[500],"[213, 349, 454, 469, 636, 670, 709, 1018, 1077, 1182, 1250, 1267, 1326, 1347, 1774, 1919, 2079]",[500],1844,18,1826,1,17,1826,0
2.0,RNTHYCSG,"[68, 81, 160, 318, 322, 326, 355, 679, 761, 785, 1071, 1105, 1173, 1229, 1237, 1242, 1366, 1450, 1454, 1621, 1866, 1878, 1906, 1983, 2005, 2015, 2196, 2203, 2271, 2763]","[68, 1071]","[81, 160, 318, 322, 326, 355, 679, 761, 785, 1105, 1173, 1229, 1237, 1242, 1366, 1450, 1454, 1621, 1866, 1878, 1906, 1983, 2005, 2015, 2196, 2203, 2271, 2763]","[68, 1071]",2856,30,2826,2,28,2826,0
2.0,RNU03551,"[46, 64, 219, 578, 584, 602, 620, 661, 715, 766, 799, 832, 842, 1407, 1471, 1513, 1545, 1617, 1622, 1634, 1788, 1913, 1969, 2006, 2013, 2115, 2183, 2240, 2263, 2397, 2418, 2422, 2461, 2511, 2552, 2839, 3083, 3169, 3176, 3217, 3226, 3360, 3498, 3526]","[832, 2418, 3083]","[46, 64, 219, 578, 584, 602, 620, 661, 715, 766, 799, 842, 1407, 1471, 1513, 1545, 1617, 1622, 1634, 1788, 1913, 1969, 2006, 2013, 2115, 2183, 2240, 2263, 2397, 2422, 2461, 2511, 2552, 2839, 3169, 3176, 3217, 3226, 3360, 3498, 3526]","[832, 2418, 3083]",3591,44,3547,3,41,3547,0
2.0,RNU09193,"[196, 276, 402, 438, 469, 503, 771, 863, 1048, 1052, 1141, 1276, 1336, 1457, 1727, 1731, 1772, 2077, 2084, 2133, 2163, 2255, 2295, 2449, 2630, 2749, 2759, 2763, 2788, 2794, 3037, 3084, 3232, 3296, 3302, 3326, 3402, 3505, 3584, 3600, 3612, 3682, 3708, 3787, 3899, 3910, 3976]","[2084, 2749, 3084, 3787]","[196, 276, 402, 438, 469, 503, 771, 863, 1048, 1052, 1141, 1276, 1336, 1457, 1727, 1731, 1772, 2077, 2133, 2163, 2255, 2295, 2449, 2630, 2759, 2763, 2788, 2794, 3037, 3232, 3296, 3302, 3326, 3402, 3505, 3584, 3600, 3612, 3682, 3708, 3899, 3910, 3976]","[2084, 2749, 3084, 3787]",4188,47,4141,4,43,4141,0
2.0,RNU12250,"[252, 293, 297, 325, 424, 464, 473, 641, 826, 888, 1026, 1043, 1094, 1181, 1512, 1531, 1704, 1708, 1769]","[293, 473]","[252, 297, 325, 424, 464, 641, 826, 888, 1026, 1043, 1094, 1181, 1512, 1531, 1704, 1708, 1769]","[293, 473]",1864,19,1845,2,17,1845,0
2.0,RNUCPG,"[18, 112, 255, 380, 458, 536, 582, 798, 848, 952, 1135, 1151, 1396, 1424, 1515, 1519, 1663, 1730, 1766, 1796, 1834, 1881, 1897, 1908, 2015, 2382, 2428, 2614, 2812, 3117, 3201, 3281, 3539, 3558, 3598, 3749, 3801, 3844, 4110, 4187, 4310, 4477, 4642, 4818, 4822, 4896, 4965, 4993, 5001, 5061, 5157, 5189, 5248, 5476, 5480, 5623, 5659, 5677, 5744, 5827, 5923, 6018, 6042, 6066, 6121, 6187, 6192, 6279, 6334, 6417, 6426, 6470, 6507, 6612, 6660, 6711, 6781, 6983, 6999, 7007, 7031, 7245, 7278, 7282, 7298, 7351, 7357, 7395, 7667, 7704, 7819, 7843, 7846, 7852, 7964, 7992, 7996, 8105, 8157, 8180, 8404, 8654, 9153, 9172, 9188, 9288, 9297, 9401, 9441, 9447, 9995, 10198, 10292, 10300, 10419, 10603, 10732, 10759, 10871, 11054, 11061, 11092, 11184, 11442, 11481, 11538, 11722, 11771, 11790, 12170, 12346, 12398, 12485]","[4310, 5157, 7964, 8157, 9401]","[18, 112, 255, 380, 458, 536, 582, 798, 848, 952, 1135, 1151, 1396, 1424, 1515, 1519, 1663, 1730, 1766, 1796, 1834, 1881, 1897, 1908, 2015, 2382, 2428, 2614, 2812, 3117, 3201, 3281, 3539, 3558, 3598, 3749, 3801, 3844, 4110, 4187, 4477, 4642, 4818, 4822, 4896, 4965, 4993, 5001, 5061, 5189, 5248, 5476, 5480, 5623, 5659, 5677, 5744, 5827, 5923, 6018, 6042, 6066, 6121, 6187, 6192, 6279, 6334, 6417, 6426, 6470, 6507, 6612, 6660, 6711, 6781, 6983, 6999, 7007, 7031, 7245, 7278, 7282, 7298, 7351, 7357, 7395, 7667, 7704, 7819, 7843, 7846, 7852, 7992, 7996, 8105, 8180, 8404, 8654, 9153, 9172, 9188, 9288, 9297, 9441, 9447, 9995, 10198, 10292, 10300, 10419, 10603, 10732, 10759, 10871, 11054, 11061, 11092, 11184, 11442, 11481, 11538, 11722, 11771, 11790, 12170, 12346, 12398, 12485]","[4310, 5157, 7964, 8157, 9401]",12497,133,12364,5,128,12364,0
2.0,RNVEGP1,"[305, 313, 400, 506, 571, 926, 1021, 1043, 1156, 1262, 1286, 1524, 1623, 1629, 1635, 1697, 1817, 1834, 1838, 1935, 1973, 1994, 2076, 2108, 2165, 2273, 2628, 2777, 2821, 2839, 2915, 3032, 3403, 3454, 3708, 3809, 3852, 3940, 4033, 4037, 4052, 4126, 4140, 4404, 4452, 4559, 4611, 4710, 4844, 4855, 4962, 4996, 5195, 5315, 5360, 5441, 5630, 5641, 5757, 5770, 5948]","[1262, 1834, 3032, 4037, 4611]","[305, 313, 400, 506, 571, 926, 1021, 1043, 1156, 1286, 1524, 1623, 1629, 1635, 1697, 1817, 1838, 1935, 1973, 1994, 2076, 2108, 2165, 2273, 2628, 2777, 2821, 2839, 2915, 3403, 3454, 3708, 3809, 3852, 3940, 4033, 4052, 4126, 4140, 4404, 4452, 4559, 4710, 4844, 4855, 4962, 4996, 5195, 5315, 5360, 5441, 5630, 5641, 5757, 5770, 5948]","[1262, 1834, 3032, 4037, 4611]",5949,61,5888,5,56,5888,0
2.0,RNVEGP2C,"[84, 205, 256, 385, 430, 493, 536, 630, 1041, 1136, 1159, 1272, 1378, 1402, 1739, 1745, 1751, 1813, 1933, 1950, 1954, 2048, 2086, 2105, 2109, 2182, 2213, 2250, 2270, 2379, 2807, 2875, 2919, 2937, 3013, 3069, 3128, 3514, 3817, 3918, 3961, 4049, 4142, 4146, 4161, 4234, 4305, 4432, 4446, 4671, 4723, 4727, 4822, 4960, 4971, 5078, 5529, 5566, 5613]","[1378, 1950, 3128, 4146, 4723]","[84, 205, 256, 385, 430, 493, 536, 630, 1041, 1136, 1159, 1272, 1402, 1739, 1745, 1751, 1813, 1933, 1954, 2048, 2086, 2105, 2109, 2182, 2213, 2250, 2270, 2379, 2807, 2875, 2919, 2937, 3013, 3069, 3514, 3817, 3918, 3961, 4049, 4142, 4161, 4234, 4305, 4432, 4446, 4671, 4727, 4822, 4960, 4971, 5078, 5529, 5566, 5613]","[1378, 1950, 3128, 4146, 4723]",5745,59,5686,5,54,5686,0
2.0,RRU04320,"[209, 240, 315, 323, 386, 573, 693, 700, 706, 838, 1037, 1077, 1092, 1105, 1126, 1132, 1219, 1235, 1406, 1439, 1538, 1559, 2004, 2008, 2022, 2107, 2118, 2500, 2592, 2606, 2689, 3019, 3080, 3099, 3139, 3219, 3301, 3332, 3343, 3412, 3439, 3524, 3559, 3607, 3616, 3643, 4014, 4181, 4216, 4257, 4275, 4401, 4512, 4695, 4841, 5129, 5232, 5366, 5370, 5456, 5662, 5787, 6072, 6171, 6213, 6313, 6372, 6379, 6549]","[2500, 3643]","[209, 240, 315, 323, 386, 573, 693, 700, 706, 838, 1037, 1077, 1092, 1105, 1126, 1132, 1219, 1235, 1406, 1439, 1538, 1559, 2004, 2008, 2022, 2107, 2118, 2592, 2606, 2689, 3019, 3080, 3099, 3139, 3219, 3301, 3332, 3343, 3412, 3439, 3524, 3559, 3607, 3616, 4014, 4181, 4216, 4257, 4275, 4401, 4512, 4695, 4841, 5129, 5232, 5366, 5370, 5456, 5662, 5787, 6072, 6171, 6213, 6313, 6372, 6379, 6549]","[2500, 3643]",6799,69,6730,2,67,6730,0
2.0,S46763,"[177, 186, 191, 252, 265, 278, 336, 340, 479, 507, 535, 695, 699, 762, 777, 788, 1006, 1146, 1235, 1252, 1300, 1327, 1406, 1436, 1459, 1550, 1632, 1690, 1715, 1787, 1914, 2000, 2056, 2111, 2268, 2343, 2487, 2561, 2584, 2668, 2694, 2722, 2775, 2850, 2928, 2946, 3053, 3209, 3245, 3278, 3563, 3577, 3954, 4052, 4256, 4358, 4381, 4424, 4698, 4716, 4731, 4782, 4801, 4883, 5060, 5064, 5145, 5469, 5473, 5736, 5803, 6085, 6356, 6463, 6595, 6751, 6817, 6880, 6933, 7026, 7078, 7095, 7119, 7260, 7334, 7349, 7418, 7525, 7916, 7953, 7959, 8012, 8037, 8056, 8082, 8278, 8294, 8344, 8491, 8562, 8683, 8936, 9109, 9144, 9241, 9348, 9452]","[1235, 2487, 2775, 4052, 5060, 5469, 6880, 7334, 8012, 8294]","[177, 186, 191, 252, 265, 278, 336, 340, 479, 507, 535, 695, 699, 762, 777, 788, 1006, 1146, 1252, 1300, 1327, 1406, 1436, 1459, 1550, 1632, 1690, 1715, 1787, 1914, 2000, 2056, 2111, 2268, 2343, 2561, 2584, 2668, 2694, 2722, 2850, 2928, 2946, 3053, 3209, 3245, 3278, 3563, 3577, 3954, 4256, 4358, 4381, 4424, 4698, 4716, 4731, 4782, 4801, 4883, 5064, 5145, 5473, 5736, 5803, 6085, 6356, 6463, 6595, 6751, 6817, 6933, 7026, 7078, 7095, 7119, 7260, 7349, 7418, 7525, 7916, 7953, 7959, 8037, 8056, 8082, 8278, 8344, 8491, 8562, 8683, 8936, 9109, 9144, 9241, 9348, 9452]","[1235, 2487, 2775, 4052, 4528, 5060, 5469, 6880, 7334, 8012, 8294]",10036,107,9929,10,97,9928,1
2.0,S49651,"[185, 246, 259, 471, 718, 823, 1117, 1189, 1229, 1652, 1765, 1935, 2378, 2476, 2786, 2918, 2955, 3174, 3255, 3554, 3566, 3571, 3702, 3712, 3856, 3931, 3998, 4132, 4137, 4141, 4212, 4449, 4518, 4577, 4620, 4624, 4968, 4992, 5347]","[1652, 2786, 3255, 4137]","[185, 246, 259, 471, 718, 823, 1117, 1189, 1229, 1765, 1935, 2378, 2476, 2918, 2955, 3174, 3554, 3566, 3571, 3702, 3712, 3856, 3931, 3998, 4132, 4141, 4212, 4449, 4518, 4577, 4620, 4624, 4968, 4992, 5347]","[1652, 2786, 3255, 4137]",5441,39,5402,4,35,5402,0
2.0,S57980,"[44, 236, 437, 443, 493, 498, 527, 537, 720, 732, 875, 1261, 1333, 1411, 1491, 1786, 1869, 2010, 2024, 2198, 2319, 2354, 2549, 2554, 2616, 2700, 2744, 3058, 3108, 3119, 3157, 3244, 3322, 3419, 3482, 3500, 3556, 3645, 3656, 3726, 3833, 3839, 3914, 4046, 4234, 4239, 4277, 4349, 4377, 4524, 4599, 4725, 4818, 4958, 5159, 5183, 5331, 5359, 5678, 5763, 5950, 6007, 6027, 6127, 6364, 6518, 6678, 6788, 6888, 6928, 6972, 7002, 7032, 7067, 7410]","[875, 3645, 4524]","[44, 236, 437, 443, 493, 498, 527, 537, 720, 732, 1261, 1333, 1411, 1491, 1786, 1869, 2010, 2024, 2198, 2319, 2354, 2549, 2554, 2616, 2700, 2744, 3058, 3108, 3119, 3157, 3244, 3322, 3419, 3482, 3500, 3556, 3656, 3726, 3833, 3839, 3914, 4046, 4234, 4239, 4277, 4349, 4377, 4599, 4725, 4818, 4958, 5159, 5183, 5331, 5359, 5678, 5763, 5950, 6007, 6027, 6127, 6364, 6518, 6678, 6788, 6888, 6928, 6972, 7002, 7032, 7067, 7410]","[875, 3645, 4524]",7666,75,7591,3,72,7591,0
2.0,S62287,"[6, 190, 194, 198, 230, 239, 555, 560, 570, 705, 731, 1020, 1266, 1420, 1493, 1673, 1679, 1924, 1965, 1970, 2330, 2470, 2489, 2535, 2619, 2623, 2808, 2812, 3003, 3077, 3108, 3167, 3189, 3201, 3206, 3356, 3398, 3422]",[1266],"[6, 190, 194, 198, 230, 239, 555, 560, 570, 705, 731, 1020, 1420, 1493, 1673, 1679, 1924, 1965, 1970, 2330, 2470, 2489, 2535, 2619, 2623, 2808, 2812, 3003, 3077, 3108, 3167, 3189, 3201, 3206, 3356, 3398, 3422]",[1266],3426,38,3388,1,37,3388,0
2.0,S63697,"[9, 92, 159, 280, 435, 504, 829, 894, 959, 1109, 1240]","[280, 829]","[9, 92, 159, 435, 504, 894, 959, 1109, 1240]","[280, 829]",1332,11,1321,2,9,1321,0
2.0,S66606,"[152, 238, 248, 315, 321, 325, 336, 340, 379, 385, 420, 424, 441, 494, 679, 759, 865, 869, 958, 1076, 1080, 1085, 1397, 1562, 1678, 1846, 1859, 1875, 2249, 2332, 2485, 2506, 2518, 2533, 2537, 2706, 2815, 3054, 3147, 3365, 3613, 3617, 3621, 3625, 3631, 3643, 3656, 3675, 3723, 3899, 3903, 3982, 4067, 4156, 4182, 4200, 4214, 4518, 4530, 4598, 4622, 4706, 5219, 5430, 5586, 5644, 5694, 5780, 5868, 5911, 5936, 5958, 6086, 6095, 6167, 6171, 6181, 6235, 6255, 6296, 6301, 6356]","[2506, 2706, 3899, 4598]","[152, 238, 248, 315, 321, 325, 336, 340, 379, 385, 420, 424, 441, 494, 679, 759, 865, 869, 958, 1076, 1080, 1085, 1397, 1562, 1678, 1846, 1859, 1875, 2249, 2332, 2485, 2518, 2533, 2537, 2815, 3054, 3147, 3365, 3613, 3617, 3621, 3625, 3631, 3643, 3656, 3675, 3723, 3903, 3982, 4067, 4156, 4182, 4200, 4214, 4518, 4530, 4622, 4706, 5219, 5430, 5586, 5644, 5694, 5780, 5868, 5911, 5936, 5958, 6086, 6095, 6167, 6171, 6181, 6235, 6255, 6296, 6301, 6356]","[2506, 2706, 3899, 4598]",6360,82,6278,4,78,6278,0
2.0,S67057,"[49, 83, 98, 154, 318, 322, 361, 803, 840, 953, 989, 1163, 1179, 1205, 1274, 1297, 1408, 1595]",[840],"[49, 83, 98, 154, 318, 322, 361, 803, 953, 989, 1163, 1179, 1205, 1274, 1297, 1408, 1595]",[840],1747,18,1729,1,17,1729,0
2.0,S69277,"[56, 142, 151, 207, 267, 317, 432, 734, 857, 928, 1007, 1216, 1256, 1299, 1591, 1706, 1783, 1967, 1971, 1977, 2058, 2069, 2074, 2082, 2101, 2103, 2118, 2321, 2435, 2538, 2660, 2783, 2810, 2852, 2924, 2951, 2954, 3072, 3098, 3229, 3267, 3316, 3385, 3521, 3723, 3839, 3995, 4103, 4107, 4215, 4348, 4385, 4488, 4556, 4726, 4790, 4852, 5063, 5172, 5329, 5378, 5421, 5493]","[3098, 3316, 3521, 3839, 4103]","[56, 142, 151, 207, 267, 317, 432, 734, 857, 928, 1007, 1216, 1256, 1299, 1591, 1706, 1783, 1967, 1971, 1977, 2058, 2069, 2074, 2082, 2101, 2103, 2118, 2321, 2435, 2538, 2660, 2783, 2810, 2852, 2924, 2951, 2954, 3072, 3229, 3267, 3385, 3723, 3995, 4107, 4215, 4348, 4385, 4488, 4556, 4726, 4790, 4852, 5063, 5172, 5329, 5378, 5421, 5493]","[3098, 3316, 3521, 3839, 4103]",5517,63,5454,5,58,5454,0
2.0,S69278,"[84, 279, 323, 523, 547, 760, 846, 861, 1069, 1184, 1196, 1219, 1402, 1406, 1412, 1484, 1495, 1500, 1505, 1529, 1544, 1561, 1567, 1597, 1697, 2152, 2275, 2302, 2344, 2416, 2443, 2446, 2564, 2590, 2739, 2820, 2826, 2846, 2887, 2895, 3031, 3231, 3347, 3453, 3561, 3565, 3662, 3680, 3832, 4004, 4111, 4174, 4236, 4240, 4349, 4880, 4923, 4995]","[2590, 2826, 3031, 3347, 3561]","[84, 279, 323, 523, 547, 760, 846, 861, 1069, 1184, 1196, 1219, 1402, 1406, 1412, 1484, 1495, 1500, 1505, 1529, 1544, 1561, 1567, 1597, 1697, 2152, 2275, 2302, 2344, 2416, 2443, 2446, 2564, 2739, 2820, 2846, 2887, 2895, 3231, 3453, 3565, 3662, 3680, 3832, 4004, 4111, 4174, 4236, 4240, 4349, 4880, 4923, 4995]","[2590, 2826, 3031, 3347, 3561]",5016,58,4958,5,53,4958,0
2.0,S69350,"[6, 50, 174, 235, 566, 676, 945, 1081, 1179, 1308, 1562, 1592, 1694, 1709, 1745, 1777, 1866, 2039, 2045, 2110, 2112, 2124, 2149]",[235],"[6, 50, 174, 566, 676, 945, 1081, 1179, 1308, 1562, 1592, 1694, 1709, 1745, 1777, 1866, 2039, 2045, 2110, 2112, 2124, 2149]",[235],2153,23,2130,1,22,2130,0
2.0,SAIEGLOBIM,"[21, 55, 221, 237, 271, 346, 453, 474, 541, 588, 604, 766, 983, 1001, 1033, 1066, 1188, 1194, 1299, 1317, 1323, 1329, 1333, 1347, 1397, 1425, 1444, 1448, 1542, 1547, 1553, 1598, 1654]","[237, 588]","[21, 55, 221, 271, 346, 453, 474, 541, 604, 766, 983, 1001, 1033, 1066, 1188, 1194, 1299, 1317, 1323, 1329, 1333, 1347, 1397, 1425, 1444, 1448, 1542, 1547, 1553, 1598, 1654]","[237, 588]",1827,33,1794,2,31,1794,0
2.0,SMIGCU,"[132, 136, 170, 340, 347, 395, 696, 799, 911, 1032, 1233, 1262, 1273, 1331, 1631, 1635, 1779, 1805, 1946, 2014, 2049, 2139, 2173, 2465, 2514, 2612, 2624, 2810]","[799, 1233, 1631]","[132, 136, 170, 340, 347, 395, 696, 911, 1032, 1262, 1273, 1331, 1635, 1779, 1805, 1946, 2014, 2049, 2139, 2173, 2465, 2514, 2612, 2624, 2810]","[799, 1233, 1631]",2834,28,2806,3,25,2806,0
2.0,SMNPRP1A,"[104, 215, 236, 310, 320, 601]",[215],"[104, 236, 310, 320, 601]",[215],624,6,618,1,5,618,0
2.0,SOEEGLOBIN,"[17, 21, 54, 220, 236, 270, 344, 451, 472, 539, 586, 602, 607, 765, 935, 1054, 1060, 1165, 1183, 1189, 1195, 1199, 1213, 1263, 1291, 1310, 1314, 1404, 1415, 1460, 1516]","[236, 586]","[17, 21, 54, 220, 270, 344, 451, 472, 539, 602, 607, 765, 935, 1054, 1060, 1165, 1183, 1189, 1195, 1199, 1213, 1263, 1291, 1310, 1314, 1404, 1415, 1460, 1516]","[236, 586]",1689,31,1658,2,29,1658,0
2.0,SSBAT1G,"[15, 54, 142, 260, 285, 366, 380, 482, 518, 599, 743, 889, 920, 999, 1159, 1316, 1344, 1405, 1446, 1464, 1471, 1662, 1676, 1681, 1843, 1847, 1961, 2021, 2215, 2323, 2350, 2425, 2459, 2489, 2501, 2545, 2582, 2592, 2610, 2616, 2716, 2736, 2814, 2990, 2994, 3142, 3248, 3403, 3618, 3772, 3837, 3980, 4001, 4013, 4324, 4342, 4373, 4399, 4538, 4799, 4803, 4875, 5056, 5258, 5449, 5527, 5550, 5646, 5738, 5771, 5890, 5930, 6021, 6031, 6104, 6290, 6318, 6390, 6456, 6500, 6533, 6678, 6710, 6735, 6786, 6908, 6978, 6999, 7034, 7096, 7101, 7525, 7799, 7947, 7959, 8169, 8238, 8331, 8411, 8485, 8489, 8708, 8713, 8767, 8772, 8803, 8916, 9034, 9037, 9122, 9144, 9165, 9252, 9331, 9388, 9526, 9638, 9674, 9965, 10370, 10466, 10537]","[1316, 2215, 2582, 4538, 5771, 8238, 9144, 9388, 9674]","[15, 54, 142, 260, 285, 366, 380, 482, 518, 599, 743, 889, 920, 999, 1159, 1344, 1405, 1446, 1464, 1471, 1662, 1676, 1681, 1843, 1847, 1961, 2021, 2323, 2350, 2425, 2459, 2489, 2501, 2545, 2592, 2610, 2616, 2716, 2736, 2814, 2990, 2994, 3142, 3248, 3403, 3618, 3772, 3837, 3980, 4001, 4013, 4324, 4342, 4373, 4399, 4799, 4803, 4875, 5056, 5258, 5449, 5527, 5550, 5646, 5738, 5890, 5930, 6021, 6031, 6104, 6290, 6318, 6390, 6456, 6500, 6533, 6678, 6710, 6735, 6786, 6908, 6978, 6999, 7034, 7096, 7101, 7525, 7799, 7947, 7959, 8169, 8331, 8411, 8485, 8489, 8708, 8713, 8767, 8772, 8803, 8916, 9034, 9037, 9122, 9165, 9252, 9331, 9526, 9638, 9965, 10370, 10466, 10537]","[1316, 2215, 2582, 4538, 5771, 8238, 9144, 9388, 9674]",10667,122,10545,9,113,10545,0
2.0,SSIKBAGE,"[60, 400, 470, 622, 788, 956, 1010, 1132, 1180, 1247, 1575, 1613, 1641, 1729, 1864, 2364, 2377, 2469, 2501, 2528, 2590, 2604, 2793, 2829, 3103, 3151, 3334, 3454, 3520, 3620, 3713, 3746, 3766, 3823, 3850, 3938, 3954, 4071, 4091, 4331, 4470, 4600, 5128, 5207, 5251, 5267, 5276, 5304, 5350, 5362, 5478, 5484, 5601, 5605, 5628]","[2469, 3151, 3713, 4091, 4470]","[60, 400, 470, 622, 788, 956, 1010, 1132, 1180, 1247, 1575, 1613, 1641, 1729, 1864, 2364, 2377, 2501, 2528, 2590, 2604, 2793, 2829, 3103, 3334, 3454, 3520, 3620, 3746, 3766, 3823, 3850, 3938, 3954, 4071, 4331, 4600, 5128, 5207, 5251, 5267, 5276, 5304, 5350, 5362, 5478, 5484, 5601, 5605, 5628]","[2469, 3151, 3713, 4091, 4470]",5757,55,5702,5,50,5702,0
2.0,SSPINT1B,"[88, 126, 179, 185, 206, 467, 743, 1081, 1416, 1420, 1461, 1518, 1522, 1536, 1550, 1615, 1716, 1860, 1933, 1954, 1971, 1987, 2084, 2127, 2252, 2320, 2421, 2551, 2673, 2734, 2759, 2775, 2929, 2935, 2993, 3132, 3399, 3407, 3428, 3433, 3523, 3560, 3903, 4159, 4293, 4360, 4411, 4582, 4628, 4793, 4822, 5029, 5181, 5245, 5367, 5492, 5499, 5551, 5762, 5803, 5813, 6144, 6247, 6605, 6609, 6730, 6774, 6790, 6922, 7102, 7326, 7331, 7494, 7670, 7761, 7953, 7957, 8049, 8139, 8233, 8246, 8448, 8541, 8611, 8635, 8673, 8731, 8735]","[1971, 2551, 3903, 5245, 6605]","[88, 126, 179, 185, 206, 467, 743, 1081, 1416, 1420, 1461, 1518, 1522, 1536, 1550, 1615, 1716, 1860, 1933, 1954, 1987, 2084, 2127, 2252, 2320, 2421, 2673, 2734, 2759, 2775, 2929, 2935, 2993, 3132, 3399, 3407, 3428, 3433, 3523, 3560, 4159, 4293, 4360, 4411, 4582, 4628, 4793, 4822, 5029, 5181, 5367, 5492, 5499, 5551, 5762, 5803, 5813, 6144, 6247, 6609, 6730, 6774, 6790, 6922, 7102, 7326, 7331, 7494, 7670, 7761, 7953, 7957, 8049, 8139, 8233, 8246, 8448, 8541, 8611, 8635, 8673, 8731, 8735]","[1971, 2551, 3903, 5245, 6605]",8745,88,8657,5,83,8657,0
2.0,TAPROTP1,"[7, 114, 230, 331]",[230],"[7, 114, 331]",[230],548,4,544,1,3,544,0
2.0,TARHBE,"[76, 103, 119, 153, 330, 351, 400, 418, 465, 548, 570, 644, 818, 881, 948, 1076, 1106, 1110, 1124, 1202, 1221, 1225, 1291, 1347, 1403, 1645]","[119, 465]","[76, 103, 153, 330, 351, 400, 418, 548, 570, 644, 818, 881, 948, 1076, 1106, 1110, 1124, 1202, 1221, 1225, 1291, 1347, 1403, 1645]","[119, 465]",1683,26,1657,2,24,1657,0
2.0,TARHBG,"[58, 217, 227, 265, 276, 462, 473, 494, 608, 704, 773, 1025, 1032, 1217, 1263, 1289, 1472, 1488, 1521, 1544, 1620, 1676, 1822, 2054, 2059, 2072, 2076, 2086]",[265],"[58, 217, 227, 276, 462, 473, 494, 608, 704, 773, 1025, 1032, 1217, 1263, 1289, 1472, 1488, 1521, 1544, 1620, 1676, 1822, 2054, 2059, 2072, 2076, 2086]","[265, 612]",2140,28,2112,1,27,2111,1
2.0,TFLPA2P1,"[68, 121, 199, 266, 272, 326, 374, 524, 540, 589, 596, 600, 650, 670, 883, 896, 972, 1001, 1124, 1293, 1311, 1749, 1848, 2031, 2035, 2108, 2240, 2495, 2667, 2690]","[596, 972, 1749]","[68, 121, 199, 266, 272, 326, 374, 524, 540, 589, 600, 650, 670, 883, 896, 1001, 1124, 1293, 1311, 1848, 2031, 2035, 2108, 2240, 2495, 2667, 2690]","[596, 972, 1749]",2709,30,2679,3,27,2679,0
2.0,TFLPA2P2,"[68, 199, 266, 368, 518, 534, 583, 590, 594, 644, 664, 874, 900, 935, 966, 974, 995, 1017, 1118, 1286, 1304, 1565, 1783, 1882, 2068, 2072, 2274]","[590, 966, 1783]","[68, 199, 266, 368, 518, 534, 583, 594, 644, 664, 874, 900, 935, 974, 995, 1017, 1118, 1286, 1304, 1565, 1882, 2068, 2072, 2274]","[590, 966, 1783]",2432,27,2405,3,24,2405,0
2.0,TFLPA2P3,"[68, 121, 199, 266, 272, 326, 374, 524, 540, 589, 596, 600, 650, 670, 883, 896, 972, 1001, 1124, 1293, 1311, 1749, 1848, 2031, 2035, 2108, 2240, 2495, 2667, 2690]","[596, 972, 1749]","[68, 121, 199, 266, 272, 326, 374, 524, 540, 589, 600, 650, 670, 883, 896, 1001, 1124, 1293, 1311, 1848, 2031, 2035, 2108, 2240, 2495, 2667, 2690]","[596, 972, 1749]",2709,30,2679,3,27,2679,0
2.0,TFLPA2P4,"[68, 199, 266, 368, 518, 534, 583, 590, 594, 644, 664, 874, 900, 935, 966, 974, 995, 1017, 1118, 1286, 1304, 1565, 1783, 1882, 2068, 2072, 2274]","[590, 966, 1783]","[68, 199, 266, 368, 518, 534, 583, 594, 644, 664, 874, 900, 935, 974, 995, 1017, 1118, 1286, 1304, 1565, 1882, 2068, 2072, 2274]","[590, 966, 1783]",2432,27,2405,3,24,2405,0
2.0,TGLHBB,"[78, 144, 155, 159, 500, 519, 590, 598, 712, 753, 766, 774, 888, 997, 1106, 1116, 1142, 1209, 1214, 1249, 1256, 1270, 1272, 1360, 1472, 1530, 1619, 1704, 1742, 1770, 2002, 2034, 2119, 2233]","[519, 888]","[78, 144, 155, 159, 500, 590, 598, 712, 753, 766, 774, 997, 1106, 1116, 1142, 1209, 1214, 1249, 1256, 1270, 1272, 1360, 1472, 1530, 1619, 1704, 1742, 1770, 2002, 2034, 2119, 2233]","[519, 888]",2301,34,2267,2,32,2267,0
2.0,TIOPRP1A,"[101, 212, 233, 315, 536]",[212],"[101, 233, 315, 536]",[212],557,5,552,1,4,552,0
2.0,U00432,"[83, 167, 237, 290, 793, 975, 1070, 1101, 1203, 1287, 1312, 1459]","[83, 237, 793, 1101, 1312]","[167, 290, 975, 1070, 1203, 1287, 1459]","[83, 237, 793, 1101, 1312]",1576,12,1564,5,7,1564,0
2.0,U00433,"[83, 267, 326, 752, 936, 1245, 1270, 1424]","[83, 267, 752, 1270]","[326, 936, 1245, 1424]","[83, 267, 752, 1062, 1270]",1546,8,1538,4,4,1537,1
2.0,U00454,"[38, 131, 148, 168, 259, 333, 337, 413, 546, 676, 687, 772, 849, 941, 951, 1031, 1036, 1062, 1066, 1090, 1111, 1263, 1330, 1551, 1598, 1605, 1631, 1705, 1749, 1804, 1967, 2041, 2045, 2071, 2117, 2315, 2382, 2406, 2437, 2631, 2649, 2760, 2763, 2781, 2823, 2886, 2907, 2925, 2969, 3043, 3118, 3201, 3350, 3392, 3447, 3464, 3483, 3622, 3905, 4103, 4179, 4263, 4269, 4276, 4328, 4362, 4509, 4529, 4573, 4653, 4824, 4862, 5011, 5094, 5303, 5361, 5366, 5625, 5667, 5705, 5820, 5824, 6258, 6565, 6580, 6606, 6782, 6800, 6810, 6814, 6876, 6887, 7041, 7057]","[1598, 4862]","[38, 131, 148, 168, 259, 333, 337, 413, 546, 676, 687, 772, 849, 941, 951, 1031, 1036, 1062, 1066, 1090, 1111, 1263, 1330, 1551, 1605, 1631, 1705, 1749, 1804, 1967, 2041, 2045, 2071, 2117, 2315, 2382, 2406, 2437, 2631, 2649, 2760, 2763, 2781, 2823, 2886, 2907, 2925, 2969, 3043, 3118, 3201, 3350, 3392, 3447, 3464, 3483, 3622, 3905, 4103, 4179, 4263, 4269, 4276, 4328, 4362, 4509, 4529, 4573, 4653, 4824, 5011, 5094, 5303, 5361, 5366, 5625, 5667, 5705, 5820, 5824, 6258, 6565, 6580, 6606, 6782, 6800, 6810, 6814, 6876, 6887, 7041, 7057]","[1598, 4862]",7193,94,7099,2,92,7099,0
2.0,U00938,"[34, 60, 71, 102, 109, 143, 247, 414, 492, 507, 556, 692, 777, 832, 893, 912, 982, 987, 1133, 1169, 1173, 1248, 1253, 1454, 1465, 1516, 1711, 1917, 2080, 2179, 2207, 2312, 2384, 2611, 2661, 2715, 2719, 2742, 2773, 2801, 2805, 2824, 2974, 3013, 3017, 3079, 3210, 3311, 3377, 3397, 3587, 3617, 3687, 3702, 3908, 3924, 4070, 4186, 4207, 4272, 4791, 4796, 5071, 5092, 5134, 5138, 5155, 5195, 5202, 5261, 5452, 5570, 5640, 5733, 5745, 5809, 5894, 5910, 5914, 5962, 5966, 5970, 6009, 6198, 6482, 6711, 6726, 6731, 6763]","[1169, 4070, 5155]","[34, 60, 71, 102, 109, 143, 247, 414, 492, 507, 556, 692, 777, 832, 893, 912, 982, 987, 1133, 1173, 1248, 1253, 1454, 1465, 1516, 1711, 1917, 2080, 2179, 2207, 2312, 2384, 2611, 2661, 2715, 2719, 2742, 2773, 2801, 2805, 2824, 2974, 3013, 3017, 3079, 3210, 3311, 3377, 3397, 3587, 3617, 3687, 3702, 3908, 3924, 4186, 4207, 4272, 4791, 4796, 5071, 5092, 5134, 5138, 5195, 5202, 5261, 5452, 5570, 5640, 5733, 5745, 5809, 5894, 5910, 5914, 5962, 5966, 5970, 6009, 6198, 6482, 6711, 6726, 6731, 6763]","[1169, 4070, 5155]",6781,89,6692,3,86,6692,0
2.0,U01026,"[44, 52, 203, 262, 428, 433, 492, 545, 848, 901, 978, 1105, 1153, 1308, 1357, 1364, 1368, 1419, 1746, 1754, 1775, 1902, 1927, 2071, 2154, 2316, 2537, 2636, 2760, 2809, 2826, 3028]","[1364, 1746, 2537]","[44, 52, 203, 262, 428, 433, 492, 545, 848, 901, 978, 1105, 1153, 1308, 1357, 1368, 1419, 1754, 1775, 1902, 1927, 2071, 2154, 2316, 2636, 2760, 2809, 2826, 3028]","[1364, 1746, 2537]",3217,32,3185,3,29,3185,0
2.0,U01027,"[50, 103, 248, 309, 357, 515, 564, 571, 575, 625, 947, 955, 976, 1103, 1128, 1272, 1290, 1355, 1506, 1692, 1710, 1799, 1809, 1933, 1982, 1999, 2054, 2192, 2740]","[571, 947, 1710]","[50, 103, 248, 309, 357, 515, 564, 575, 625, 955, 976, 1103, 1128, 1272, 1290, 1355, 1506, 1692, 1799, 1809, 1933, 1982, 1999, 2054, 2192, 2740]","[571, 947, 1710]",2762,29,2733,3,26,2733,0
2.0,U01844,"[64, 68, 304, 476, 515, 596, 613, 623, 663, 684, 874, 1009, 1082, 1180, 1243, 1307, 1462, 1472, 1559, 1589, 1602, 1618, 1770, 1919, 1986, 2001, 2090, 2141, 2219, 2309, 2395, 2474, 2585, 2653, 2792, 2935, 3113, 3134, 3175, 3211, 3256, 3403, 3498, 3608, 3720, 3781, 3843, 4080, 4108, 4130, 4143]","[1986, 2141, 2474, 2653, 3211]","[64, 68, 304, 476, 515, 596, 613, 623, 663, 684, 874, 1009, 1082, 1180, 1243, 1307, 1462, 1472, 1559, 1589, 1602, 1618, 1770, 1919, 2001, 2090, 2219, 2309, 2395, 2585, 2792, 2935, 3113, 3134, 3175, 3256, 3403, 3498, 3608, 3720, 3781, 3843, 4080, 4108, 4130, 4143]","[1986, 2141, 2474, 2653, 3211]",4220,51,4169,5,46,4169,0
2.0,XELCRPGA,"[285, 508, 721, 726, 730, 818, 837, 842, 892, 1021, 1096, 1188, 1328, 1419, 1422, 1680, 1686, 1871, 1883, 1888, 2002, 2143, 2377, 2504, 2838, 2876, 2961, 2983, 3199, 3338, 3364, 3368, 3377, 3390, 3497, 3551, 3770, 3794, 3849, 3852, 3886]",[1096],"[285, 508, 721, 726, 730, 818, 837, 842, 892, 1021, 1188, 1328, 1419, 1422, 1680, 1686, 1871, 1883, 1888, 2002, 2143, 2377, 2504, 2838, 2876, 2961, 2983, 3199, 3338, 3364, 3368, 3377, 3390, 3497, 3551, 3770, 3794, 3849, 3852, 3886]",[1096],3892,41,3851,1,40,3851,0
2.0,XELCRYB,"[125, 162, 170, 179, 196, 200, 258, 575, 582, 592, 605, 609, 706, 832, 911, 945, 990, 1208, 1326, 1500, 1768, 1905]","[706, 1326]","[125, 162, 170, 179, 196, 200, 258, 575, 582, 592, 605, 609, 832, 911, 945, 990, 1208, 1500, 1768, 1905]","[706, 1326]",2050,22,2028,2,20,2028,0
2.0,XELHBBC,"[11, 32, 263, 267, 388, 404, 556, 564, 567, 678, 715, 1233, 1290, 1352, 1418, 1832, 1844]","[263, 678]","[11, 32, 267, 388, 404, 556, 564, 567, 715, 1233, 1290, 1352, 1418, 1832, 1844]","[263, 678]",1982,17,1965,2,15,1965,0
2.0,XLACTA,"[108, 165, 278, 309, 404, 497, 553, 941, 957, 1098, 1260, 1286, 1349, 1382, 1596, 1758, 1807, 1941, 2094, 2129, 2366, 2368, 2492, 2591, 2962, 3197, 3294, 3422, 3552, 3556, 3579, 3623, 3640, 3815, 3859, 3868, 3913, 3976, 3994, 4000, 4075, 4138, 4242, 4296, 4335, 4370, 4409, 4444, 4453, 4483, 4518, 4557, 4592, 4667, 4845, 4905, 4946, 4961, 4995, 5012, 5022, 5048, 5058, 5066, 5078, 5128, 5338, 5353, 5406, 5509, 5550, 5561, 5898]","[2591, 3868, 4138, 4845, 5128]","[108, 165, 278, 309, 404, 497, 553, 941, 957, 1098, 1260, 1286, 1349, 1382, 1596, 1758, 1807, 1941, 2094, 2129, 2366, 2368, 2492, 2962, 3197, 3294, 3422, 3552, 3556, 3579, 3623, 3640, 3815, 3859, 3913, 3976, 3994, 4000, 4075, 4242, 4296, 4335, 4370, 4409, 4444, 4453, 4483, 4518, 4557, 4592, 4667, 4905, 4946, 4961, 4995, 5012, 5022, 5048, 5058, 5066, 5078, 5338, 5353, 5406, 5509, 5550, 5561, 5898]","[2591, 3868, 4138, 4845, 5128]",5947,73,5874,5,68,5874,0
2.0,XLACTCAG,"[114, 279, 357, 422, 831, 855, 1193, 1201, 1263, 1273, 1338, 1600, 1605, 1638, 1670, 2094, 2098, 2107, 2374, 2398, 2473, 2582, 2675, 3023, 3128, 3298, 3302, 3325, 3329, 3353, 3369, 3386, 3561, 3591, 3614, 4019, 4202, 4237, 4252, 4256, 4260, 4289, 4306, 4364, 4412, 4769, 4787, 4865, 4931, 5493, 5562, 5636, 5683, 5961, 6171, 6279, 6294, 6355, 6381, 6391, 6399, 6461, 6835, 6918, 7303, 7341, 7347, 7511, 7516, 7853, 8347, 8358, 8410, 8572, 8752, 8862, 8892]","[2473, 3614, 4931, 5562, 6461]","[114, 279, 357, 422, 831, 855, 1193, 1201, 1263, 1273, 1338, 1600, 1605, 1638, 1670, 2094, 2098, 2107, 2374, 2398, 2582, 2675, 3023, 3128, 3298, 3302, 3325, 3329, 3353, 3369, 3386, 3561, 3591, 4019, 4202, 4237, 4252, 4256, 4260, 4289, 4306, 4364, 4412, 4769, 4787, 4865, 5493, 5636, 5683, 5961, 6171, 6279, 6294, 6355, 6381, 6391, 6399, 6835, 6918, 7303, 7341, 7347, 7511, 7516, 7853, 8347, 8358, 8410, 8572, 8752, 8862, 8892]","[2473, 3614, 4931, 5562, 6461]",8901,77,8824,5,72,8824,0
2.0,XLBGL3,"[22, 143, 189, 338, 388, 614, 692, 982, 1040, 1175, 1272, 1438, 1519, 1551, 1607, 1707, 1851, 1981, 2161, 2443, 2487, 2638, 2911]","[388, 1175]","[22, 143, 189, 338, 614, 692, 982, 1040, 1272, 1438, 1519, 1551, 1607, 1707, 1851, 1981, 2161, 2443, 2487, 2638, 2911]","[388, 1175]",2965,23,2942,2,21,2942,0
2.0,XLGLAA1,"[137, 502, 540, 559, 563, 590, 594, 650, 659, 680, 806]","[137, 502]","[540, 559, 563, 590, 594, 650, 659, 680, 806]","[137, 502]",1193,11,1182,2,9,1182,0
2.0,XLGLAA2,"[138, 248, 519, 566, 586, 601, 605, 655, 772, 1163]","[138, 519]","[248, 566, 586, 601, 605, 655, 772, 1163]","[138, 519]",1193,10,1183,2,8,1183,0
2.0,XLK81A1G,"[85, 615, 672, 935, 1053, 1141, 1412, 1487, 1489, 1517, 1618, 1671, 1700, 1759, 1882, 1911, 2013, 2033, 2108, 2294, 2369, 2454, 2468, 2498, 2577, 2615, 2734, 2900, 2928, 3026, 3097, 3104, 3145, 3149, 3240, 3388, 3409, 3531, 3647, 3741, 3849, 4127, 4170, 4330, 4425, 4429, 4503, 4626, 4769, 5146, 5170, 5223, 5318, 5471, 5672, 5749, 5772]","[1759, 2294, 2734, 3026, 3531, 3849, 4170]","[85, 615, 672, 935, 1053, 1141, 1412, 1487, 1489, 1517, 1618, 1671, 1700, 1882, 1911, 2013, 2033, 2108, 2369, 2454, 2468, 2498, 2577, 2615, 2900, 2928, 3097, 3104, 3145, 3149, 3240, 3388, 3409, 3647, 3741, 4127, 4330, 4425, 4429, 4503, 4626, 4769, 5146, 5170, 5223, 5318, 5471, 5672, 5749, 5772]","[1759, 2294, 2734, 3026, 3531, 3849, 4170]",5893,57,5836,7,50,5836,0
2.0,XLRPL14,"[102, 309, 377, 709, 912, 1003, 1014, 1141, 1292, 1499, 1601, 1605, 1837, 1891, 2087, 2125, 2140, 2145, 2327, 2418, 2432, 2560, 2565, 2624, 2713, 2743, 2785, 2862, 2896, 3051, 3055, 3085, 3651, 3695, 3722, 3897, 3928, 4037, 4039, 4263, 4904, 4978, 4995, 5116, 5232, 5287, 5356, 5559, 5856, 5860, 6146, 6228, 6481, 6485, 6622, 6731, 6804, 7052, 7158, 7239, 7354, 7389, 7464, 7618, 7840, 7849, 7882, 7904, 8261, 8567, 8610, 8659, 8766, 9027, 9072, 9108]","[912, 1891, 2087, 4978, 5356, 7904]","[102, 309, 377, 709, 1003, 1014, 1141, 1292, 1499, 1601, 1605, 1837, 2125, 2140, 2145, 2327, 2418, 2432, 2560, 2565, 2624, 2713, 2743, 2785, 2862, 2896, 3051, 3055, 3085, 3651, 3695, 3722, 3897, 3928, 4037, 4039, 4263, 4904, 4995, 5116, 5232, 5287, 5559, 5856, 5860, 6146, 6228, 6481, 6485, 6622, 6731, 6804, 7052, 7158, 7239, 7354, 7389, 7464, 7618, 7840, 7849, 7882, 8261, 8567, 8610, 8659, 8766, 9027, 9072, 9108]","[912, 1891, 2087, 4978, 5356, 7904]",9117,76,9041,6,70,9041,0
2.0,XLRPL1AG,"[308, 339, 417, 423, 503, 512, 543, 634, 693, 804, 1078, 1085, 1153, 1166, 1482, 1531, 1597, 1663, 1685, 1817, 2105, 2121, 2390, 2418, 2541, 2638, 2695, 2818, 2964, 3137, 3498, 3502, 3594, 3717, 3735, 3831, 3835, 3844, 3851, 3880, 3968, 4013, 4169, 4221, 4433, 4533, 4573, 4626, 4850, 4887, 4893, 4936, 4971, 4994, 5018, 5179, 5232, 5282, 5303, 5480, 5583, 5594, 5643, 5757, 5761, 5816, 5825, 5916, 5925, 6114, 6152, 6174, 6206, 6451]","[512, 2121, 2818, 3137, 3831, 4573, 5179, 5757]","[308, 339, 417, 423, 503, 543, 634, 693, 804, 1078, 1085, 1153, 1166, 1482, 1531, 1597, 1663, 1685, 1817, 2105, 2390, 2418, 2541, 2638, 2695, 2964, 3498, 3502, 3594, 3717, 3735, 3835, 3844, 3851, 3880, 3968, 4013, 4169, 4221, 4433, 4533, 4626, 4850, 4887, 4893, 4936, 4971, 4994, 5018, 5232, 5282, 5303, 5480, 5583, 5594, 5643, 5761, 5816, 5825, 5916, 5925, 6114, 6152, 6174, 6206, 6451]","[512, 2121, 2438, 2818, 3137, 3831, 4573, 5179, 5757]",6950,74,6876,8,66,6875,1
2.0,XLS8,"[3, 26, 51, 83, 87, 98, 164, 493, 692, 696, 769, 804, 951, 961, 1006, 1512, 1530, 1600, 1867, 1874, 2032, 2326, 2395, 2616, 2626, 2749, 2865, 2893, 2897, 3004, 3134, 3154, 3450, 3467, 3505, 3539, 3762, 3938, 3957, 3963, 4159, 4181, 4468, 4473, 4498, 4563, 4856, 4914, 4918, 5120, 5403, 5432, 5594, 5618, 5708, 5777, 5849, 5912, 5946, 6113, 6119, 6325, 6357, 6381, 6468, 6913, 6931, 7000, 7154, 7181, 7381, 7385, 7470, 7668, 7843, 7933, 8060, 8071, 8274, 8292, 8411, 8508, 8542, 8583, 9159, 9241, 9259, 9325, 9329, 9789, 9832, 9886, 10040, 10044, 10214, 10366, 10413, 10559, 10822, 10967, 10982, 10988, 11108, 11229, 11411, 11639, 11730, 11757, 11874, 11936, 11957, 12105, 12177, 12265, 12342, 12388, 12509, 12527, 12596, 12797, 12978, 13006, 13023, 13088, 13107, 13234, 13308]","[2032, 3938, 5912, 7381, 12177]","[3, 26, 51, 83, 87, 98, 164, 493, 692, 696, 769, 804, 951, 961, 1006, 1512, 1530, 1600, 1867, 1874, 2326, 2395, 2616, 2626, 2749, 2865, 2893, 2897, 3004, 3134, 3154, 3450, 3467, 3505, 3539, 3762, 3957, 3963, 4159, 4181, 4468, 4473, 4498, 4563, 4856, 4914, 4918, 5120, 5403, 5432, 5594, 5618, 5708, 5777, 5849, 5946, 6113, 6119, 6325, 6357, 6381, 6468, 6913, 6931, 7000, 7154, 7181, 7385, 7470, 7668, 7843, 7933, 8060, 8071, 8274, 8292, 8411, 8508, 8542, 8583, 9159, 9241, 9259, 9325, 9329, 9789, 9832, 9886, 10040, 10044, 10214, 10366, 10413, 10559, 10822, 10967, 10982, 10988, 11108, 11229, 11411, 11639, 11730, 11757, 11874, 11936, 11957, 12105, 12265, 12342, 12388, 12509, 12527, 12596, 12797, 12978, 13006, 13023, 13088, 13107, 13234, 13308]","[2032, 3938, 5912, 7381, 12177]",13517,127,13390,5,122,13390,0
2.0,XLTUBAG,"[8, 21, 272, 298, 383, 400, 457, 482, 591, 595, 678, 721, 725, 739, 749, 902, 1023, 1030, 1280, 1323, 1454, 1499, 1507, 1541, 1555, 1607, 1613, 1680, 1760, 1877, 1885, 1998, 2006, 2020, 2048, 2079, 2381, 2440, 2610, 2842, 2870, 2874, 2983, 3080, 3094, 3108, 3268, 3610, 3626, 3684, 3691, 3699, 3727, 3744, 4020, 4024, 4179, 4203, 4212, 4224, 4401, 4495, 4585, 4775, 4898, 5039, 5214, 5313, 5431, 5551, 5575, 5674, 5708, 6161, 6290, 6312, 6345, 6353, 6365, 6421, 6494, 6506, 6510, 6577, 6604, 6608, 6612, 6618, 6630, 6686, 6690]","[678, 4401, 5575]","[8, 21, 272, 298, 383, 400, 457, 482, 591, 595, 721, 725, 739, 749, 902, 1023, 1030, 1280, 1323, 1454, 1499, 1507, 1541, 1555, 1607, 1613, 1680, 1760, 1877, 1885, 1998, 2006, 2020, 2048, 2079, 2381, 2440, 2610, 2842, 2870, 2874, 2983, 3080, 3094, 3108, 3268, 3610, 3626, 3684, 3691, 3699, 3727, 3744, 4020, 4024, 4179, 4203, 4212, 4224, 4495, 4585, 4775, 4898, 5039, 5214, 5313, 5431, 5551, 5674, 5708, 6161, 6290, 6312, 6345, 6353, 6365, 6421, 6494, 6506, 6510, 6577, 6604, 6608, 6612, 6618, 6630, 6686, 6690]","[678, 4401, 5575]",6889,91,6798,3,88,6798,0
2.0,XLXANF1A,"[255, 317, 549, 611, 937, 1007, 1112, 1460, 1464, 1656, 1789, 1917, 1960, 2204, 2318, 2431, 2445, 2647, 2706, 3255, 3259, 3412, 4324, 4472, 4478, 4516, 4595, 4631, 4722, 4751, 4760, 4857]","[1460, 1960, 2706]","[255, 317, 549, 611, 937, 1007, 1112, 1464, 1656, 1789, 1917, 2204, 2318, 2431, 2445, 2647, 3255, 3259, 3412, 4324, 4472, 4478, 4516, 4595, 4631, 4722, 4751, 4760, 4857]","[1460, 1960, 2706]",4879,32,4847,3,29,4847,0
2.0,XTGLA,"[158, 235, 269, 286, 298, 419, 652, 731, 1323, 1544, 1752, 1850, 2034, 2162, 2283, 2288, 2838, 2861, 2890, 3148, 3340, 3488, 3493, 3561, 3599, 3604, 3729, 3784, 4013, 4248, 4344, 4437, 4443, 4468, 4482, 4720, 4774, 4804]","[731, 2838]","[158, 235, 269, 286, 298, 419, 652, 1323, 1544, 1752, 1850, 2034, 2162, 2283, 2288, 2861, 2890, 3148, 3340, 3488, 3493, 3561, 3599, 3604, 3729, 3784, 4013, 4248, 4344, 4437, 4443, 4468, 4482, 4720, 4774, 4804]","[731, 2838]",4839,38,4801,2,36,4801,0
2.0,XTGLAA,"[377, 416, 541, 643, 656, 719, 785, 908, 1005, 1036, 1156, 1411, 1493, 1574]","[1036, 1411]","[377, 416, 541, 643, 656, 719, 785, 908, 1005, 1156, 1493, 1574]","[1036, 1411]",1993,14,1979,2,12,1979,0
2.0,XTGLB,"[21, 92, 169, 212, 389, 393, 644, 885, 972, 1398, 1823, 2097, 2175, 2384, 2544, 2643, 2764, 2836, 3061, 3273, 3406, 3539, 3599, 3769, 3964, 3995, 4034]","[2384, 2836]","[21, 92, 169, 212, 389, 393, 644, 885, 972, 1398, 1823, 2097, 2175, 2544, 2643, 2764, 3061, 3273, 3406, 3539, 3599, 3769, 3964, 3995, 4034]","[2384, 2836]",4044,27,4017,2,25,4017,0
2.0,ZEFB2MICB,"[9, 134, 304, 383, 432, 542, 684, 686, 696, 954, 985, 1187, 1309, 1323, 1345, 1679, 1779, 1846]","[304, 1187]","[9, 134, 383, 432, 542, 684, 686, 696, 954, 985, 1309, 1323, 1345, 1679, 1779, 1846]","[304, 1187]",2194,18,2176,2,16,2176,0
