Threshold,Locus,Predict Sites,Positive Sites,Negative Sites,Actual Donor Sites,Predict Num,Predict Positive Num,Predict Negative Num,TP,FP,TN,FN
6.5,ACU08131,"[2029, 3336]",[2029],[3336],"[642, 1363, 2029, 2803, 3798]",5385,2,5383,1,1,5379,4
6.5,AGGGLINE,"[3504, 6387]",[3504],[6387],"[3158, 3504]",7222,2,7220,1,1,7219,1
6.5,AGU04852,"[3877, 8817]",[],"[3877, 8817]","[3956, 5517, 5912, 6740]",10977,2,10975,0,2,10971,4
6.5,ALOEGLOBIM,"[237, 583]","[237, 583]",[],"[237, 583]",1684,2,1682,2,0,1682,0
6.5,ALOEGLOBIN,"[237, 583, 1182]","[237, 583]",[1182],"[237, 583]",1684,3,1681,2,1,1681,0
6.5,ALOPROTP1A,[],[],[],[166],411,0,411,0,0,410,1
6.5,AMU12024,"[257, 667, 2482]","[257, 667, 2482]",[],"[257, 667, 1864, 2126, 2482]",3645,3,3642,3,0,3640,2
6.5,AMU12025,"[1080, 1412, 1830, 2654, 3278]","[1412, 1830, 2654, 3278]",[1080],"[1412, 1830, 2654, 2902, 3278]",5376,5,5371,4,1,5370,1
6.5,AOIRHODOPS,"[1702, 1969, 4005, 4067, 5373]","[1702, 4067, 5373]","[1969, 4005]","[1702, 4067, 5373, 6243]",9916,5,9911,3,2,9910,1
6.5,ASPROP2,[],[],[],[325],665,0,665,0,0,664,1
6.5,ASYRVISP,"[625, 1042]","[625, 1042]",[],"[625, 1042, 1335, 1585, 1916]",2222,2,2220,2,0,2217,3
6.5,ATREGLOBIN,"[237, 588]","[237, 588]",[],"[237, 588]",1692,2,1690,2,0,1690,0
6.5,BABAPOE,[],[],[],"[897, 2847]",4755,0,4755,0,0,4753,2
6.5,BATROX,"[3011, 3975]",[3011],[3975],"[341, 3011, 5035, 6955]",8093,2,8091,1,1,8088,3
6.5,BCHEGLOBIN,"[237, 583, 1196]","[237, 583]",[1196],"[237, 583]",1698,3,1695,2,1,1695,0
6.5,BOVANPA,[],[],[],"[433, 858]",1762,0,1762,0,0,1760,2
6.5,BOVCOX7AL,"[3328, 5049]",[5049],[3328],"[1540, 2812, 5049]",6850,2,6848,1,1,6846,2
6.5,BOVGAS,[],[],[],[751],1059,0,1059,0,0,1058,1
6.5,BOVIAP,"[1318, 1764, 1994, 3392, 3996]","[1764, 1994, 3392, 3996]",[1318],"[1568, 1764, 1994, 2354, 2606, 2999, 3157, 3392, 3667, 3996]",5392,5,5387,4,1,5381,6
6.5,BOVIRBP,"[3174, 3723, 3801, 4212, 9959, 11020]",[3174],"[3723, 3801, 4212, 9959, 11020]","[3174, 5595, 7699]",11786,6,11780,1,5,11778,2
6.5,BOVLHB,[803],[803],[],"[803, 1272]",1857,1,1856,1,0,1855,1
6.5,BOVLYSOZMA,[],[],[],"[3039, 5771, 8654]",12215,0,12215,0,0,12212,3
6.5,BOVLYSOZMB,"[1662, 5148, 6807, 7058]",[],"[1662, 5148, 6807, 7058]","[2673, 4005, 6212]",10205,4,10201,0,4,10198,3
6.5,BOVLYSOZMC,[],[],[],"[905, 2323, 4194]",8044,0,8044,0,0,8041,3
6.5,BOVMYF5A,[273],[],[273],"[698, 1625]",5212,1,5211,0,1,5209,2
6.5,BRHOX22,[1431],[1431],[],[1431],3435,1,3434,1,0,3434,0
6.5,BRHOX34A,[],[],[],[981],3491,0,3491,0,0,3490,1
6.5,BRU12895,"[1135, 1986]",[1135],[1986],[1135],3233,2,3231,1,1,3231,0
6.5,BTATPAAA,"[2314, 4106, 4188, 5729]","[2314, 5729]","[4106, 4188]","[740, 2314, 3707, 5729, 5984, 6337, 6827, 7151, 7770, 8023, 9129]",9908,4,9904,2,2,9895,9
6.5,BTEBGL2,"[310, 658]","[310, 658]",[],"[310, 658]",1834,2,1832,2,0,1832,0
6.5,BTEBGL4,"[310, 658, 815]","[310, 658]",[815],"[310, 658]",1829,3,1826,2,1,1826,0
6.5,BTGL01,"[365, 1008]","[365, 1008]",[],"[365, 1008]",2041,2,2039,2,0,2039,0
6.5,BTHOR02,[],[],[],"[484, 1920]",2420,0,2420,0,0,2418,2
6.5,BTKER6B,"[1678, 2346]",[1678],[2346],"[1678, 2559, 3070, 3315, 3530, 4056, 4666]",5719,2,5717,1,1,5711,6
6.5,BTSPDNA,[],[],[],[1541],2149,0,2149,0,0,2148,1
6.5,BTSVSP109,"[2189, 2359, 2555, 5292, 5643, 6096]","[2359, 5292]","[2189, 2555, 5643, 6096]","[2359, 3984, 5292]",6949,6,6943,2,4,6942,1
6.5,BTTNP2G,[847],[],[847],[774],1842,1,1841,0,1,1840,1
6.5,BTU02285,"[21, 1858, 4780]",[4780],"[21, 1858]","[3792, 4222, 4487, 4780, 5056]",6389,3,6386,1,2,6382,4
6.5,CALEGLOBIM,"[236, 587, 1197]","[236, 587]",[1197],"[236, 587]",1691,3,1688,2,1,1688,0
6.5,CBUEGLOBIM,"[236, 587, 1197]","[236, 587]",[1197],"[236, 587]",1691,3,1688,2,1,1688,0
6.5,CCALAC,[2409],[2409],[],"[1358, 1852, 2409]",3620,1,3619,1,0,3617,2
6.5,CCBEGLOBIM,"[237, 587, 1203]","[237, 587]",[1203],"[237, 587]",1696,3,1693,2,1,1693,0
6.5,CCBEGLOBIN,"[238, 589, 1206]","[238, 589]",[1206],"[238, 589]",1699,3,1696,2,1,1696,0
6.5,CCGHG,"[283, 1778]","[283, 1778]",[],"[283, 706, 1051, 1778]",2831,2,2829,2,0,2827,2
6.5,CCGONBS1,[],[],[],"[1767, 2072]",3464,0,3464,0,0,3462,2
6.5,CCGONBS2,[],[],[],"[1785, 2091]",3483,0,3483,0,0,3481,2
6.5,CCGTHA1,[],[],[],"[302, 572]",1145,0,1145,0,0,1143,2
6.5,CCT64CLU,[3005],[3005],[],"[1644, 2757, 3005, 3496, 4514, 5272, 5659]",6278,1,6277,1,0,6271,6
6.5,CEPPINS,[],[],[],[858],1902,0,1902,0,0,1901,1
6.5,CHBLG,"[4019, 4298, 4861, 6255]",[4019],"[4298, 4861, 6255]","[2285, 3090, 4019, 5246, 6025]",8081,4,8077,1,3,8073,4
6.5,CHEBGLI,"[909, 1213]",[909],[1213],"[570, 909]",2206,2,2204,1,1,2203,1
6.5,CHEBGLII,"[563, 912]","[563, 912]",[],"[563, 912]",2260,2,2258,2,0,2258,0
6.5,CHKALDB,"[4004, 5748, 6172, 6664, 6955, 6960, 7504, 8186, 10844]","[6172, 6664, 6955, 8186]","[4004, 5748, 6960, 7504, 10844]","[6172, 6664, 6955, 7265, 8186, 8842, 9185]",11644,9,11635,4,5,11632,3
6.5,CHKAPOII,"[1839, 2131, 3317]",[3317],"[1839, 2131]","[3317, 3820]",4954,3,4951,1,2,4950,1
6.5,CHKDPCP,"[347, 637]",[637],[347],[637],1903,2,1901,1,1,1901,0
6.5,CHKMAX,"[1236, 2291, 3928, 4295]","[2291, 3928, 4295]",[1236],"[2127, 2291, 3928, 4295]",5691,4,5687,3,1,5686,1
6.5,CHKMYOD,"[2106, 4941, 6150]","[4941, 6150]",[2106],"[4941, 6150]",7382,3,7379,2,1,7379,0
6.5,CHKOVAL,"[1390, 3164]",[3164],[1390],"[3164, 3466, 4176, 4694, 5795, 6282]",9199,2,9197,1,1,9192,5
6.5,CHKRPL30,"[671, 801, 1872, 2753]","[801, 1872, 2753]",[671],"[801, 1872, 2753]",3885,4,3881,3,1,3881,0
6.5,CHKRPL37A,"[1376, 2125, 2255]",[1376],"[2125, 2255]","[798, 1376, 2386]",3466,3,3463,1,2,3461,2
6.5,CHKRPL5G,"[1632, 2618]",[1632],[2618],"[498, 1419, 1632, 3157, 3955, 5165, 6897]",8314,2,8312,1,1,8306,6
6.5,CHKTUB4B,[],[],[],"[437, 949, 1573]",3146,0,3146,0,0,3143,3
6.5,CHKY,"[1664, 3603, 4683]","[3603, 4683]",[1664],"[3603, 4199, 4683, 5648, 6012, 6249]",8365,3,8362,2,1,8358,4
6.5,CHPPHYGEN,"[22, 3786, 4945, 7000, 10818, 10833, 10849, 11193, 12603]",[4945],"[22, 3786, 7000, 10818, 10833, 10849, 11193, 12603]","[4599, 4945]",13690,9,13681,1,8,13680,1
6.5,CHPPROTP1A,[],[],[],[159],398,0,398,0,0,397,1
6.5,CHPPROTP1B,[],[],[],[160],397,0,397,0,0,396,1
6.5,CHWEGLOBIM,"[237, 588]","[237, 588]",[],"[237, 588]",1702,2,1700,2,0,1700,0
6.5,CIGH,"[2029, 2889]",[2889],[2029],"[1281, 1691, 2280, 2889]",3968,2,3966,1,1,3963,3
6.5,CITEGLOBIM,"[236, 587, 1198]","[236, 587]",[1198],"[236, 587]",1692,3,1689,2,1,1689,0
6.5,CJAEGLOBIN,"[237, 588]","[237, 588]",[],"[237, 588]",1703,2,1701,2,0,1701,0
6.5,CJINTERFG,"[4187, 4465]","[4187, 4465]",[],"[2881, 4187, 4465]",8520,2,8518,2,0,8517,1
6.5,CL54K,"[512, 1177, 1294, 1538, 2581, 2696]",[512],"[1177, 1294, 1538, 2581, 2696]",[512],3409,6,3403,1,5,3403,0
6.5,CMBGA2B2,"[383, 989, 1597]",[383],"[989, 1597]","[383, 718]",2685,3,2682,1,2,2681,1
6.5,CMEGA2E2,[416],[416],[],"[416, 753]",2047,1,2046,1,0,2045,1
6.5,CMU11711,"[1685, 2031]","[1685, 2031]",[],"[1685, 2031]",3165,2,3163,2,0,3163,0
6.5,CPPROT1GN,[],[],[],[164],391,0,391,0,0,390,1
6.5,CRASEQB,"[2825, 3464]",[2825],[3464],"[1920, 2825]",5121,2,5119,1,1,5118,1
6.5,CRUCH7AHYD,"[1731, 3016, 5283, 7866]","[1731, 7866]","[3016, 5283]","[1731, 3651, 4938, 6076, 7866]",10607,4,10603,2,2,10600,3
6.5,CRUGAD45A,"[1877, 2417]","[1877, 2417]",[],"[1877, 2063, 2417]",4428,2,4426,2,0,4425,1
6.5,DMPROTP1,[],[],[],[249],617,0,617,0,0,616,1
6.5,DMU11712,"[1705, 2043]","[1705, 2043]",[],"[1705, 2043]",3020,2,3018,2,0,3018,0
6.5,DOGCOLIP,"[224, 416, 1411]",[],"[224, 416, 1411]","[1108, 2378]",3157,3,3154,0,3,3152,2
6.5,DOGIL8T,[118],[118],[],"[118, 1406, 1769]",2230,1,2229,1,0,2227,2
6.5,ECGLOAP1,[657],[657],[],"[363, 657]",1134,1,1133,1,0,1132,1
6.5,ECPZA2GL,"[954, 1560, 3576, 4059]","[3576, 4059]","[954, 1560]","[3576, 4059]",5082,4,5078,2,2,5078,0
6.5,ECZGL1,[700],[700],[],"[700, 1534]",1995,1,1994,1,0,1993,1
6.5,ECZGL2,[255],[255],[],"[255, 1084]",1556,1,1555,1,0,1554,1
6.5,ELMETL,[],[],[],"[1097, 1291]",1866,0,1866,0,0,1864,2
6.5,FDFELDI2,"[678, 1070, 1882]",[],"[678, 1070, 1882]","[276, 970]",2418,3,2415,0,3,2413,2
6.5,FDTNFA,"[187, 972]","[187, 972]",[],"[187, 790, 972]",1715,2,1713,2,0,1712,1
6.5,GDMYF5G,"[1036, 1104]",[1036],[1104],"[639, 1036]",1602,2,1600,1,1,1599,1
6.5,GGAC01,"[273, 634, 3189]",[3189],"[273, 634]","[1666, 2226, 3189, 3677]",5039,3,5036,1,2,5033,3
6.5,GGACTAC,"[339, 3218, 4398]","[3218, 4398]",[339],"[970, 2127, 2914, 3218, 4398]",5456,3,5453,2,1,5450,3
6.5,GGACTI,"[153, 841, 1841]","[841, 1841]",[153],"[404, 841, 1137, 1554, 1841]",2419,3,2416,2,1,2413,3
6.5,GGCALB,"[1292, 1863, 2289, 6784, 7824, 9052]","[1863, 2289, 6784, 7824, 9052]",[1292],"[386, 1863, 2289, 3467, 3793, 4235, 4894, 5205, 5933, 6784, 7035, 7824, 8718, 9052, 9685, 10195]",11061,6,11055,5,1,11044,11
6.5,GGCRYD1,"[267, 441, 5234, 6395]","[441, 5234, 6395]",[267],"[441, 1734, 2742, 3150, 3516, 3944, 4332, 4528, 4907, 5234, 5899, 6138, 6395, 6734, 7213]",8153,4,8149,3,1,8137,12
6.5,GGGL03,[432],[432],[],"[432, 768]",1201,1,1200,1,0,1199,1
6.5,GGGNRHIA,"[3627, 4392, 4544]","[3627, 4392]",[4544],"[3627, 4392]",6275,3,6272,2,1,6272,0
6.5,GGNFM1D,[1541],[],[1541],"[2132, 2451]",5631,1,5630,0,1,5628,2
6.5,GGPROP2,[],[],[],[307],641,0,641,0,0,640,1
6.5,GGRIHBGEN,"[1038, 1973, 2982, 3454]","[2982, 3454]","[1038, 1973]","[2982, 3219, 3454]",3879,4,3875,2,2,3874,1
6.5,GGVITIIG,"[54, 190, 2561, 2948, 2952, 3138, 4818, 5848, 6443, 10714, 10971, 12272, 12791, 15771, 15880, 19081, 20126]","[54, 190, 2948, 4818, 6443, 10714, 12272, 15771, 19081]","[2561, 2952, 3138, 5848, 10971, 12791, 15880, 20126]","[54, 190, 442, 2021, 2694, 2948, 3267, 3543, 3791, 4818, 5441, 6229, 6443, 7045, 7268, 8026, 8302, 9149, 9467, 10104, 10448, 10714, 11757, 12272, 12615, 13267, 13505, 14028, 14704, 15348, 15771, 16955, 17864, 19081]",20336,17,20319,9,8,20294,25
6.5,GIBPROTP1A,[],[],[],[160],394,0,394,0,0,393,1
6.5,GORAFPA,"[75, 999, 2955, 4192, 11145, 14707, 15952, 17195]","[999, 2955, 14707]","[75, 4192, 11145, 15952, 17195]","[999, 1860, 2955, 5457, 6760, 7766, 9445, 11629, 13421, 14087, 14707, 16581, 17834]",24600,8,24592,3,5,24582,10
6.5,GORPROTP1A,[],[],[],[164],405,0,405,0,0,404,1
6.5,GPIINS,[],[],[],[526],1465,0,1465,0,0,1464,1
6.5,HAMAMYLP,"[1394, 1473, 2308, 4561, 5045]",[2308],"[1394, 1473, 4561, 5045]",[2308],5948,5,5943,1,4,5943,0
6.5,HAMHG5,"[2817, 4856, 6597]","[4856, 6597]",[2817],"[4856, 5517, 6188, 6597, 7441]",9712,3,9709,2,1,9706,3
6.5,HROAMD1,"[289, 1072, 2687, 3486, 4700, 5962]","[2687, 3486, 4700]","[289, 1072, 5962]","[2687, 3486, 4700]",7092,6,7086,3,3,7086,0
6.5,HROMA2,"[739, 1174]","[739, 1174]",[],"[739, 1174]",1780,2,1778,2,0,1778,0
6.5,HROMA4A,"[1108, 1670]","[1108, 1670]",[],"[1108, 1670]",2332,2,2330,2,0,2330,0
6.5,HRSPRMI,[],[],[],[722],2199,0,2199,0,0,2198,1
6.5,HS1D3HLH,"[1039, 1231]",[1039],[1231],[1039],2474,2,2472,1,1,2472,0
6.5,HS2OXOC,"[1162, 1421, 1694]","[1162, 1421, 1694]",[],"[116, 871, 1162, 1421, 1694, 1825]",2511,3,2508,3,0,2505,3
6.5,HSABLGR1,"[3140, 3344, 6508, 8720, 10400, 13875, 15514, 17116, 25906, 29268, 32399, 33787, 35562]","[8720, 10400, 17116]","[3140, 3344, 6508, 13875, 15514, 25906, 29268, 32399, 33787, 35562]","[8720, 10400, 12434, 14200, 15741, 17116, 17991]",35955,13,35942,3,10,35938,4
6.5,HSALDCG,"[1283, 2641, 3567]","[2641, 3567]",[1283],"[2641, 2939, 3110, 3366, 3567, 3994, 4326]",5191,3,5188,2,1,5183,5
6.5,HSAPC3A,[],[],[],"[919, 1178]",6042,0,6042,0,0,6040,2
6.5,HSAPOA2B,"[232, 245]",[],"[232, 245]","[490, 916]",1748,2,1746,0,2,1744,2
6.5,HSAPOAIA,[],[],[],"[317, 661]",2186,0,2186,0,0,2184,2
6.5,HSAPOAIT,[],[],[],"[491, 835]",2378,0,2378,0,0,2376,2
6.5,HSAPOC2G,"[1276, 1494, 2714]",[2714],"[1276, 1494]","[2714, 3041]",3833,3,3830,1,2,3829,1
6.5,HSAQUPN2,[],[],[],"[431, 632, 746]",988,0,988,0,0,985,3
6.5,HSARYLA,"[2528, 2666]",[],"[2528, 2666]","[848, 1238, 1571, 1815, 2252, 2470, 2823]",3630,2,3628,0,2,3621,7
6.5,HSAT3,"[646, 4823, 4978, 6059, 6934, 10401, 11303, 11320]","[646, 6059, 10401]","[4823, 4978, 6934, 11303, 11320]","[646, 3311, 6059, 7102, 8303, 10401]",14199,8,14191,3,5,14188,3
6.5,HSATPCP1,"[831, 4773, 6382, 6830, 6843, 7267]","[6382, 7267]","[831, 4773, 6830, 6843]","[5389, 6382, 7267]",9450,6,9444,2,4,9443,1
6.5,HSATPCP2,"[4013, 6152, 7490, 8957, 9752, 10918]","[7490, 10918]","[4013, 6152, 8957, 9752]","[7490, 10195, 10918]",15009,6,15003,2,4,15002,1
6.5,HSB3A,[2623],[],[2623],[1843],3676,1,3675,0,1,3674,1
6.5,HSBGPG,[560],[560],[],"[560, 850, 1096]",1668,1,1667,1,0,1665,2
6.5,HSBSF2,"[238, 2450, 4715]",[],"[238, 2450, 4715]","[1242, 1587, 2748, 3601]",5954,3,5951,0,3,5947,4
6.5,HSCBMYHC,"[369, 3932, 5485, 7246, 7735, 10877, 11339, 12427, 12829, 13342, 14210, 17120, 18777, 18896, 21839, 23454]","[5485, 7246, 10877, 11339, 12427, 12829, 13342, 14210, 17120, 18896, 21839, 23454]","[369, 3932, 7735, 18777]","[4595, 5041, 5485, 5644, 6354, 6529, 6694, 7246, 7567, 8354, 8898, 9174, 9626, 10530, 10877, 11339, 12155, 12427, 12829, 13342, 14210, 14571, 15900, 17120, 18228, 18590, 18896, 19262, 19970, 20319, 20604, 21466, 21839, 22088, 22474, 23454, 23701]",24993,16,24977,12,4,24952,25
6.5,HSCD14G,[159],[159],[],[159],1563,1,1562,1,0,1562,0
6.5,HSCKBG,"[876, 3521]",[3521],[876],"[1341, 1619, 1824, 2380, 3174, 3521]",4193,2,4191,1,1,4186,5
6.5,HSCOMT2,"[1075, 2378]",[2378],[1075],"[1630, 1959, 2378]",3644,2,3642,1,1,3640,2
6.5,HSCPH70,"[865, 2936, 3675]",[],"[865, 2936, 3675]","[1729, 4204, 4407, 4801]",6704,3,6701,0,3,6697,4
6.5,HSCSF1PO,"[2816, 7572, 9217, 10517, 11063, 11515, 12975, 15733, 18046, 18156, 18465, 20123, 21444, 26732, 27465, 30823, 34006, 34399]","[7572, 11063, 18156, 18465, 20123, 27465, 30823, 34006]","[2816, 9217, 10517, 11515, 12975, 15733, 18046, 21444, 26732, 34399]","[1965, 7572, 8287, 10227, 11063, 15036, 17882, 18156, 18465, 20123, 26605, 26837, 27465, 28627, 30823, 31040, 32108, 32301, 33091, 34006]",35093,18,35075,8,10,35063,12
6.5,HSCST3G,[4129],[],[4129],"[1328, 3694]",7285,1,7284,0,1,7282,2
6.5,HSCYCLA,"[2406, 5338, 6323]","[2406, 5338]",[6323],"[1393, 2406, 3731, 4168, 5338, 5911, 6667]",8356,3,8353,2,1,8348,5
6.5,HSCYP216,"[255, 879]","[255, 879]",[],"[255, 442, 879, 1088, 1278, 1466, 1836, 2215, 2402]",2764,2,2762,2,0,2755,7
6.5,HSCYP45C,"[185, 1772, 4680, 5008, 5801, 6016]","[5801, 6016]","[185, 1772, 4680, 5008]","[4942, 5624, 5801, 6016, 6248]",7547,6,7541,2,4,7538,3
6.5,HSCYTOK17,"[396, 2079, 2304]",[2304],"[396, 2079]","[581, 1709, 2304, 3066, 3693, 4000, 4123]",5253,3,5250,1,2,5244,6
6.5,HSCYTOK20,"[3128, 5281, 5352, 8722, 9470, 12705, 16620]","[5281, 9470, 12705]","[3128, 5352, 8722, 16620]","[5281, 7512, 9470, 9984, 10271, 11940, 12705]",18054,7,18047,3,4,18043,4
6.5,HSDAO,"[588, 2551, 7431]",[7431],"[588, 2551]","[6426, 7431, 9013]",9896,3,9893,1,2,9891,2
6.5,HSERPG,"[628, 1683, 2474]","[628, 1683, 2474]",[],"[628, 1340, 1683, 2474]",3391,3,3388,3,0,3387,1
6.5,HSFAU1,"[505, 857, 1096, 1129, 1613]","[857, 1096, 1613]","[505, 1129]","[857, 1096, 1613]",2009,5,2004,3,2,2004,0
6.5,HSFESFPS,"[1553, 4522, 5924, 6240, 6445, 7634, 8069, 9371, 11511]","[1553, 5924, 6240, 6445, 7634, 8069, 9371]","[4522, 11511]","[1227, 1553, 3023, 3336, 5405, 5598, 5924, 6240, 6445, 7150, 7634, 8069, 8782, 9151, 9371, 9768, 10015]",12256,9,12247,7,2,12237,10
6.5,HSGCSFG,"[404, 735, 1230, 1521]","[404, 1230, 1521]",[735],"[404, 744, 1230, 1521]",2953,4,2949,3,1,2948,1
6.5,HSGEBCMA,"[700, 1648, 2292]",[],"[700, 1648, 2292]","[607, 1496]",3720,3,3717,0,3,3715,2
6.5,HSGGL2,[547],[547],[],"[202, 547]",1621,1,1620,1,0,1619,1
6.5,HSGLA,"[2148, 8413]",[8413],[2148],"[1374, 5269, 7447, 8413, 10293, 10708]",12429,2,12427,1,1,12422,5
6.5,HSGROW2,[345],[345],[],"[345, 762, 1091, 1349]",1957,1,1956,1,0,1953,3
6.5,HSGSTM4,[37],[37],[],"[37, 391, 874, 1262, 1458, 2469, 2670]",4835,1,4834,1,0,4828,6
6.5,HSGTRH,"[515, 2205, 2322, 3816, 5548, 6275]","[2205, 3816]","[515, 2322, 5548, 6275]","[2205, 3816]",7217,6,7211,2,4,7211,0
6.5,HSHMG17G,"[1793, 2279, 2524, 4021]","[2524, 4021]","[1793, 2279]","[2524, 3415, 3620, 4021, 4553]",7188,4,7184,2,2,7181,3
6.5,HSHNRNPA,"[814, 2869, 3602, 4312]","[814, 2869]","[3602, 4312]","[814, 1494, 1936, 2295, 2481, 2660, 2869, 3962]",5361,4,5357,2,2,5351,6
6.5,HSHOX51,"[1278, 1791, 4023]",[],"[1278, 1791, 4023]",[2052],6298,3,6295,0,3,6294,1
6.5,HSHSC70,"[27, 1245, 1773, 2250, 3307]","[1245, 1773, 2250, 3307]",[27],"[1245, 1773, 2250, 2893, 3307, 3734, 4114]",5401,5,5396,4,1,5393,3
6.5,HSIFNAR,"[830, 5386, 8594, 15482, 16062, 16944, 19442, 24341, 25061, 29554, 30489]","[830, 16944, 19442, 25061, 29554]","[5386, 8594, 15482, 16062, 24341, 30489]","[830, 11325, 16944, 19188, 19442, 21132, 25061, 25314, 28679, 29554]",32899,11,32888,5,6,32883,5
6.5,HSIFNG,"[1897, 2175, 2413, 2446]","[1897, 2175]","[2413, 2446]","[589, 1897, 2175]",5954,4,5950,2,2,5949,1
6.5,HSIL1AG,"[2208, 3215, 3939, 4326]","[2208, 3215, 4326]",[3939],"[2208, 3215, 4326, 6433, 7940]",11963,4,11959,3,1,11957,2
6.5,HSIL1B,"[3144, 7406]","[3144, 7406]",[],"[2528, 3144, 5327, 6039, 7406]",9705,2,9703,2,0,9700,3
6.5,HSINT2,"[3549, 10533, 10644, 10708]",[3549],"[10533, 10644, 10708]","[1156, 3549]",11601,4,11597,1,3,11596,1
6.5,HSL7A,"[2073, 2867, 3525, 4919]","[2073, 2867, 3525, 4919]",[],"[2073, 2867, 3525, 3881, 4164, 4572, 4919]",5499,4,5495,4,0,5492,3
6.5,HSLCATG,"[991, 1352, 1590, 2266, 2574, 5372, 5638, 6574]","[991, 2266, 2574]","[1352, 1590, 5372, 5638, 6574]","[991, 1881, 2076, 2266, 2574]",6894,8,6886,3,5,6884,2
6.5,HSMECDAG,"[716, 2776, 3170, 3852]","[2776, 3852]","[716, 3170]","[1393, 2517, 2776, 2966, 3544, 3852]",4363,4,4359,2,2,4355,4
6.5,HSMED,"[636, 789, 1354]",[1354],"[636, 789]","[1354, 1943, 2315, 4716]",5285,3,5282,1,2,5279,3
6.5,HSMT1H,[20],[],[20],"[816, 1475]",2135,1,2134,0,1,2132,2
6.5,HSNCAMX1,"[1550, 2245, 4142, 8529, 8552, 9373, 10015, 10317, 12072, 12786, 13049, 13893, 14002]","[4142, 8529, 9373, 10015, 10317, 12072, 12786, 13049, 13893, 14002]","[1550, 2245, 8552]","[1609, 4142, 4778, 5218, 6315, 6582, 6983, 7316, 7569, 7852, 8529, 8809, 9068, 9373, 9571, 10015, 10317, 10722, 11667, 12072, 12283, 12550, 12786, 13049, 13487, 13893, 14002]",16281,13,16268,10,3,16251,17
6.5,HSNFM,"[417, 432, 4491]",[],"[417, 432, 4491]","[1822, 2675]",6229,3,6226,0,3,6224,2
6.5,HSODCG,"[1002, 2912, 4649, 5421, 5633, 7614, 8052, 8090, 8854]","[4649, 5421, 5633, 7614]","[1002, 2912, 8052, 8090, 8854]","[4192, 4649, 5028, 5421, 5633, 5893, 7111, 7306, 7614]",9036,9,9027,4,5,9022,5
6.5,HSODF2,"[4, 964]",[],"[4, 964]",[600],1423,2,1421,0,2,1420,1
6.5,HSPAT133,"[393, 654, 794, 1173, 1447]",[1447],"[393, 654, 794, 1173]",[1447],3713,5,3708,1,4,3708,0
6.5,HSPLAPL,"[599, 827]","[599, 827]",[],"[403, 599, 827]",1275,2,1273,2,0,1272,1
6.5,HSPRB3L,"[566, 789, 1103]",[566],"[789, 1103]","[566, 1537]",4509,3,4506,1,2,4505,1
6.5,HSPRB4S,[913],[],[913],"[693, 1658]",5806,1,5805,0,1,5803,2
6.5,HSPSAG,"[4044, 4080]",[4044],[4080],"[447, 1848, 3764, 4044]",5866,2,5864,1,1,5861,3
6.5,HSRPII145,"[588, 1233, 1688, 1729]","[588, 1233]","[1688, 1729]","[449, 588, 908, 1071, 1233]",2086,4,2082,2,2,2079,3
6.5,HSRPS7,"[404, 516, 1831, 2166, 2369, 4254, 5100, 6064, 6068, 6325]","[2166, 2369, 4254]","[404, 516, 1831, 5100, 6064, 6068, 6325]","[2166, 2369, 3108, 4254, 6734]",7506,10,7496,3,7,7494,2
6.5,HSSAA1B,"[862, 1009, 2345, 2367]",[],"[862, 1009, 2345, 2367]","[1543, 3845]",4816,4,4812,0,4,4810,2
6.5,HSSHBG,"[1058, 3148]","[1058, 3148]",[],"[472, 696, 1058, 1551, 1938, 2205, 3148]",3803,2,3801,2,0,3796,5
6.5,HSSSPN1AG,"[2330, 3491]",[3491],[2330],"[1343, 1635, 1809, 3360, 3491]",4089,2,4087,1,1,4083,4
6.5,HSSURF3,"[284, 1033, 1692, 2048, 3074]","[284, 1033, 1692, 2048, 3074]",[],"[284, 1033, 1692, 2048, 2321, 2729, 3074]",3410,5,3405,5,0,3403,2
6.5,HSTNFB,"[836, 1375, 3015]",[1375],"[836, 3015]","[1375, 1567]",3030,3,3027,1,2,3026,1
6.5,HSTPI1G,"[746, 972, 1558, 2035, 3181, 4651, 4849]","[746, 2035, 3181]","[972, 1558, 4651, 4849]","[746, 2035, 2231, 2438, 2821, 3181]",4988,7,4981,3,4,4978,3
6.5,HSTUBAG,"[536, 2287, 3759]","[536, 2287]",[3759],"[536, 2287, 2584]",4080,3,4077,2,1,4076,1
6.5,HSU01102,[668],[668],[],"[668, 3896]",4988,1,4987,1,0,4986,1
6.5,HSU04357,"[97, 1201, 1963]",[97],"[1201, 1963]","[97, 1342]",2075,3,2072,1,2,2071,1
6.5,HSU04636,"[1018, 2996, 5723, 6008]","[1018, 2996, 6008]",[5723],"[1018, 1935, 2199, 2996, 3608, 4424, 4790, 5359, 6008]",9446,4,9442,3,1,9436,6
6.5,HSU05259,"[2091, 2173]",[],"[2091, 2173]","[782, 2685, 3045, 4128]",5663,2,5661,0,2,5657,4
6.5,HSU07807,"[454, 757]",[757],[454],"[757, 3386]",4832,2,4830,1,1,4829,1
6.5,HSU07983,[390],[390],[],[390],1419,1,1418,1,0,1418,0
6.5,HSU08198,"[707, 1124, 1689, 1811, 1900]","[1124, 1689, 1811]","[707, 1900]","[583, 895, 1124, 1316, 1689, 1811]",2337,5,2332,3,2,2329,3
6.5,HSU12421,"[2080, 2255, 3573, 3747]",[2080],"[2255, 3573, 3747]","[311, 2080]",4251,4,4247,1,3,4246,1
6.5,HSUBR,"[1589, 2324]","[1589, 2324]",[],"[1589, 2324]",3290,2,3288,2,0,3288,0
6.5,HSXBXVIII,"[473, 1189, 3859, 4586, 5486, 6115, 7675, 9475, 11843, 12085]","[11843, 12085]","[473, 1189, 3859, 4586, 5486, 6115, 7675, 9475]","[11405, 11589, 11843, 12085]",12637,10,12627,2,8,12625,2
6.5,HSZNGP1,"[518, 565, 6347, 8597]",[518],"[565, 6347, 8597]","[518, 4718, 8313]",9816,4,9812,1,3,9810,2
6.5,HUMADAG,"[1355, 4817, 11568, 15661, 19292, 19529, 20776, 21114, 30860, 32497, 32675, 32916, 34484, 35203]","[19292, 32497, 32675, 32916, 34484, 35203]","[1355, 4817, 11568, 15661, 19529, 20776, 21114, 30860]","[4064, 19292, 26467, 29052, 29939, 31304, 32497, 32675, 32916, 34484, 35203]",36734,14,36720,6,8,36715,5
6.5,HUMADPRF02,"[1650, 3035, 3392]",[1650],"[3035, 3392]","[359, 1308, 1650]",5160,3,5157,1,2,5155,2
6.5,HUMAPEXN,"[1465, 1535, 2622]","[1465, 2622]",[1535],"[1465, 1863, 2622]",3723,3,3720,2,1,3719,1
6.5,HUMAPOCII,"[1557, 1778, 2995]",[2995],"[1557, 1778]","[2995, 3321]",4333,3,4330,1,2,4329,1
6.5,HUMAPOE4,[3200],[3200],[],"[1914, 3200]",5508,1,5507,1,0,5506,1
6.5,HUMATPGG,"[1902, 6534]","[1902, 6534]",[],"[1445, 1727, 1902, 2677, 4293, 4749, 5307, 6118, 6534, 6749, 7456, 8198, 9436, 9672, 9946, 10190, 11405, 12074, 13663, 14100, 14276]",15108,2,15106,2,0,15087,19
6.5,HUMBETGLOA,"[1311, 2559]",[1311],[2559],"[958, 1311]",2995,2,2993,1,1,2992,1
6.5,HUMBETGLOB,"[1309, 2557]",[1309],[2557],"[956, 1309]",2993,2,2991,1,1,2990,1
6.5,HUMBETGLOC,"[1311, 2559]",[1311],[2559],"[958, 1311]",2995,2,2993,1,1,2992,1
6.5,HUMBETGLOD,"[1311, 2559]",[1311],[2559],"[958, 1311]",2995,2,2993,1,1,2992,1
6.5,HUMBETGLOE,"[1309, 2557]",[1309],[2557],"[956, 1309]",2993,2,2991,1,1,2990,1
6.5,HUMBETGLOF,"[1311, 2559]",[1311],[2559],"[958, 1311]",2995,2,2993,1,1,2992,1
6.5,HUMBETGLOG,"[1311, 2559]",[1311],[2559],"[958, 1311]",2995,2,2993,1,1,2992,1
6.5,HUMBETGLOH,"[1311, 2559]",[1311],[2559],"[958, 1311]",2995,2,2993,1,1,2992,1
6.5,HUMBETGLOI,"[1309, 2557]",[1309],[2557],"[956, 1309]",2993,2,2991,1,1,2990,1
6.5,HUMBETGLOJ,"[1309, 2557]",[1309],[2557],"[956, 1309]",2993,2,2991,1,1,2990,1
6.5,HUMBETGLOK,"[1309, 2557]",[1309],[2557],"[956, 1309]",2993,2,2991,1,1,2990,1
6.5,HUMBETGLOL,"[1309, 2557]",[1309],[2557],"[956, 1309]",2993,2,2991,1,1,2990,1
6.5,HUMBETGLOM,"[1308, 2556]",[1308],[2556],"[955, 1308]",2992,2,2990,1,1,2989,1
6.5,HUMBETGLON,"[1309, 2557]",[1309],[2557],"[956, 1309]",2993,2,2991,1,1,2990,1
6.5,HUMBETGLOO,"[1309, 2557]",[1309],[2557],"[956, 1309]",2993,2,2991,1,1,2990,1
6.5,HUMBETGLOP,"[1309, 2557]",[1309],[2557],"[956, 1309]",2993,2,2991,1,1,2990,1
6.5,HUMBETGLOR,"[1309, 2557]",[1309],[2557],"[956, 1309]",2993,2,2991,1,1,2990,1
6.5,HUMCBRG,[1220],[1220],[],"[567, 1220]",3319,1,3318,1,0,3317,1
6.5,HUMCHYMASE,"[969, 5216, 6037]","[5216, 6037]",[969],"[5216, 6037, 6922, 7363]",8109,3,8106,2,1,8104,2
6.5,HUMCP21OH,"[947, 1571]","[947, 1571]",[],"[947, 1134, 1571, 1780, 1970, 2158, 2528, 2907, 3094]",4035,2,4033,2,0,4026,7
6.5,HUMCP21OHC,"[948, 1572]","[948, 1572]",[],"[948, 1135, 1572, 1781, 1971, 2159, 2529, 2908, 3096]",4037,2,4035,2,0,4028,7
6.5,HUMCS1,[565],[565],[],"[565, 991, 1334, 1591]",2294,1,2293,1,0,2290,3
6.5,HUMCS3,"[566, 2520]",[566],[2520],"[566, 991, 1334, 1588]",2733,2,2731,1,1,2728,3
6.5,HUMCSN2A,"[4855, 5620, 5747, 9482]","[4855, 5747]","[5620, 9482]","[4855, 5747, 6747, 6887, 8522]",10601,4,10597,2,2,10594,3
6.5,HUMCSPA,"[982, 2276, 2929, 3691]","[982, 2276, 2929]",[3691],"[982, 2276, 2929, 3392]",4784,4,4780,3,1,4779,1
6.5,HUMCTLA1,"[988, 2179, 2770, 3236]","[988, 2179, 2770, 3236]",[],"[988, 2179, 2770, 3236]",4521,4,4517,4,0,4517,0
6.5,HUMDEF5A,[296],[],[296],[1571],2873,1,2872,0,1,2871,1
6.5,HUMDZA2G,"[2003, 3942, 5389, 5436, 11212, 13467]",[5389],"[2003, 3942, 5436, 11212, 13467]","[5389, 9590, 13183]",14687,6,14681,1,5,14679,2
6.5,HUMELAFIN,"[326, 1461]",[326],[1461],[326],1871,2,1869,1,1,1869,0
6.5,HUMEPOHYDD,"[2289, 8696, 16085, 16775, 19204, 20857, 21354, 22952, 23010]","[8696, 16085, 16775, 19204, 21354]","[2289, 20857, 22952, 23010]","[5656, 8696, 15620, 16085, 16775, 19204, 21354]",24783,9,24774,5,4,24772,2
6.5,HUMG0S24B,[631],[631],[],[631],3128,1,3127,1,0,3127,0
6.5,HUMG0S8PP,[4646],[4646],[],"[2682, 3768, 3932, 4646]",7338,1,7337,1,0,7334,3
6.5,HUMGAD45A,"[2596, 3645]","[2596, 3645]",[],"[2596, 3184, 3645]",5371,2,5369,2,0,5368,1
6.5,HUMGARE,"[3207, 4469]",[],"[3207, 4469]","[810, 2239, 2653, 3118]",4747,2,4745,0,2,4741,4
6.5,HUMGCK,"[3799, 6475]",[6475],[3799],"[1188, 3360, 3882, 4312, 4806, 5015, 5452, 5964, 6475]",7530,2,7528,1,1,7520,8
6.5,HUMGFP40H,[],[],[],"[910, 1058, 1173, 2593]",4372,0,4372,0,0,4368,4
6.5,HUMGHG,"[689, 1983, 2636, 3398]","[689, 1983, 2636]",[3398],"[689, 1983, 2636, 3099]",4445,4,4441,3,1,4440,1
6.5,HUMGHN,[569],[569],[],"[569, 989, 1316, 1574]",2650,1,2649,1,0,2646,3
6.5,HUMGHV,"[432, 566]",[566],[432],"[566, 998, 1328, 1584]",2653,2,2651,1,1,2648,3
6.5,HUMGSTM4A,"[777, 1272]",[777],[1272],"[777, 1139, 1631, 2024, 2225, 3262, 3463]",6075,2,6073,1,1,6067,6
6.5,HUMHMGIY,"[1075, 4627, 5150, 5496, 7133, 9286, 9390]",[],"[1075, 4627, 5150, 5496, 7133, 9286, 9390]","[4660, 6544, 7270]",10103,7,10096,0,7,10093,3
6.5,HUMHOX13G,[],[],[],[811],3064,0,3064,0,0,3063,1
6.5,HUMHPARS1,"[7692, 11385]",[],"[7692, 11385]","[1046, 2632, 3020, 3855, 4744, 5577]",11544,2,11542,0,2,11536,6
6.5,HUMIBP3,"[2441, 4358, 4406, 6617, 8353]","[2441, 6617]","[4358, 4406, 8353]","[2441, 5953, 6617]",10877,5,10872,2,3,10871,1
6.5,HUMIDS,"[2038, 2376, 4119, 4778, 5244, 11158, 11397, 14655, 15901, 25810, 29400, 30410, 31004, 35761]","[2038, 5244]","[2376, 4119, 4778, 11158, 11397, 14655, 15901, 25810, 29400, 30410, 31004, 35761]","[1160, 2038, 2882, 5244, 8086, 9847, 15879, 19268]",36838,14,36824,2,12,36818,6
6.5,HUMIGERA,"[1342, 1797, 3105, 4527, 5168]","[1342, 1797, 3105, 5168]",[4527],"[1342, 1797, 3105, 5168]",7652,5,7647,4,1,7647,0
6.5,HUMIL2RGA,[840],[],[840],"[203, 735, 1128, 1476, 2402, 3031, 3353]",4031,1,4030,0,1,4023,7
6.5,HUMIL4A,"[1306, 1626, 3254, 8407, 8466]","[1306, 1626]","[3254, 8407, 8466]","[1306, 1626, 7003]",9893,5,9888,2,3,9887,1
6.5,HUMIRBPG,"[1823, 3181, 3550, 5069, 7160]","[3181, 7160]","[1823, 3550, 5069]","[3181, 5157, 7160]",9704,5,9699,2,3,9698,1
6.5,HUMLHDC,"[166, 7415, 10512, 11221, 11774, 14169, 14605, 18382, 18855, 20300, 20482, 22046, 23463, 31819]","[7415, 14605, 18382, 20300, 20482]","[166, 10512, 11221, 11774, 14169, 18855, 22046, 23463, 31819]","[7415, 9773, 14605, 15584, 18382, 18782, 19312, 20300, 20482, 24666, 29773]",32344,14,32330,5,9,32324,6
6.5,HUMLUCT,"[1550, 2861]","[1550, 2861]",[],"[1550, 2505, 2861]",3289,2,3287,2,0,3286,1
6.5,HUMLYTOXBB,"[1357, 2934, 3631]","[2934, 3631]",[1357],"[2934, 3376, 3631]",6298,3,6295,2,1,6294,1
6.5,HUMMCHEMP,"[159, 674]",[674],[159],"[674, 1590]",2758,2,2756,1,1,2755,1
6.5,HUMMET2,[],[],[],"[866, 1233]",1696,0,1696,0,0,1694,2
6.5,HUMMGPA,[3748],[],[3748],"[3516, 5093, 6334]",7727,1,7726,0,1,7723,3
6.5,HUMMIF,[],[],[],"[1281, 1643]",2160,0,2160,0,0,2158,2
6.5,HUMMIS,[623],[623],[],"[623, 1358, 1639, 1887]",3093,1,3092,1,0,3089,3
6.5,HUMMKXX,[2463],[],[2463],"[1415, 1737, 2019]",3301,1,3300,0,1,3297,3
6.5,HUMNKG5PRO,"[2262, 3215, 3848, 5468]","[2262, 3215, 3848, 5468]",[],"[2262, 3215, 3848, 5468]",6739,4,6735,4,0,6735,0
6.5,HUMNTRI,"[2145, 2802, 3141]",[2802],"[2145, 3141]",[2802],3703,3,3700,1,2,3700,0
6.5,HUMNTRIII,"[2145, 2802, 3141]",[2802],"[2145, 3141]",[2802],3703,3,3700,1,2,3700,0
6.5,HUMOSTP,"[3657, 6986]","[3657, 6986]",[],"[3509, 3657, 6679, 6986, 8349]",10731,2,10729,2,0,10726,3
6.5,HUMPAP,"[1012, 1410, 3167, 3342]","[1410, 3167]","[1012, 3342]","[1410, 2089, 2414, 3167]",4490,4,4486,2,2,4484,2
6.5,HUMPCI,"[2226, 2298, 3307, 4697, 7199, 8568, 8725, 14117, 14247]",[8568],"[2226, 2298, 3307, 4697, 7199, 8725, 14117, 14247]","[8568, 10898, 11483]",15564,9,15555,1,8,15553,2
6.5,HUMPEM,"[934, 1033, 2266, 2707, 2973, 3203, 3297]","[934, 2266, 2707, 2973, 3203]","[1033, 3297]","[934, 2266, 2421, 2707, 2973, 3203]",4236,7,4229,5,2,4228,1
6.5,HUMPEPYYA,"[727, 1201]",[1201],[727],"[1201, 1388]",2371,2,2369,1,1,2368,1
6.5,HUMPF4V1A,[381],[381],[],"[381, 826]",1461,1,1460,1,0,1459,1
6.5,HUMPHOSA,[850],[850],[],"[233, 850, 1494, 1810, 2323, 2988, 3209, 3729]",4885,1,4884,1,0,4877,7
6.5,HUMPRCA,"[130, 2309, 3438, 5118, 5348, 5452, 5585, 11461]","[5118, 5348, 5585]","[130, 2309, 3438, 5452, 11461]","[2201, 3631, 5118, 5348, 5585, 8396, 9387]",11718,8,11710,3,5,11706,4
6.5,HUMPREELAS,"[596, 1729]",[596],[1729],[596],2293,2,2291,1,1,2291,0
6.5,HUMPRPHX,"[1838, 2127, 2502, 2869, 3173, 3322, 3633]","[1838, 2127, 2869, 3173, 3322, 3633]",[2502],"[1346, 1838, 2127, 2652, 2869, 3173, 3322, 3633]",4525,7,4518,6,1,4516,2
6.5,HUMRCC1,"[638, 654, 2711, 5210, 5741, 11134, 12573, 14368, 14697, 24201, 26218, 28244, 28523, 29766]","[24201, 26218, 28244, 29766]","[638, 654, 2711, 5210, 5741, 11134, 12573, 14368, 14697, 28523]","[24201, 26218, 26579, 28010, 28244, 28893, 29247, 29766]",34634,14,34620,4,10,34616,4
6.5,HUMREGHOM,"[52, 684, 1909, 2739, 2825]","[684, 2739]","[52, 1909, 2825]","[684, 1419, 1864, 2739]",3404,5,3399,2,3,3397,2
6.5,HUMROD1X,[1876],[1876],[],"[1242, 1876]",2834,1,2833,1,0,2832,1
6.5,HUMRPIB2,"[899, 1531, 2758, 3588, 3674]","[1531, 3588]","[899, 2758, 3674]","[1531, 2268, 2713, 3588]",4330,5,4325,2,3,4323,2
6.5,HUMRPS6B,"[359, 1168, 1838, 3893]","[359, 1838]","[1168, 3893]","[359, 1059, 1838, 2178, 4051]",4967,4,4963,2,2,4960,3
6.5,HUMSEMI,[793],[793],[],[793],4157,1,4156,1,0,4156,0
6.5,HUMSEMIIB,"[4486, 4667, 5820, 6446]",[4486],"[4667, 5820, 6446]",[4486],8217,4,8213,1,3,8213,0
6.5,HUMSTATH2,"[1553, 2025, 2848]",[1553],"[2025, 2848]","[353, 1553, 1675]",4716,3,4713,1,2,4711,2
6.5,HUMTBGA,"[854, 1021, 4941, 6314]",[4941],"[854, 1021, 6314]","[4941, 6265, 7144]",8762,4,8758,1,3,8756,2
6.5,HUMTCRBRA,[278],[278],[],[278],729,1,728,1,0,728,0
6.5,HUMTHROMA,"[159, 787, 4817]",[4817],"[159, 787]","[1985, 2344, 2717, 4817]",6156,3,6153,1,2,6150,3
6.5,HUMTNP2SS,[],[],[],[658],1775,0,1775,0,0,1774,1
6.5,HUMTPALBU,"[2741, 4587]",[2741],[4587],"[1094, 1621, 2741, 3425, 4361]",6165,2,6163,1,1,6159,4
6.5,HUMTRHYAL,[201],[],[201],[1645],9544,1,9543,0,1,9542,1
6.5,HUMTSHB2,[],[],[],[187],979,0,979,0,0,978,1
6.5,HUMV2R,"[261, 1366, 2128]",[261],"[1366, 2128]","[261, 1507]",2275,3,2272,1,2,2271,1
6.5,HYPSCGH,"[806, 1624]",[1624],[806],"[41, 451, 1039, 1624]",2477,2,2475,1,1,2472,3
6.5,LAYEGLOBIN,"[238, 584, 1197]","[238, 584]",[1197],"[238, 584]",1695,3,1692,2,1,1692,0
6.5,LEBGLOB,"[142, 157, 1501, 1926]",[1926],"[142, 157, 1501]","[1577, 1926]",3639,4,3635,1,3,3634,1
6.5,LNOEGLOBIN,"[236, 587, 1197]","[236, 587]",[1197],"[236, 587]",1691,3,1688,2,1,1688,0
6.5,MACHBGA1,"[283, 841]",[841],[283],"[495, 841]",2098,2,2096,1,1,2095,1
6.5,MACHBGA2,"[281, 839]",[839],[281],"[493, 839]",2101,2,2099,1,1,2098,1
6.5,MAMGLUTRA,"[484, 5131]",[484],[5131],"[484, 821, 1255, 1627, 1819, 2745, 2938]",6288,2,6286,1,1,6280,6
6.5,MAU09941,"[1031, 1830]",[1830],[1031],[1830],3799,2,3797,1,1,3797,0
6.5,MFAPOA2A,[133],[],[133],"[379, 785]",1490,1,1489,0,1,1487,2
6.5,MFAPOC3A,[2232],[],[2232],"[913, 1172]",3255,1,3254,0,1,3252,2
6.5,MMA2IXCOA,"[5682, 7250, 7684, 9322, 9467, 9626, 13447, 13726, 14575, 15597, 15933, 16114, 16240, 16522, 16811, 17275, 18283]","[5682, 7250, 7684, 9322, 9467, 9626, 13447, 13726, 14575, 15597, 15933, 16114, 16240, 16522, 16811, 17275]",[18283],"[3132, 4386, 5682, 5831, 7102, 7250, 7371, 7684, 8064, 8216, 8401, 8539, 8882, 9322, 9467, 9626, 13033, 13447, 13726, 14575, 15021, 15338, 15597, 15746, 15933, 16114, 16240, 16522, 16811, 17275, 17647]",19472,17,19455,16,1,19440,15
6.5,MMACLGNA,"[474, 1458]",[474],[1458],"[474, 3178]",3874,2,3872,1,1,3871,1
6.5,MMAPOG,"[265, 536]",[536],[265],"[536, 806]",2169,2,2167,1,1,2166,1
6.5,MMASM1G,"[1088, 3245, 3745]","[1088, 3245, 3745]",[],"[1088, 2244, 2928, 3245, 3745]",4768,3,4765,3,0,4763,2
6.5,MMCASEIB,"[4901, 6603, 7023, 7160, 10443]","[7023, 7160]","[4901, 6603, 10443]","[6252, 7023, 7160, 8126, 8252, 9803]",13047,5,13042,2,3,13038,4
6.5,MMCD24A,[2486],[2486],[],[2486],7635,1,7634,1,0,7634,0
6.5,MMCFOS,"[844, 1850]","[844, 1850]",[],"[844, 1850, 2363]",3960,2,3958,2,0,3957,1
6.5,MMCOL10A,"[560, 1070, 1802, 4222, 5660, 6146, 9322]",[1802],"[560, 1070, 4222, 5660, 6146, 9322]",[1802],9324,7,9317,1,6,9317,0
6.5,MMCRPG,[],[],[],[375],2133,0,2133,0,0,2132,1
6.5,MMCYTOKNA,[810],[810],[],"[810, 1559]",2552,1,2551,1,0,2550,1
6.5,MMDM2RR,"[665, 854, 1651, 2702, 3378, 3962, 4925]","[665, 854, 1651, 2702, 3962, 4925]",[3378],"[665, 854, 1305, 1651, 2702, 3701, 3962, 4925, 5134]",6633,7,6626,6,1,6623,3
6.5,MMDNAASFA,[855],[855],[],"[855, 1241, 1576, 1823, 2135, 2357, 2695]",4311,1,4310,1,0,4304,6
6.5,MMEZGL,[],[],[],"[589, 1599]",1947,0,1947,0,0,1945,2
6.5,MMG37,"[788, 2570]","[788, 2570]",[],"[332, 788, 1303, 2119, 2363, 2570]",3066,2,3064,2,0,3060,4
6.5,MMGBCRYA,[671],[671],[],"[671, 1003]",2655,1,2654,1,0,2653,1
6.5,MMGCCRYA,"[721, 2488]",[721],[2488],"[721, 1056]",2885,2,2883,1,1,2882,1
6.5,MMGFAPD,"[1901, 4335, 7907]","[1901, 4335, 7907]",[],"[713, 1624, 1901, 2995, 3906, 4335, 5452, 7907]",9964,3,9961,3,0,9956,5
6.5,MMGGLINE,"[204, 2076, 2634, 6374, 6955, 7513, 9179]",[7513],"[204, 2076, 2634, 6374, 6955, 9179]","[7167, 7513]",11279,7,11272,1,6,11271,1
6.5,MMGK5,[],[],[],"[695, 1805, 2595, 2825]",3603,0,3603,0,0,3599,4
6.5,MMH2D4Q5,"[159, 644]","[159, 644]",[],"[159, 644]",1101,2,1099,2,0,1099,0
6.5,MMHOX13,[],[],[],[800],2828,0,2828,0,0,2827,1
6.5,MMHOX24I,[837],[837],[],[837],1916,1,1915,1,0,1915,0
6.5,MMIL1BG,"[1938, 4398, 5679]","[1938, 4398, 5679]",[],"[1356, 1938, 3680, 4398, 5679]",7093,3,7090,3,0,7088,2
6.5,MMIL3G,[2090],[2090],[],"[686, 824, 1913, 2090]",3483,1,3482,1,0,3479,3
6.5,MMIL5G,[5303],[],[5303],"[731, 1593, 3597]",6720,1,6719,0,1,6716,3
6.5,MMKFGF,"[1045, 1337, 2886]",[1045],"[1337, 2886]","[542, 1045]",3982,3,3979,1,2,3978,1
6.5,MMLDHAG,"[4377, 4577, 5333, 7171, 7668, 8315, 8402, 8597]","[4577, 7171, 7668, 8597]","[4377, 5333, 8315, 8402]","[4577, 5919, 7171, 7668, 8597, 10704]",12844,8,12836,4,4,12834,2
6.5,MMMMP9A,"[3945, 4864, 6356, 6564]","[3945, 6356, 6564]",[4864],"[1341, 2008, 2375, 2781, 3064, 3418, 3945, 4206, 5695, 5936, 6356, 6564]",8183,4,8179,3,1,8170,9
6.5,MMMRPS24,"[404, 3934]",[404],[3934],"[404, 1460, 1761, 3137]",5492,2,5490,1,1,5487,3
6.5,MMMTIX,[],[],[],"[402, 951]",1553,0,1553,0,0,1551,2
6.5,MMMUPBS6,[2425],[],[2425],"[731, 1203, 2045, 2793, 3236]",4615,1,4614,0,1,4609,5
6.5,MMMYCL,"[919, 7565, 8161]",[],"[919, 7565, 8161]",[1787],8309,3,8306,0,3,8305,1
6.5,MMNFMG,"[4409, 4804]",[],"[4409, 4804]","[1634, 2540]",5464,2,5462,0,2,5460,2
6.5,MMNMYC,[],[],[],[1163],4800,0,4800,0,0,4799,1
6.5,MMNUCLEO,"[2042, 3040, 3141, 4293, 4879, 5198, 6230, 8122, 10436]","[2042, 3141, 4293, 4879, 5198, 6230, 8122, 10436]",[3040],"[2042, 3141, 4293, 4694, 4879, 5198, 6230, 7517, 8122, 8738, 9050, 9881, 10436]",11471,9,11462,8,1,11457,5
6.5,MMODC2,"[737, 1374, 2523, 2702, 2999]","[737, 1374, 2702, 2999]",[2523],"[331, 737, 1053, 1374, 1557, 1801, 2508, 2702, 2999]",4253,5,4248,4,1,4243,5
6.5,MMOESTEOP,"[1127, 1666, 4834]",[1127],"[1666, 4834]","[993, 1127, 2283, 2821, 4101]",5775,3,5772,1,2,5768,4
6.5,MMPO,"[324, 1709, 2446, 3054, 3728, 3749, 8043, 8907, 9903]","[2446, 3728, 8907, 9903]","[324, 1709, 3054, 3749, 8043]","[2193, 2446, 2948, 3503, 3728, 4018, 4769, 7167, 8440, 8907, 9903]",11906,9,11897,4,5,11890,7
6.5,MMPPSOMA,"[562, 1034, 1208]",[1034],"[562, 1208]",[1034],2557,3,2554,1,2,2554,0
6.5,MMPROP2,[],[],[],[289],713,0,713,0,0,712,1
6.5,MMPROT1,[],[],[],[759],1179,0,1179,0,0,1178,1
6.5,MMPROT2,"[508, 1218]",[1218],[508],[1218],1569,2,1567,1,1,1567,0
6.5,MMSAP,[441],[441],[],[441],1869,1,1868,1,0,1868,0
6.5,MMSCIMIP,[],[],[],"[415, 1017]",1981,0,1981,0,0,1979,2
6.5,MMSYNDE1A,"[1345, 1992, 6622, 11397, 14080, 19009, 19542, 19726, 20942, 22802]","[1345, 19009, 20942]","[1992, 6622, 11397, 14080, 19542, 19726, 22802]","[1345, 19009, 20385, 20942]",23593,10,23583,3,7,23582,1
6.5,MMTHY1G,[1009],[1009],[],"[80, 1009]",2683,1,2682,1,0,2681,1
6.5,MMTLAC,[299],[299],[],"[299, 748, 1171, 3092, 3338]",5250,1,5249,1,0,5245,4
6.5,MMTNFBG,"[1196, 1553, 1728]",[1728],"[1196, 1553]","[1728, 1911]",3212,3,3209,1,2,3208,1
6.5,MMTROPIB,"[183, 1832, 1932, 2033, 4604]","[1932, 4604]","[183, 1832, 2033]","[1697, 1932, 2185, 2656, 3037, 3564, 4604]",5684,5,5679,2,3,5674,5
6.5,MMTUM198,"[120, 2818, 3313, 3587, 3818, 4220]","[2818, 3313, 3587, 3818]","[120, 4220]","[1692, 2818, 3098, 3313, 3587, 3818, 4180]",4377,6,4371,4,2,4368,3
6.5,MMU01530,[3231],[3231],[],"[3094, 3231]",6700,1,6699,1,0,6698,1
6.5,MMU02278,[],[],[],[1638],3974,0,3974,0,0,3973,1
6.5,MMU02298,[4897],[],[4897],"[1180, 2413]",5852,1,5851,0,1,5849,2
6.5,MMU02884,"[814, 1630, 5244, 7567]","[1630, 5244]","[814, 7567]","[1630, 5244, 6836]",8758,4,8754,2,2,8753,1
6.5,MMU04056,"[1382, 2747, 4688, 6264, 7683, 8680, 14615, 15417, 16348, 18100]","[1382, 4688]","[2747, 6264, 7683, 8680, 14615, 15417, 16348, 18100]","[1382, 3530, 4688, 7979, 8895, 10317, 10876, 11259, 12211, 13491, 16230, 16561]",21711,10,21701,2,8,21691,10
6.5,MMU04827,"[105, 4281, 4301, 4969, 5675]","[4281, 4969]","[105, 4301, 5675]","[3684, 4281, 4969]",7601,5,7596,2,3,7595,1
6.5,MMU07568,"[84, 267, 482]","[84, 267, 482]",[],"[84, 267, 482]",744,3,741,3,0,741,0
6.5,MMU07808,"[61, 547, 673]",[673],"[61, 547]","[673, 1697]",2841,3,2838,1,2,2837,1
6.5,MMU09741,"[1094, 1230]",[1230],[1094],"[245, 1230]",2845,2,2843,1,1,2842,1
6.5,MMU09964,"[375, 2490, 2680, 3428, 5726, 5730, 6890, 7525, 7760, 7962, 8601]","[3428, 7962, 8601]","[375, 2490, 2680, 5726, 5730, 6890, 7525, 7760]","[1968, 3428, 4303, 4607, 7962, 8162, 8601, 9017, 9311, 10875]",11455,11,11444,3,8,11437,7
6.5,MMU10098,"[1173, 5292, 5695]",[1173],"[5292, 5695]","[1173, 3509]",6118,3,6115,1,2,6114,1
6.5,MMU11054,[],[],[],"[457, 1418, 1996]",2565,0,2565,0,0,2562,3
6.5,MMU11713,"[288, 634]","[288, 634]",[],"[288, 634]",1760,2,1758,2,0,1758,0
6.5,MMU12029,"[582, 1264]","[582, 1264]",[],"[582, 1264]",2256,2,2254,2,0,2254,0
6.5,MMU12273,[],[],[],"[680, 1085, 1740]",2576,0,2576,0,0,2573,3
6.5,MMU12559,[],[],[],[247],919,0,919,0,0,918,1
6.5,MMU12560,[],[],[],[247],921,0,921,0,0,920,1
6.5,MMU12561,[],[],[],[247],917,0,917,0,0,916,1
6.5,MMU12562,[],[],[],[247],919,0,919,0,0,918,1
6.5,MMU12565,[247],[247],[],[247],1044,1,1043,1,0,1043,0
6.5,MMU13921,"[952, 1867, 2354, 3990]","[952, 2354, 3990]",[1867],"[952, 2003, 2354, 2693, 2930, 3241, 3990]",4671,4,4667,3,1,4663,4
6.5,MMU14421,[3848],[],[3848],"[3668, 4237, 4502, 4814]",6255,1,6254,0,1,6250,4
6.5,MMVITRO,"[2054, 3755, 3812, 3820, 3855, 3863]",[2054],"[3755, 3812, 3820, 3855, 3863]","[1845, 2054, 2474, 2693, 3017, 3279, 4355]",4997,6,4991,1,5,4985,6
6.5,MMVPREB2,"[172, 379]",[379],[172],[379],1046,2,1044,1,1,1044,0
6.5,MMVPREB3,"[172, 379]",[379],[172],[379],1046,2,1044,1,1,1044,0
6.5,MNKEGLOBIM,"[237, 583, 1196]","[237, 583]",[1196],"[237, 583]",1694,3,1691,2,1,1691,0
6.5,MNKEGLOBIN,"[237, 583, 1194]","[237, 583]",[1194],"[237, 583]",1692,3,1689,2,1,1689,0
6.5,MNKHGBGGAG,[633],[633],[],"[287, 633]",1698,1,1697,1,0,1696,1
6.5,MNPROP2,[],[],[],[278],697,0,697,0,0,696,1
6.5,MUS8HS20,[2562],[],[2562],[940],2623,1,2622,0,1,2621,1
6.5,MUSAP,"[3574, 4740, 5547, 6709]","[3574, 4740, 6709]",[5547],"[3574, 3815, 4034, 4509, 4740, 4971, 5290, 5619, 5952, 6406, 6709]",8087,4,8083,3,1,8075,8
6.5,MUSAP5A,"[551, 697, 786, 1768, 2428, 2463, 4614, 6816]","[2428, 4614]","[551, 697, 786, 1768, 2463, 6816]","[2428, 2759, 4614]",6822,8,6814,2,6,6813,1
6.5,MUSAPEX,[],[],[],"[1684, 2089, 2742]",4035,0,4035,0,0,4032,3
6.5,MUSAPOAII,[723],[723],[],"[723, 1155]",2953,1,2952,1,0,2951,1
6.5,MUSAPOIVA,"[588, 975, 1385]","[588, 975]",[1385],"[588, 975]",3013,3,3010,2,1,3010,0
6.5,MUSBMP4,"[768, 2149, 2473, 5497]",[],"[768, 2149, 2473, 5497]",[7179],9668,4,9664,0,4,9663,1
6.5,MUSBNP,"[336, 753]","[336, 753]",[],"[336, 753]",1461,2,1459,2,0,1459,0
6.5,MUSCD14A,[176],[176],[],[176],1866,1,1865,1,0,1865,0
6.5,MUSCRKNB,"[1440, 3842, 3862]",[3842],"[1440, 3862]","[1904, 2245, 2455, 2796, 3505, 3842]",4514,3,4511,1,2,4506,5
6.5,MUSCYTCOVB,[724],[724],[],"[724, 1319, 1585]",2533,1,2532,1,0,2530,2
6.5,MUSENDOBA,"[2117, 2743, 3115, 4049, 4430, 4898, 5090, 5589]","[2743, 4049, 5090, 5589]","[2117, 3115, 4430, 4898]","[2743, 3618, 4049, 4853, 5090, 5589]",7872,8,7864,4,4,7862,2
6.5,MUSFAUA,"[846, 925, 1496, 2124]","[1496, 2124]","[846, 925]","[1249, 1496, 2124]",2843,4,2839,2,2,2838,1
6.5,MUSFERHC,"[483, 1827]","[483, 1827]",[],"[483, 1827, 2185]",2783,2,2781,2,0,2780,1
6.5,MUSFKBP13X,"[321, 736]","[321, 736]",[],"[321, 736, 904, 1282]",1574,2,1572,2,0,1570,2
6.5,MUSGAD45,"[935, 2647]",[935],[2647],"[935, 1126, 1458]",3093,2,3091,1,1,3089,2
6.5,MUSGFJE,[624],[624],[],"[624, 1489]",2404,1,2403,1,0,2402,1
6.5,MUSGPOAD,"[1044, 4816, 4916]","[1044, 4916]",[4816],"[1044, 2306, 4403, 4916]",8069,3,8066,2,1,8064,2
6.5,MUSHBBH0,[365],[365],[],"[365, 914]",2128,1,2127,1,0,2126,1
6.5,MUSHBBH1,[451],[451],[],"[451, 780]",1919,1,1918,1,0,1917,1
6.5,MUSHES1,"[556, 1108, 1351]","[556, 1108]",[1351],"[556, 784, 1108]",2818,3,2815,2,1,2814,1
6.5,MUSHOX35A,"[232, 3519]",[],"[232, 3519]",[1308],3848,2,3846,0,2,3845,1
6.5,MUSIL1RN,"[512, 2186, 2289, 2483, 3549]","[512, 2483, 3549]","[2186, 2289]","[512, 2483, 3549]",6343,5,6338,3,2,6338,0
6.5,MUSKE3A,"[1604, 1881, 2194]",[],"[1604, 1881, 2194]","[21, 544, 3218, 3400]",3613,3,3610,0,3,3606,4
6.5,MUSLMP7A,"[1318, 1407]",[1318],[1407],"[1318, 2153, 2454, 3029, 3674]",4260,2,4258,1,1,4254,4
6.5,MUSLTA,"[1207, 1632, 1807]",[1807],"[1207, 1632]","[1807, 1990]",3287,3,3284,1,2,3283,1
6.5,MUSMC26,"[843, 2419, 2475]",[2419],"[843, 2475]","[2419, 3190, 4144]",5387,3,5384,1,2,5382,2
6.5,MUSOGC,"[113, 489]","[113, 489]",[],"[113, 290, 489]",942,2,940,2,0,939,1
6.5,MUSOGCA,"[285, 866, 1242]","[866, 1242]",[285],"[866, 1043, 1242]",1695,3,1692,2,1,1691,1
6.5,MUSOGCB,"[113, 490]","[113, 490]",[],"[113, 290, 490]",943,2,941,2,0,940,1
6.5,MUSPNMT,"[1665, 1881, 2135, 2755]",[1665],"[1881, 2135, 2755]","[1665, 2343]",3137,4,3133,1,3,3132,1
6.5,MUSPROTA,"[1945, 2585, 3663]","[1945, 2585, 3663]",[],"[1945, 2585, 3224, 3663]",4637,3,4634,3,0,4633,1
6.5,MUSPROTEB,"[337, 496, 1024]",[337],"[496, 1024]","[337, 594, 993, 1988]",2390,3,2387,1,2,2384,3
6.5,MUSPRPC2,"[3019, 6797]",[],"[3019, 6797]",[801],7299,2,7297,0,2,7296,1
6.5,MUSPRPMPB,"[1480, 2974]",[],"[1480, 2974]",[801],3567,2,3565,0,2,3564,1
6.5,MUSREGI,"[775, 1159, 2230, 2993]","[1159, 2230, 2993]",[775],"[1159, 1799, 2230, 2993]",3749,4,3745,3,1,3744,1
6.5,MUSREGII,"[530, 927, 3233]",[927],"[530, 3233]","[927, 1626, 1988, 3091]",3925,3,3922,1,2,3919,3
6.5,MUSROM1X,[],[],[],"[1242, 1848]",2780,0,2780,0,0,2778,2
6.5,MUSRPL30,"[500, 660, 2459, 3441]","[660, 2459]","[500, 3441]","[660, 1050, 2459]",3469,4,3465,2,2,3464,1
6.5,MUSRPS16,[1868],[1868],[],"[450, 687, 1868, 2005]",2642,1,2641,1,0,2638,3
6.5,MUSS100B,"[342, 1721, 4920]",[4920],"[342, 1721]",[4920],8866,3,8863,1,2,8863,0
6.5,MUSSERPROA,"[1034, 1449, 2092]","[1449, 2092]",[1034],"[1449, 2092, 2739, 3178]",4450,3,4447,2,1,4445,2
6.5,MUSSSATGN,"[840, 1825, 3039]","[840, 3039]",[1825],"[840, 1162, 1346, 2905, 3039]",4059,3,4056,2,1,4053,3
6.5,MUSTCP,"[4278, 4687, 6098, 7512]","[4278, 4687, 6098, 7512]",[],"[453, 1705, 1993, 3270, 3746, 4278, 4687, 6098, 6552, 7230, 7512]",9254,4,9250,4,0,9243,7
6.5,MUSTHY1,[1009],[1009],[],"[80, 1009]",2683,1,2682,1,0,2681,1
6.5,MUSTLAG,[705],[705],[],"[705, 1155, 1573, 3494, 3740]",5413,1,5412,1,0,5408,4
6.5,MUSTSHBA2,[],[],[],[464],1284,0,1284,0,0,1283,1
6.5,MUSY1GLOB,"[377, 1249]",[377],[1249],"[377, 690]",1746,2,1744,1,1,1743,1
6.5,OABBGLOB,"[525, 958, 1309]","[958, 1309]",[525],"[958, 1309]",3242,3,3239,2,1,3239,0
6.5,OABCGLOB,"[957, 1312]","[957, 1312]",[],"[957, 1312]",3193,2,3191,2,0,3191,0
6.5,OAINIGFII1,[2106],[],[2106],[740],2386,1,2385,0,1,2384,1
6.5,OAINTL3,"[1909, 2072]","[1909, 2072]",[],"[674, 813, 1909, 2072]",2794,2,2792,2,0,2790,2
6.5,OAKRT213,"[4813, 5288, 5684]","[4813, 5288, 5684]",[],"[3198, 4147, 4813, 5288, 5684, 6077, 6548, 7393]",9523,3,9520,3,0,9515,5
6.5,OALGB,"[959, 2660, 3500, 4886]",[2660],"[959, 3500, 4886]","[938, 1742, 2660, 3883, 4656]",7372,4,7368,1,3,7364,4
6.5,OAMETIAG,[],[],[],"[701, 1479]",2793,0,2793,0,0,2791,2
6.5,OAMTIB,[],[],[],"[965, 1721]",3212,0,3212,0,0,3210,2
6.5,OAMTIC,[],[],[],"[621, 1295]",2376,0,2376,0,0,2374,2
6.5,OAMTII,"[799, 1976]",[],"[799, 1976]","[1023, 1378]",2048,2,2046,0,2,2044,2
6.5,OAPROTP1,[],[],[],[212],525,0,525,0,0,524,1
6.5,OATRICH,"[1183, 4772]",[],"[1183, 4772]",[3157],9337,2,9335,0,2,9334,1
6.5,OCAPOAIG,"[361, 1467]",[],"[361, 1467]","[553, 855]",1987,2,1985,0,2,1983,2
6.5,OCTNFBETA,"[68, 577]",[577],[68],"[577, 766]",1965,2,1963,1,1,1962,1
6.5,OCUTGLOB,"[3357, 3424, 5072]",[3357],"[3424, 5072]","[3357, 5831]",6561,3,6558,1,2,6557,1
6.5,OOGH,[333],[333],[],"[333, 740, 1084, 1475]",2155,1,2154,1,0,2151,3
6.5,OPOP1,[],[],[],[249],617,0,617,0,0,616,1
6.5,ORAPROTP1A,[],[],[],[163],410,0,410,0,0,409,1
6.5,PAA1GL,"[204, 513]","[204, 513]",[],"[204, 513]",873,2,871,2,0,871,0
6.5,PAAFPG,[214],[214],[],[214],1088,1,1087,1,0,1087,0
6.5,PAU03674,"[3171, 4013]","[3171, 4013]",[],"[3171, 3574, 3773, 4013, 4294, 4611]",5438,2,5436,2,0,5432,4
6.5,PIGAPAI,"[562, 794]",[794],[562],"[794, 1129]",3326,2,3324,1,1,3323,1
6.5,PIGAPCIII,"[45, 867, 944]",[],"[45, 867, 944]","[1432, 1711]",3269,3,3266,0,3,3264,2
6.5,PIGCNP,"[1150, 1622]",[],"[1150, 1622]",[400],1887,2,1885,0,2,1884,1
6.5,PIGFSB,[1598],[],[1598],"[515, 1042]",2044,1,2043,0,1,2041,2
6.5,PIKEGLOBIN,"[237, 588]","[237, 588]",[],"[237, 588]",1702,2,1700,2,0,1700,0
6.5,PPGLTG,[662],[662],[],"[373, 662]",1065,1,1064,1,0,1063,1
6.5,PPPROP2,[],[],[],[319],740,0,740,0,0,739,1
6.5,PPYPROP2,[],[],[],[272],689,0,689,0,0,688,1
6.5,PTAZGLO,"[943, 1603, 1648]",[1603],"[943, 1648]","[1603, 3077]",3612,3,3609,1,2,3608,1
6.5,PTGGGLOG,[545],[545],[],"[200, 545]",1815,1,1814,1,0,1813,1
6.5,PTPPINS,[],[],[],[1410],2476,0,2476,0,0,2475,1
6.5,PTPROP2,[],[],[],[330],751,0,751,0,0,750,1
6.5,PVU11715,"[288, 633]","[288, 633]",[],"[288, 633]",1782,2,1780,2,0,1780,0
6.5,QULNFLW,"[1222, 3794, 5849, 5873]",[3794],"[1222, 5849, 5873]","[3794, 4656, 5921]",7926,4,7922,1,3,7920,2
6.5,QULTROPIA,"[2360, 3004, 3437, 4047]","[2360, 3004, 3437, 4047]",[],"[2186, 2360, 3004, 3437, 4047, 4336]",4959,4,4955,4,0,4953,2
6.5,RABCRP,[397],[397],[],[397],1431,1,1430,1,0,1430,0
6.5,RABDNP3AA,"[816, 2156]",[2156],[816],[2156],3083,2,3081,1,1,3081,0
6.5,RABSURFA,"[471, 3239, 4361, 5088, 6529]","[4361, 5088]","[471, 3239, 6529]","[4033, 4361, 5088]",8090,5,8085,2,3,8084,1
6.5,RABTNF,"[851, 1563]","[851, 1563]",[],"[851, 1355, 1563]",3193,2,3191,2,0,3190,1
6.5,RATCYC,"[362, 1333]",[1333],[362],[1333],2521,2,2519,1,1,2519,0
6.5,RATCYSS,"[1006, 1221]",[1006],[1221],"[1006, 4026]",5556,2,5554,1,1,5553,1
6.5,RATDCCOVB,"[2267, 3716]",[2267],[3716],"[2267, 2864, 3126]",5324,2,5322,1,1,5320,2
6.5,RATGRG,"[83, 286, 2187, 2392, 3290]","[83, 286, 2187, 3290]",[2392],"[83, 286, 1291, 1494, 1696, 1942, 2187, 2319, 2616, 2994, 3290]",3881,5,3876,4,1,3869,7
6.5,RATGROS,[1178],[1178],[],"[1178, 1390, 1587]",2489,1,2488,1,0,2486,2
6.5,RATGSTY,"[659, 2830, 3804]",[659],"[2830, 3804]","[659, 996, 1495, 1862, 2060, 3180, 3376]",6287,3,6284,1,2,6278,6
6.5,RATIGFBA,"[2034, 3002, 3105, 4512]","[2034, 3002]","[3105, 4512]","[526, 2034, 3002]",4993,4,4989,2,2,4988,1
6.5,RATJE,"[1191, 1299]",[1191],[1299],"[1191, 1989]",3098,2,3096,1,1,3095,1
6.5,RATKALA,[4729],[],[4729],"[1275, 3282, 4476, 4709]",6250,1,6249,0,1,6245,4
6.5,RATLHB,[817],[817],[],"[817, 1230]",1791,1,1790,1,0,1789,1
6.5,RATLITHOST,"[2464, 2847, 4652]","[2847, 4652]",[2464],"[2847, 3471, 3902, 4652]",5400,3,5397,2,1,5395,2
6.5,RATLYSOZYM,[960],[],[960],"[1561, 3255, 5174]",6733,1,6732,0,1,6729,3
6.5,RATLYSZYM,"[6, 1007, 1099, 1667, 3840]",[],"[6, 1007, 1099, 1667, 3840]","[574, 4290, 6230]",7944,5,7939,0,5,7936,3
6.5,RATOSCAL,"[1192, 1586]","[1192, 1586]",[],"[1192, 1373, 1586]",2120,2,2118,2,0,2117,1
6.5,RATPAP,"[633, 1648]",[1648],[633],"[1308, 1648, 2295, 2604, 3305]",4864,2,4862,1,1,4858,4
6.5,RATPAPIIB,"[1916, 2298, 3387, 3587]",[2298],"[1916, 3387, 3587]","[2298, 3140, 3473, 4107]",4718,4,4714,1,3,4711,3
6.5,RATPPP,"[1497, 1538, 2002, 4400]",[],"[1497, 1538, 2002, 4400]",[2261],4535,4,4531,0,4,4530,1
6.5,RATPTBZR02,"[871, 2066, 3232]",[2066],"[871, 3232]","[1306, 2066]",3427,3,3424,1,2,3423,1
6.5,RATRGPI,"[2329, 2712, 4521]","[2712, 4521]",[2329],"[2712, 3339, 3770, 4521]",5238,3,5235,2,1,5233,2
6.5,RATRPIII,"[1226, 1608, 2704]",[1608],"[1226, 2704]","[1608, 2456, 2790, 3426]",4134,3,4131,1,2,4128,3
6.5,RATSVSIV1,"[244, 892]",[244],[892],[244],974,2,972,1,1,972,0
6.5,RATTSHB,[265],[],[265],[4375],5160,1,5159,0,1,5158,1
6.5,RN0B2GLOB,[693],[693],[],"[354, 693]",1791,1,1790,1,0,1789,1
6.5,RN2BGLOB,[764],[764],[],"[432, 764]",1877,1,1876,1,0,1875,1
6.5,RN3B2GLOB,[460],[460],[],"[122, 460]",1438,1,1437,1,0,1436,1
6.5,RN3B3GLOB,[739],[739],[],"[403, 739]",1739,1,1738,1,0,1737,1
6.5,RN3BGLOB,[626],[626],[],"[288, 626]",1532,1,1531,1,0,1530,1
6.5,RNAC01,"[127, 309, 1367, 2597, 2867]","[1367, 2597, 2867]","[127, 309]","[1367, 1694, 2597, 2867]",4085,5,4080,3,2,4079,1
6.5,RNAC02,[1787],[1787],[],"[1368, 1787, 2138, 2429, 2743]",3193,1,3192,1,0,3188,4
6.5,RNANTANT,[1524],[1524],[],"[1524, 3263, 3883]",5118,1,5117,1,0,5115,2
6.5,RNAPOEG,[],[],[],"[1293, 1955]",3230,0,3230,0,0,3228,2
6.5,RNCALBD9,[2736],[2736],[],[2736],4884,1,4883,1,0,4883,0
6.5,RNGAMT,"[4704, 4715]",[],"[4704, 4715]","[2173, 3141, 3319, 3760, 4003]",4957,2,4955,0,2,4950,5
6.5,RNGMTG,"[1011, 1682, 2067, 3918]","[1682, 3918]","[1011, 2067]","[1682, 3249, 3918, 4254, 4463]",5392,4,5388,2,2,5385,3
6.5,RNGROW3,"[216, 471]",[471],[216],"[471, 817, 1652, 1973]",2550,2,2548,1,1,2545,3
6.5,RNHSC73,"[498, 1244, 3448]","[1244, 3448]",[498],"[1244, 1713, 1982, 2618, 3034, 3448, 3766]",4313,3,4310,2,1,4305,5
6.5,RNLALB01,"[347, 2419]",[2419],[347],"[1414, 1914, 2419]",3814,2,3812,1,1,3810,2
6.5,RNLPKG,"[2847, 3195, 4321]",[],"[2847, 3195, 4321]","[3219, 3949, 6009, 6284, 6605, 7192, 7453, 7818, 8078, 9480]",13004,3,13001,0,3,12991,10
6.5,RNODC,"[1344, 3918, 4517, 5825, 6291]","[3918, 4517, 5825, 6291]",[1344],"[3525, 3918, 4182, 4517, 4698, 4953, 5631, 5825, 6291]",7769,5,7764,4,1,7759,5
6.5,RNP9KA,"[207, 823, 1227, 2311]",[1227],"[207, 823, 2311]",[1227],2333,4,2329,1,3,2329,0
6.5,RNPBPG,"[1117, 1155, 1180]",[1117],"[1155, 1180]","[1117, 2950]",6022,3,6019,1,2,6018,1
6.5,RNPGMUT,[],[],[],"[1596, 1872]",2421,0,2421,0,0,2419,2
6.5,RNPROST22,"[876, 2200]",[876],[2200],"[876, 3647, 4526]",7668,2,7666,1,1,7664,2
6.5,RNREVSV2A,"[67, 1341]",[67],[1341],"[67, 1304]",1731,2,1729,1,1,1728,1
6.5,RNSDHG,"[379, 1993, 5691, 6052, 6253, 6984, 8671]","[5691, 6052, 6253, 6984, 8671]","[379, 1993]","[4640, 5691, 6052, 6253, 6984, 8671]",9571,7,9564,5,2,9563,1
6.5,RNSVFG,"[500, 1250, 1267]",[500],"[1250, 1267]",[500],1844,3,1841,1,2,1841,0
6.5,RNTHYCSG,"[1071, 1906]",[1071],[1906],"[68, 1071]",2856,2,2854,1,1,2853,1
6.5,RNU03551,[832],[832],[],"[832, 2418, 3083]",3591,1,3590,1,0,3588,2
6.5,RNU09193,"[1727, 3787, 3899]",[3787],"[1727, 3899]","[2084, 2749, 3084, 3787]",4188,3,4185,1,2,4182,3
6.5,RNU12250,[473],[473],[],"[293, 473]",1864,1,1863,1,0,1862,1
6.5,RNUCPG,"[4187, 6121, 7395, 8157, 9172, 10198, 10292]",[8157],"[4187, 6121, 7395, 9172, 10198, 10292]","[4310, 5157, 7964, 8157, 9401]",12497,7,12490,1,6,12486,4
6.5,RNVEGP1,"[1043, 2076, 4037, 4140, 4844]",[4037],"[1043, 2076, 4140, 4844]","[1262, 1834, 3032, 4037, 4611]",5949,5,5944,1,4,5940,4
6.5,RNVEGP2C,"[1159, 2182, 4146, 4960]",[4146],"[1159, 2182, 4960]","[1378, 1950, 3128, 4146, 4723]",5745,4,5741,1,3,5737,4
6.5,RRU04320,[2500],[2500],[],"[2500, 3643]",6799,1,6798,1,0,6797,1
6.5,S46763,"[5060, 5469, 6880, 8294]","[5060, 5469, 6880, 8294]",[],"[1235, 2487, 2775, 4052, 4528, 5060, 5469, 6880, 7334, 8012, 8294]",10036,4,10032,4,0,10025,7
6.5,S49651,[1652],[1652],[],"[1652, 2786, 3255, 4137]",5441,1,5440,1,0,5437,3
6.5,S57980,"[875, 2198]",[875],[2198],"[875, 3645, 4524]",7666,2,7664,1,1,7662,2
6.5,S62287,[190],[],[190],[1266],3426,1,3425,0,1,3424,1
6.5,S63697,[280],[280],[],"[280, 829]",1332,1,1331,1,0,1330,1
6.5,S66606,[2506],[2506],[],"[2506, 2706, 3899, 4598]",6360,1,6359,1,0,6356,3
6.5,S67057,[840],[840],[],[840],1747,1,1746,1,0,1746,0
6.5,S69277,"[3316, 3839, 4385]","[3316, 3839]",[4385],"[3098, 3316, 3521, 3839, 4103]",5517,3,5514,2,1,5511,3
6.5,S69278,"[846, 861, 2826, 3347, 3832]","[2826, 3347]","[846, 861, 3832]","[2590, 2826, 3031, 3347, 3561]",5016,5,5011,2,3,5008,3
6.5,S69350,[235],[235],[],[235],2153,1,2152,1,0,2152,0
6.5,SAIEGLOBIM,"[237, 588, 1329]","[237, 588]",[1329],"[237, 588]",1827,3,1824,2,1,1824,0
6.5,SMIGCU,"[799, 1233, 1946, 2624]","[799, 1233]","[1946, 2624]","[799, 1233, 1631]",2834,4,2830,2,2,2829,1
6.5,SMNPRP1A,[],[],[],[215],624,0,624,0,0,623,1
6.5,SOEEGLOBIN,"[236, 586, 1195]","[236, 586]",[1195],"[236, 586]",1689,3,1686,2,1,1686,0
6.5,SSBAT1G,"[2582, 4538, 9144]","[2582, 4538, 9144]",[],"[1316, 2215, 2582, 4538, 5771, 8238, 9144, 9388, 9674]",10667,3,10664,3,0,10658,6
6.5,SSIKBAGE,"[3713, 4470]","[3713, 4470]",[],"[2469, 3151, 3713, 4091, 4470]",5757,2,5755,2,0,5752,3
6.5,SSPINT1B,"[2551, 6605, 6774, 8049, 8611]","[2551, 6605]","[6774, 8049, 8611]","[1971, 2551, 3903, 5245, 6605]",8745,5,8740,2,3,8737,3
6.5,TAPROTP1,[],[],[],[230],548,0,548,0,0,547,1
6.5,TARHBE,"[119, 465]","[119, 465]",[],"[119, 465]",1683,2,1681,2,0,1681,0
6.5,TARHBG,"[58, 265, 608]",[265],"[58, 608]","[265, 612]",2140,3,2137,1,2,2136,1
6.5,TFLPA2P1,"[596, 972, 1749, 2495]","[596, 972, 1749]",[2495],"[596, 972, 1749]",2709,4,2705,3,1,2705,0
6.5,TFLPA2P2,"[590, 966, 1783]","[590, 966, 1783]",[],"[590, 966, 1783]",2432,3,2429,3,0,2429,0
6.5,TFLPA2P3,"[596, 972, 1749, 2495]","[596, 972, 1749]",[2495],"[596, 972, 1749]",2709,4,2705,3,1,2705,0
6.5,TFLPA2P4,"[590, 966, 1783]","[590, 966, 1783]",[],"[590, 966, 1783]",2432,3,2429,3,0,2429,0
6.5,TGLHBB,[2034],[],[2034],"[519, 888]",2301,1,2300,0,1,2298,2
6.5,TIOPRP1A,[],[],[],[212],557,0,557,0,0,556,1
6.5,U00432,"[237, 1101]","[237, 1101]",[],"[83, 237, 793, 1101, 1312]",1576,2,1574,2,0,1571,3
6.5,U00433,"[267, 752]","[267, 752]",[],"[83, 267, 752, 1062, 1270]",1546,2,1544,2,0,1541,3
6.5,U00454,"[1598, 4179, 5820]",[1598],"[4179, 5820]","[1598, 4862]",7193,3,7190,1,2,7189,1
6.5,U00938,"[1169, 4070, 5155, 5202, 5261, 5809]","[1169, 4070, 5155]","[5202, 5261, 5809]","[1169, 4070, 5155]",6781,6,6775,3,3,6775,0
6.5,U01026,"[492, 1364, 1746, 2537]","[1364, 1746, 2537]",[492],"[1364, 1746, 2537]",3217,4,3213,3,1,3213,0
6.5,U01027,"[571, 947, 1710]","[571, 947, 1710]",[],"[571, 947, 1710]",2762,3,2759,3,0,2759,0
6.5,U01844,"[2090, 2653, 3211]","[2653, 3211]",[2090],"[1986, 2141, 2474, 2653, 3211]",4220,3,4217,2,1,4214,3
6.5,XELCRPGA,"[842, 1096]",[1096],[842],[1096],3892,2,3890,1,1,3890,0
6.5,XELCRYB,[],[],[],"[706, 1326]",2050,0,2050,0,0,2048,2
6.5,XELHBBC,[],[],[],"[263, 678]",1982,0,1982,0,0,1980,2
6.5,XLACTA,"[2591, 4138, 4845]","[2591, 4138, 4845]",[],"[2591, 3868, 4138, 4845, 5128]",5947,3,5944,3,0,5942,2
6.5,XLACTCAG,"[831, 3614, 4931, 6461, 8892]","[3614, 4931, 6461]","[831, 8892]","[2473, 3614, 4931, 5562, 6461]",8901,5,8896,3,2,8894,2
6.5,XLBGL3,[1175],[1175],[],"[388, 1175]",2965,1,2964,1,0,2963,1
6.5,XLGLAA1,[],[],[],"[137, 502]",1193,0,1193,0,0,1191,2
6.5,XLGLAA2,[],[],[],"[138, 519]",1193,0,1193,0,0,1191,2
6.5,XLK81A1G,"[2734, 3531, 3849]","[2734, 3531, 3849]",[],"[1759, 2294, 2734, 3026, 3531, 3849, 4170]",5893,3,5890,3,0,5886,4
6.5,XLRPL14,[1292],[],[1292],"[912, 1891, 2087, 4978, 5356, 7904]",9117,1,9116,0,1,9110,6
6.5,XLRPL1AG,"[3735, 3831]",[3831],[3735],"[512, 2121, 2438, 2818, 3137, 3831, 4573, 5179, 5757]",6950,2,6948,1,1,6940,8
6.5,XLS8,"[692, 5912, 7381]","[5912, 7381]",[692],"[2032, 3938, 5912, 7381, 12177]",13517,3,13514,2,1,13511,3
6.5,XLTUBAG,"[678, 5575, 6630]","[678, 5575]",[6630],"[678, 4401, 5575]",6889,3,6886,2,1,6885,1
6.5,XLXANF1A,[],[],[],"[1460, 1960, 2706]",4879,0,4879,0,0,4876,3
6.5,XTGLA,[2838],[2838],[],"[731, 2838]",4839,1,4838,1,0,4837,1
6.5,XTGLAA,[],[],[],"[1036, 1411]",1993,0,1993,0,0,1991,2
6.5,XTGLB,[],[],[],"[2384, 2836]",4044,0,4044,0,0,4042,2
6.5,ZEFB2MICB,[1187],[1187],[],"[304, 1187]",2194,1,2193,1,0,2192,1
