Threshold,Locus,Predict Sites,Positive Sites,Negative Sites,Actual Donor Sites,Predict Num,Predict Positive Num,Predict Negative Num,TP,FP,TN,FN
6.5,ACU08131,"[2029, 3336]",[2029],[3336],"[642, 1363, 2029, 2803, 3798]",5384,2,5382,1,1,5378,4
6.5,AGGGLINE,"[3504, 6387]",[3504],[6387],"[3158, 3504]",7220,2,7218,1,1,7217,1
6.5,AGU04852,"[3877, 5912, 8817]",[5912],"[3877, 8817]","[3956, 5517, 5912, 6740]",10976,3,10973,1,2,10970,3
6.5,ALOEGLOBIM,"[237, 583]","[237, 583]",[],"[237, 583]",1683,2,1681,2,0,1681,0
6.5,ALOEGLOBIN,"[237, 583]","[237, 583]",[],"[237, 583]",1683,2,1681,2,0,1681,0
6.5,ALOPROTP1A,[],[],[],[166],410,0,410,0,0,409,1
6.5,AMU12024,"[257, 667, 2482]","[257, 667, 2482]",[],"[257, 667, 1864, 2126, 2482]",3644,3,3641,3,0,3639,2
6.5,AMU12025,"[1412, 1830, 2654, 3278]","[1412, 1830, 2654, 3278]",[],"[1412, 1830, 2654, 2902, 3278]",5375,4,5371,4,0,5370,1
6.5,AOIRHODOPS,"[1702, 1969, 4067, 5373]","[1702, 4067, 5373]",[1969],"[1702, 4067, 5373, 6243]",9915,4,9911,3,1,9910,1
6.5,ASPROP2,[],[],[],[325],664,0,664,0,0,663,1
6.5,ASYRVISP,[625],[625],[],"[625, 1042, 1335, 1585, 1916]",2221,1,2220,1,0,2216,4
6.5,ATREGLOBIN,"[237, 588]","[237, 588]",[],"[237, 588]",1691,2,1689,2,0,1689,0
6.5,BABAPOE,[],[],[],"[897, 2847]",4754,0,4754,0,0,4752,2
6.5,BATROX,"[341, 3011, 3975]","[341, 3011]",[3975],"[341, 3011, 5035, 6955]",8092,3,8089,2,1,8087,2
6.5,BCHEGLOBIN,"[237, 583]","[237, 583]",[],"[237, 583]",1697,2,1695,2,0,1695,0
6.5,BOVANPA,[],[],[],"[433, 858]",1761,0,1761,0,0,1759,2
6.5,BOVCOX7AL,"[3328, 5049]",[5049],[3328],"[1540, 2812, 5049]",6848,2,6846,1,1,6844,2
6.5,BOVGAS,[],[],[],[751],1058,0,1058,0,0,1057,1
6.5,BOVIAP,"[1318, 1764, 1994, 3392, 3996]","[1764, 1994, 3392, 3996]",[1318],"[1568, 1764, 1994, 2354, 2606, 2999, 3157, 3392, 3667, 3996]",5391,5,5386,4,1,5380,6
6.5,BOVIRBP,"[3174, 3723, 3801, 7699, 9959, 11020]","[3174, 7699]","[3723, 3801, 9959, 11020]","[3174, 5595, 7699]",11785,6,11779,2,4,11778,1
6.5,BOVLHB,[803],[803],[],"[803, 1272]",1856,1,1855,1,0,1854,1
6.5,BOVLYSOZMA,[],[],[],"[3039, 5771, 8654]",12214,0,12214,0,0,12211,3
6.5,BOVLYSOZMB,"[1662, 5148, 6807, 7058]",[],"[1662, 5148, 6807, 7058]","[2673, 4005, 6212]",10204,4,10200,0,4,10197,3
6.5,BOVLYSOZMC,[],[],[],"[905, 2323, 4194]",8043,0,8043,0,0,8040,3
6.5,BOVMYF5A,[273],[],[273],"[698, 1625]",5211,1,5210,0,1,5208,2
6.5,BRHOX22,[1431],[1431],[],[1431],3434,1,3433,1,0,3433,0
6.5,BRHOX34A,[],[],[],[981],3490,0,3490,0,0,3489,1
6.5,BRU12895,"[1135, 1986]",[1135],[1986],[1135],3232,2,3230,1,1,3230,0
6.5,BTATPAAA,"[2314, 4106, 4188, 5729]","[2314, 5729]","[4106, 4188]","[740, 2314, 3707, 5729, 5984, 6337, 6827, 7151, 7770, 8023, 9129]",9907,4,9903,2,2,9894,9
6.5,BTEBGL2,"[310, 658]","[310, 658]",[],"[310, 658]",1833,2,1831,2,0,1831,0
6.5,BTEBGL4,"[310, 658, 815]","[310, 658]",[815],"[310, 658]",1828,3,1825,2,1,1825,0
6.5,BTGL01,"[365, 1008]","[365, 1008]",[],"[365, 1008]",2040,2,2038,2,0,2038,0
6.5,BTHOR02,[],[],[],"[484, 1920]",2419,0,2419,0,0,2417,2
6.5,BTKER6B,[1678],[1678],[],"[1678, 2559, 3070, 3315, 3530, 4056, 4666]",5718,1,5717,1,0,5711,6
6.5,BTSPDNA,[],[],[],[1541],2148,0,2148,0,0,2147,1
6.5,BTSVSP109,"[2189, 2359, 2555, 5292, 5643, 6096]","[2359, 5292]","[2189, 2555, 5643, 6096]","[2359, 3984, 5292]",6948,6,6942,2,4,6941,1
6.5,BTTNP2G,[847],[],[847],[774],1841,1,1840,0,1,1839,1
6.5,BTU02285,[21],[],[21],"[3792, 4222, 4487, 4780, 5056]",6388,1,6387,0,1,6382,5
6.5,CALEGLOBIM,"[236, 587]","[236, 587]",[],"[236, 587]",1690,2,1688,2,0,1688,0
6.5,CBUEGLOBIM,"[236, 587]","[236, 587]",[],"[236, 587]",1690,2,1688,2,0,1688,0
6.5,CCALAC,[2409],[2409],[],"[1358, 1852, 2409]",3619,1,3618,1,0,3616,2
6.5,CCBEGLOBIM,"[237, 587]","[237, 587]",[],"[237, 587]",1695,2,1693,2,0,1693,0
6.5,CCBEGLOBIN,"[238, 589]","[238, 589]",[],"[238, 589]",1698,2,1696,2,0,1696,0
6.5,CCGHG,"[283, 1778]","[283, 1778]",[],"[283, 706, 1051, 1778]",2830,2,2828,2,0,2826,2
6.5,CCGONBS1,[],[],[],"[1767, 2072]",3463,0,3463,0,0,3461,2
6.5,CCGONBS2,[],[],[],"[1785, 2091]",3482,0,3482,0,0,3480,2
6.5,CCGTHA1,[],[],[],"[302, 572]",1144,0,1144,0,0,1142,2
6.5,CCT64CLU,[3005],[3005],[],"[1644, 2757, 3005, 3496, 4514, 5272, 5659]",6276,1,6275,1,0,6269,6
6.5,CEPPINS,[],[],[],[858],1901,0,1901,0,0,1900,1
6.5,CHBLG,"[4019, 4298]",[4019],[4298],"[2285, 3090, 4019, 5246, 6025]",8080,2,8078,1,1,8074,4
6.5,CHEBGLI,"[909, 1213]",[909],[1213],"[570, 909]",2204,2,2202,1,1,2201,1
6.5,CHEBGLII,"[563, 912]","[563, 912]",[],"[563, 912]",2258,2,2256,2,0,2256,0
6.5,CHKALDB,"[4004, 5748, 6172, 6664, 6955, 6960, 7504, 8186, 10844]","[6172, 6664, 6955, 8186]","[4004, 5748, 6960, 7504, 10844]","[6172, 6664, 6955, 7265, 8186, 8842, 9185]",11643,9,11634,4,5,11631,3
6.5,CHKAPOII,"[1839, 2131, 3317]",[3317],"[1839, 2131]","[3317, 3820]",4953,3,4950,1,2,4949,1
6.5,CHKDPCP,"[347, 637, 1624]",[637],"[347, 1624]",[637],1902,3,1899,1,2,1899,0
6.5,CHKMAX,"[1236, 2291, 3928, 4295]","[2291, 3928, 4295]",[1236],"[2127, 2291, 3928, 4295]",5690,4,5686,3,1,5685,1
6.5,CHKMYOD,"[4941, 6150]","[4941, 6150]",[],"[4941, 6150]",7381,2,7379,2,0,7379,0
6.5,CHKOVAL,"[1390, 3164]",[3164],[1390],"[3164, 3466, 4176, 4694, 5795, 6282]",9198,2,9196,1,1,9191,5
6.5,CHKRPL30,"[671, 801, 1872, 2753]","[801, 1872, 2753]",[671],"[801, 1872, 2753]",3884,4,3880,3,1,3880,0
6.5,CHKRPL37A,"[1376, 2125, 2255]",[1376],"[2125, 2255]","[798, 1376, 2386]",3465,3,3462,1,2,3460,2
6.5,CHKRPL5G,"[1632, 2618]",[1632],[2618],"[498, 1419, 1632, 3157, 3955, 5165, 6897]",8313,2,8311,1,1,8305,6
6.5,CHKTUB4B,[],[],[],"[437, 949, 1573]",3145,0,3145,0,0,3142,3
6.5,CHKY,"[1664, 3603, 4683]","[3603, 4683]",[1664],"[3603, 4199, 4683, 5648, 6012, 6249]",8364,3,8361,2,1,8357,4
6.5,CHPPHYGEN,"[22, 3786, 4945, 7000, 10818, 10833, 10849, 11193, 12603]",[4945],"[22, 3786, 7000, 10818, 10833, 10849, 11193, 12603]","[4599, 4945]",13689,9,13680,1,8,13679,1
6.5,CHPPROTP1A,[],[],[],[159],397,0,397,0,0,396,1
6.5,CHPPROTP1B,[],[],[],[160],396,0,396,0,0,395,1
6.5,CHWEGLOBIM,"[237, 588]","[237, 588]",[],"[237, 588]",1701,2,1699,2,0,1699,0
6.5,CIGH,"[2029, 2889]",[2889],[2029],"[1281, 1691, 2280, 2889]",3967,2,3965,1,1,3962,3
6.5,CITEGLOBIM,"[236, 587]","[236, 587]",[],"[236, 587]",1691,2,1689,2,0,1689,0
6.5,CJAEGLOBIN,"[237, 588]","[237, 588]",[],"[237, 588]",1702,2,1700,2,0,1700,0
6.5,CJINTERFG,[4187],[4187],[],"[2881, 4187, 4465]",8519,1,8518,1,0,8516,2
6.5,CL54K,"[512, 1177, 1294, 1538, 2581, 2696]",[512],"[1177, 1294, 1538, 2581, 2696]",[512],3407,6,3401,1,5,3401,0
6.5,CMBGA2B2,"[383, 989, 1597]",[383],"[989, 1597]","[383, 718]",2684,3,2681,1,2,2680,1
6.5,CMEGA2E2,[416],[416],[],"[416, 753]",2046,1,2045,1,0,2044,1
6.5,CMU11711,"[1685, 2031]","[1685, 2031]",[],"[1685, 2031]",3163,2,3161,2,0,3161,0
6.5,CPPROT1GN,[],[],[],[164],390,0,390,0,0,389,1
6.5,CRASEQB,"[2825, 3464]",[2825],[3464],"[1920, 2825]",5120,2,5118,1,1,5117,1
6.5,CRUCH7AHYD,"[1731, 3016, 5283, 7866]","[1731, 7866]","[3016, 5283]","[1731, 3651, 4938, 6076, 7866]",10606,4,10602,2,2,10599,3
6.5,CRUGAD45A,"[1877, 2417]","[1877, 2417]",[],"[1877, 2063, 2417]",4427,2,4425,2,0,4424,1
6.5,DMPROTP1,[],[],[],[249],616,0,616,0,0,615,1
6.5,DMU11712,"[1705, 2043]","[1705, 2043]",[],"[1705, 2043]",3019,2,3017,2,0,3017,0
6.5,DOGCOLIP,"[224, 416, 1411]",[],"[224, 416, 1411]","[1108, 2378]",3156,3,3153,0,3,3151,2
6.5,DOGIL8T,[118],[118],[],"[118, 1406, 1769]",2229,1,2228,1,0,2226,2
6.5,ECGLOAP1,[657],[657],[],"[363, 657]",1133,1,1132,1,0,1131,1
6.5,ECPZA2GL,"[1560, 3576, 4059]","[3576, 4059]",[1560],"[3576, 4059]",5081,3,5078,2,1,5078,0
6.5,ECZGL1,[700],[700],[],"[700, 1534]",1993,1,1992,1,0,1991,1
6.5,ECZGL2,[255],[255],[],"[255, 1084]",1555,1,1554,1,0,1553,1
6.5,ELMETL,[],[],[],"[1097, 1291]",1865,0,1865,0,0,1863,2
6.5,FDFELDI2,"[678, 1070, 1882, 2011]",[],"[678, 1070, 1882, 2011]","[276, 970]",2417,4,2413,0,4,2411,2
6.5,FDTNFA,[187],[187],[],"[187, 790, 972]",1714,1,1713,1,0,1711,2
6.5,GDMYF5G,"[1036, 1104]",[1036],[1104],"[639, 1036]",1601,2,1599,1,1,1598,1
6.5,GGAC01,"[273, 634, 1586, 1666, 3189]","[1666, 3189]","[273, 634, 1586]","[1666, 2226, 3189, 3677]",5038,5,5033,2,3,5031,2
6.5,GGACTAC,"[339, 3218, 4398]","[3218, 4398]",[339],"[970, 2127, 2914, 3218, 4398]",5455,3,5452,2,1,5449,3
6.5,GGACTI,"[153, 841, 1841]","[841, 1841]",[153],"[404, 841, 1137, 1554, 1841]",2418,3,2415,2,1,2412,3
6.5,GGCALB,"[1863, 2289, 6784, 7824, 9052]","[1863, 2289, 6784, 7824, 9052]",[],"[386, 1863, 2289, 3467, 3793, 4235, 4894, 5205, 5933, 6784, 7035, 7824, 8718, 9052, 9685, 10195]",11060,5,11055,5,0,11044,11
6.5,GGCRYD1,"[267, 441, 5234, 6395]","[441, 5234, 6395]",[267],"[441, 1734, 2742, 3150, 3516, 3944, 4332, 4528, 4907, 5234, 5899, 6138, 6395, 6734, 7213]",8152,4,8148,3,1,8136,12
6.5,GGGL03,[432],[432],[],"[432, 768]",1199,1,1198,1,0,1197,1
6.5,GGGNRHIA,"[3627, 4392, 4544]","[3627, 4392]",[4544],"[3627, 4392]",6274,3,6271,2,1,6271,0
6.5,GGNFM1D,[1541],[],[1541],"[2132, 2451]",5630,1,5629,0,1,5627,2
6.5,GGPROP2,[],[],[],[307],640,0,640,0,0,639,1
6.5,GGRIHBGEN,"[1038, 1973, 2982, 3454]","[2982, 3454]","[1038, 1973]","[2982, 3219, 3454]",3878,4,3874,2,2,3873,1
6.5,GGVITIIG,"[190, 2561, 2948, 3138, 4818, 5848, 10714, 10971, 12272, 12791, 15771, 15880, 19081, 20126]","[190, 2948, 4818, 10714, 12272, 15771, 19081]","[2561, 3138, 5848, 10971, 12791, 15880, 20126]","[54, 190, 442, 2021, 2694, 2948, 3267, 3543, 3791, 4818, 5441, 6229, 6443, 7045, 7268, 8026, 8302, 9149, 9467, 10104, 10448, 10714, 11757, 12272, 12615, 13267, 13505, 14028, 14704, 15348, 15771, 16955, 17864, 19081]",20335,14,20321,7,7,20294,27
6.5,GIBPROTP1A,[],[],[],[160],393,0,393,0,0,392,1
6.5,GORAFPA,"[75, 2955, 4192, 11145, 14707, 17195]","[2955, 14707]","[75, 4192, 11145, 17195]","[999, 1860, 2955, 5457, 6760, 7766, 9445, 11629, 13421, 14087, 14707, 16581, 17834]",24599,6,24593,2,4,24582,11
6.5,GORPROTP1A,[],[],[],[164],404,0,404,0,0,403,1
6.5,GPIINS,[],[],[],[526],1464,0,1464,0,0,1463,1
6.5,HAMAMYLP,"[1394, 1473, 2308, 5045]",[2308],"[1394, 1473, 5045]",[2308],5947,4,5943,1,3,5943,0
6.5,HAMHG5,"[2817, 4856, 6597]","[4856, 6597]",[2817],"[4856, 5517, 6188, 6597, 7441]",9711,3,9708,2,1,9705,3
6.5,HROAMD1,"[289, 1072, 2687, 3486, 4700]","[2687, 3486, 4700]","[289, 1072]","[2687, 3486, 4700]",7091,5,7086,3,2,7086,0
6.5,HROMA2,"[739, 1174]","[739, 1174]",[],"[739, 1174]",1779,2,1777,2,0,1777,0
6.5,HROMA4A,"[1108, 1670]","[1108, 1670]",[],"[1108, 1670]",2331,2,2329,2,0,2329,0
6.5,HRSPRMI,[],[],[],[722],2198,0,2198,0,0,2197,1
6.5,HS1D3HLH,"[1039, 1231]",[1039],[1231],[1039],2473,2,2471,1,1,2471,0
6.5,HS2OXOC,"[1162, 1421, 1694]","[1162, 1421, 1694]",[],"[116, 871, 1162, 1421, 1694, 1825]",2510,3,2507,3,0,2504,3
6.5,HSABLGR1,"[3140, 3344, 6820, 8720, 10400, 15514, 17116, 17249, 25906, 29268, 32399, 35562]","[8720, 10400, 17116]","[3140, 3344, 6820, 15514, 17249, 25906, 29268, 32399, 35562]","[8720, 10400, 12434, 14200, 15741, 17116, 17991]",35954,12,35942,3,9,35938,4
6.5,HSALDCG,"[1283, 2641, 3567]","[2641, 3567]",[1283],"[2641, 2939, 3110, 3366, 3567, 3994, 4326]",5190,3,5187,2,1,5182,5
6.5,HSAPC3A,[],[],[],"[919, 1178]",6039,0,6039,0,0,6037,2
6.5,HSAPOA2B,[245],[],[245],"[490, 916]",1747,1,1746,0,1,1744,2
6.5,HSAPOAIA,[],[],[],"[317, 661]",2183,0,2183,0,0,2181,2
6.5,HSAPOAIT,[],[],[],"[491, 835]",2377,0,2377,0,0,2375,2
6.5,HSAPOC2G,"[1276, 1494]",[],"[1276, 1494]","[2714, 3041]",3832,2,3830,0,2,3828,2
6.5,HSAQUPN2,[],[],[],"[431, 632, 746]",987,0,987,0,0,984,3
6.5,HSARYLA,"[1571, 2666]",[1571],[2666],"[848, 1238, 1571, 1815, 2252, 2470, 2823]",3629,2,3627,1,1,3621,6
6.5,HSAT3,"[646, 4978, 6059, 6934, 10401, 11303, 11320]","[646, 6059, 10401]","[4978, 6934, 11303, 11320]","[646, 3311, 6059, 7102, 8303, 10401]",14198,7,14191,3,4,14188,3
6.5,HSATPCP1,"[831, 4773, 6382, 6830, 7267]","[6382, 7267]","[831, 4773, 6830]","[5389, 6382, 7267]",9449,5,9444,2,3,9443,1
6.5,HSATPCP2,"[4013, 6152, 8957, 9752, 10918, 13435]",[10918],"[4013, 6152, 8957, 9752, 13435]","[7490, 10195, 10918]",15008,6,15002,1,5,15000,2
6.5,HSB3A,[2623],[],[2623],[1843],3675,1,3674,0,1,3673,1
6.5,HSBGPG,[560],[560],[],"[560, 850, 1096]",1667,1,1666,1,0,1664,2
6.5,HSBSF2,"[238, 2450, 4715]",[],"[238, 2450, 4715]","[1242, 1587, 2748, 3601]",5953,3,5950,0,3,5946,4
6.5,HSCBMYHC,"[369, 3932, 5485, 5644, 7246, 7735, 10877, 11339, 12427, 13342, 14210, 17120, 18777, 18896, 21839, 23454]","[5485, 5644, 7246, 10877, 11339, 12427, 13342, 14210, 17120, 18896, 21839, 23454]","[369, 3932, 7735, 18777]","[4595, 5041, 5485, 5644, 6354, 6529, 6694, 7246, 7567, 8354, 8898, 9174, 9626, 10530, 10877, 11339, 12155, 12427, 12829, 13342, 14210, 14571, 15900, 17120, 18228, 18590, 18896, 19262, 19970, 20319, 20604, 21466, 21839, 22088, 22474, 23454, 23701]",24992,16,24976,12,4,24951,25
6.5,HSCD14G,[159],[159],[],[159],1562,1,1561,1,0,1561,0
6.5,HSCKBG,"[876, 2570, 3521]",[3521],"[876, 2570]","[1341, 1619, 1824, 2380, 3174, 3521]",4192,3,4189,1,2,4184,5
6.5,HSCOMT2,"[1075, 2378]",[2378],[1075],"[1630, 1959, 2378]",3643,2,3641,1,1,3639,2
6.5,HSCPH70,"[865, 2936, 4407]",[4407],"[865, 2936]","[1729, 4204, 4407, 4801]",6703,3,6700,1,2,6697,3
6.5,HSCSF1PO,"[2816, 7572, 8287, 9217, 10517, 11515, 12975, 15733, 18046, 18156, 18465, 20123, 21444, 26732, 27465, 30823, 34006, 34399]","[7572, 8287, 18156, 18465, 20123, 27465, 30823, 34006]","[2816, 9217, 10517, 11515, 12975, 15733, 18046, 21444, 26732, 34399]","[1965, 7572, 8287, 10227, 11063, 15036, 17882, 18156, 18465, 20123, 26605, 26837, 27465, 28627, 30823, 31040, 32108, 32301, 33091, 34006]",35092,18,35074,8,10,35062,12
6.5,HSCST3G,"[1328, 3865, 4129]",[1328],"[3865, 4129]","[1328, 3694]",7284,3,7281,1,2,7280,1
6.5,HSCYCLA,"[2406, 5338, 6323]","[2406, 5338]",[6323],"[1393, 2406, 3731, 4168, 5338, 5911, 6667]",8355,3,8352,2,1,8347,5
6.5,HSCYP216,"[255, 879]","[255, 879]",[],"[255, 442, 879, 1088, 1278, 1466, 1836, 2215, 2402]",2763,2,2761,2,0,2754,7
6.5,HSCYP45C,"[185, 1772, 4680, 5008, 6016]",[6016],"[185, 1772, 4680, 5008]","[4942, 5624, 5801, 6016, 6248]",7546,5,7541,1,4,7537,4
6.5,HSCYTOK17,"[396, 452, 2079, 2304, 4987]",[2304],"[396, 452, 2079, 4987]","[581, 1709, 2304, 3066, 3693, 4000, 4123]",5252,5,5247,1,4,5241,6
6.5,HSCYTOK20,"[5281, 8722, 9470, 12705, 16620]","[5281, 9470, 12705]","[8722, 16620]","[5281, 7512, 9470, 9984, 10271, 11940, 12705]",18053,5,18048,3,2,18044,4
6.5,HSDAO,"[588, 956, 2551, 7431]",[7431],"[588, 956, 2551]","[6426, 7431, 9013]",9895,4,9891,1,3,9889,2
6.5,HSERPG,"[628, 1683, 2474]","[628, 1683, 2474]",[],"[628, 1340, 1683, 2474]",3390,3,3387,3,0,3386,1
6.5,HSFAU1,"[505, 857, 1096, 1129, 1613]","[857, 1096, 1613]","[505, 1129]","[857, 1096, 1613]",2008,5,2003,3,2,2003,0
6.5,HSFESFPS,"[1553, 4522, 5924, 6445, 7634, 8069, 9371]","[1553, 5924, 6445, 7634, 8069, 9371]",[4522],"[1227, 1553, 3023, 3336, 5405, 5598, 5924, 6240, 6445, 7150, 7634, 8069, 8782, 9151, 9371, 9768, 10015]",12255,7,12248,6,1,12237,11
6.5,HSGCSFG,"[404, 735, 1230, 1521]","[404, 1230, 1521]",[735],"[404, 744, 1230, 1521]",2952,4,2948,3,1,2947,1
6.5,HSGEBCMA,"[700, 1648]",[],"[700, 1648]","[607, 1496]",3711,2,3709,0,2,3707,2
6.5,HSGGL2,[547],[547],[],"[202, 547]",1620,1,1619,1,0,1618,1
6.5,HSGLA,"[2148, 8413]",[8413],[2148],"[1374, 5269, 7447, 8413, 10293, 10708]",12428,2,12426,1,1,12421,5
6.5,HSGROW2,[345],[345],[],"[345, 762, 1091, 1349]",1956,1,1955,1,0,1952,3
6.5,HSGSTM4,[],[],[],"[37, 391, 874, 1262, 1458, 2469, 2670]",4834,0,4834,0,0,4827,7
6.5,HSGTRH,"[515, 2205, 2322, 3816, 5548, 6275]","[2205, 3816]","[515, 2322, 5548, 6275]","[2205, 3816]",7216,6,7210,2,4,7210,0
6.5,HSHMG17G,"[1793, 2279, 2524, 4021]","[2524, 4021]","[1793, 2279]","[2524, 3415, 3620, 4021, 4553]",7187,4,7183,2,2,7180,3
6.5,HSHNRNPA,"[814, 2869, 3602, 4312]","[814, 2869]","[3602, 4312]","[814, 1494, 1936, 2295, 2481, 2660, 2869, 3962]",5360,4,5356,2,2,5350,6
6.5,HSHOX51,[4023],[],[4023],[2052],6297,1,6296,0,1,6295,1
6.5,HSHSC70,"[27, 1773, 2250, 3307]","[1773, 2250, 3307]",[27],"[1245, 1773, 2250, 2893, 3307, 3734, 4114]",5400,4,5396,3,1,5392,4
6.5,HSIFNAR,"[830, 5386, 8594, 15482, 16062, 16944, 19442, 24341, 25061, 29554, 30489]","[830, 16944, 19442, 25061, 29554]","[5386, 8594, 15482, 16062, 24341, 30489]","[830, 11325, 16944, 19188, 19442, 21132, 25061, 25314, 28679, 29554]",32898,11,32887,5,6,32882,5
6.5,HSIFNG,"[1897, 2413]",[1897],[2413],"[589, 1897, 2175]",5953,2,5951,1,1,5949,2
6.5,HSIL1AG,"[2208, 3215, 3939, 4326]","[2208, 3215, 4326]",[3939],"[2208, 3215, 4326, 6433, 7940]",11962,4,11958,3,1,11956,2
6.5,HSIL1B,"[3144, 7406]","[3144, 7406]",[],"[2528, 3144, 5327, 6039, 7406]",9703,2,9701,2,0,9698,3
6.5,HSINT2,"[3549, 10533, 10644, 10708]",[3549],"[10533, 10644, 10708]","[1156, 3549]",11600,4,11596,1,3,11595,1
6.5,HSL7A,"[2073, 2867, 3525, 4919]","[2073, 2867, 3525, 4919]",[],"[2073, 2867, 3525, 3881, 4164, 4572, 4919]",5498,4,5494,4,0,5491,3
6.5,HSLCATG,"[1590, 2266, 2574, 5372, 5638, 6574]","[2266, 2574]","[1590, 5372, 5638, 6574]","[991, 1881, 2076, 2266, 2574]",6893,6,6887,2,4,6884,3
6.5,HSMECDAG,"[716, 2776, 3852]","[2776, 3852]",[716],"[1393, 2517, 2776, 2966, 3544, 3852]",4362,3,4359,2,1,4355,4
6.5,HSMED,"[636, 789]",[],"[636, 789]","[1354, 1943, 2315, 4716]",5284,2,5282,0,2,5278,4
6.5,HSMT1H,[],[],[],"[816, 1475]",2134,0,2134,0,0,2132,2
6.5,HSNCAMX1,"[1550, 2245, 4142, 9373, 10015, 10317, 12072, 12786, 13049, 13893, 14002]","[4142, 9373, 10015, 10317, 12072, 12786, 13049, 13893, 14002]","[1550, 2245]","[1609, 4142, 4778, 5218, 6315, 6582, 6983, 7316, 7569, 7852, 8529, 8809, 9068, 9373, 9571, 10015, 10317, 10722, 11667, 12072, 12283, 12550, 12786, 13049, 13487, 13893, 14002]",16280,11,16269,9,2,16251,18
6.5,HSNFM,"[417, 432, 2675, 4491]",[2675],"[417, 432, 4491]","[1822, 2675]",6228,4,6224,1,3,6223,1
6.5,HSODCG,"[1002, 2912, 4649, 5421, 7614, 8052, 8090, 8854]","[4649, 5421, 7614]","[1002, 2912, 8052, 8090, 8854]","[4192, 4649, 5028, 5421, 5633, 5893, 7111, 7306, 7614]",9035,8,9027,3,5,9021,6
6.5,HSODF2,"[4, 964, 993]",[],"[4, 964, 993]",[600],1422,3,1419,0,3,1418,1
6.5,HSPAT133,"[393, 654, 794, 1173, 1447]",[1447],"[393, 654, 794, 1173]",[1447],3712,5,3707,1,4,3707,0
6.5,HSPLAPL,"[599, 827]","[599, 827]",[],"[403, 599, 827]",1274,2,1272,2,0,1271,1
6.5,HSPRB3L,"[566, 789]",[566],[789],"[566, 1537]",4508,2,4506,1,1,4505,1
6.5,HSPRB4S,[913],[],[913],"[693, 1658]",5805,1,5804,0,1,5802,2
6.5,HSPSAG,"[4044, 4080]",[4044],[4080],"[447, 1848, 3764, 4044]",5865,2,5863,1,1,5860,3
6.5,HSRPII145,"[588, 1233, 1688, 1729]","[588, 1233]","[1688, 1729]","[449, 588, 908, 1071, 1233]",2085,4,2081,2,2,2078,3
6.5,HSRPS7,"[404, 1831, 2166, 2369, 4254, 5100, 6064]","[2166, 2369, 4254]","[404, 1831, 5100, 6064]","[2166, 2369, 3108, 4254, 6734]",7505,7,7498,3,4,7496,2
6.5,HSSAA1B,"[862, 1009, 2345, 2367]",[],"[862, 1009, 2345, 2367]","[1543, 3845]",4815,4,4811,0,4,4809,2
6.5,HSSHBG,"[1058, 3148]","[1058, 3148]",[],"[472, 696, 1058, 1551, 1938, 2205, 3148]",3802,2,3800,2,0,3795,5
6.5,HSSSPN1AG,"[2330, 3491]",[3491],[2330],"[1343, 1635, 1809, 3360, 3491]",4088,2,4086,1,1,4082,4
6.5,HSSURF3,"[284, 1033, 1692, 2048, 3074]","[284, 1033, 1692, 2048, 3074]",[],"[284, 1033, 1692, 2048, 2321, 2729, 3074]",3407,5,3402,5,0,3400,2
6.5,HSTNFB,"[836, 1375, 3015]",[1375],"[836, 3015]","[1375, 1567]",3029,3,3026,1,2,3025,1
6.5,HSTPI1G,"[746, 972, 1558, 2035, 3181, 4651]","[746, 2035, 3181]","[972, 1558, 4651]","[746, 2035, 2231, 2438, 2821, 3181]",4987,6,4981,3,3,4978,3
6.5,HSTUBAG,"[536, 3759]",[536],[3759],"[536, 2287, 2584]",4079,2,4077,1,1,4075,2
6.5,HSU01102,[668],[668],[],"[668, 3896]",4987,1,4986,1,0,4985,1
6.5,HSU04357,"[97, 1201, 1963]",[97],"[1201, 1963]","[97, 1342]",2074,3,2071,1,2,2070,1
6.5,HSU04636,"[1018, 1935, 2996, 6008]","[1018, 1935, 2996, 6008]",[],"[1018, 1935, 2199, 2996, 3608, 4424, 4790, 5359, 6008]",9445,4,9441,4,0,9436,5
6.5,HSU05259,"[2091, 2173]",[],"[2091, 2173]","[782, 2685, 3045, 4128]",5662,2,5660,0,2,5656,4
6.5,HSU07807,"[454, 757]",[757],[454],"[757, 3386]",4831,2,4829,1,1,4828,1
6.5,HSU07983,[390],[390],[],[390],1418,1,1417,1,0,1417,0
6.5,HSU08198,"[707, 1124, 1316, 1689, 1811, 1900]","[1124, 1316, 1689, 1811]","[707, 1900]","[583, 895, 1124, 1316, 1689, 1811]",2336,6,2330,4,2,2328,2
6.5,HSU12421,"[1941, 2080, 2255, 3747]",[2080],"[1941, 2255, 3747]","[311, 2080]",4250,4,4246,1,3,4245,1
6.5,HSUBR,"[1589, 2324]","[1589, 2324]",[],"[1589, 2324]",3287,2,3285,2,0,3285,0
6.5,HSXBXVIII,"[473, 1189, 3859, 4586, 5486, 6115, 7675, 9475, 11843, 12085]","[11843, 12085]","[473, 1189, 3859, 4586, 5486, 6115, 7675, 9475]","[11405, 11589, 11843, 12085]",12630,10,12620,2,8,12618,2
6.5,HSZNGP1,"[518, 565, 6347, 8597]",[518],"[565, 6347, 8597]","[518, 4718, 8313]",9815,4,9811,1,3,9809,2
6.5,HUMADAG,"[1355, 4817, 11568, 19292, 19529, 20776, 21114, 26467, 30860, 32497, 32675, 34484, 35203]","[19292, 26467, 32497, 32675, 34484, 35203]","[1355, 4817, 11568, 19529, 20776, 21114, 30860]","[4064, 19292, 26467, 29052, 29939, 31304, 32497, 32675, 32916, 34484, 35203]",36733,13,36720,6,7,36715,5
6.5,HUMADPRF02,"[1650, 3035, 3392]",[1650],"[3035, 3392]","[359, 1308, 1650]",5159,3,5156,1,2,5154,2
6.5,HUMAPEXN,"[1465, 1535]",[1465],[1535],"[1465, 1863, 2622]",3722,2,3720,1,1,3718,2
6.5,HUMAPOCII,"[1557, 1778]",[],"[1557, 1778]","[2995, 3321]",4332,2,4330,0,2,4328,2
6.5,HUMAPOE4,[3200],[3200],[],"[1914, 3200]",5507,1,5506,1,0,5505,1
6.5,HUMATPGG,"[1902, 6534]","[1902, 6534]",[],"[1445, 1727, 1902, 2677, 4293, 4749, 5307, 6118, 6534, 6749, 7456, 8198, 9436, 9672, 9946, 10190, 11405, 12074, 13663, 14100, 14276]",15107,2,15105,2,0,15086,19
6.5,HUMBETGLOA,"[687, 1311, 2559]",[1311],"[687, 2559]","[958, 1311]",2994,3,2991,1,2,2990,1
6.5,HUMBETGLOB,"[685, 1309, 2557]",[1309],"[685, 2557]","[956, 1309]",2992,3,2989,1,2,2988,1
6.5,HUMBETGLOC,"[687, 1311, 2559]",[1311],"[687, 2559]","[958, 1311]",2994,3,2991,1,2,2990,1
6.5,HUMBETGLOD,"[687, 1311, 2559]",[1311],"[687, 2559]","[958, 1311]",2994,3,2991,1,2,2990,1
6.5,HUMBETGLOE,"[685, 1309, 2557]",[1309],"[685, 2557]","[956, 1309]",2992,3,2989,1,2,2988,1
6.5,HUMBETGLOF,"[687, 1311, 2559]",[1311],"[687, 2559]","[958, 1311]",2994,3,2991,1,2,2990,1
6.5,HUMBETGLOG,"[687, 1311, 2559]",[1311],"[687, 2559]","[958, 1311]",2994,3,2991,1,2,2990,1
6.5,HUMBETGLOH,"[687, 1311, 2559]",[1311],"[687, 2559]","[958, 1311]",2994,3,2991,1,2,2990,1
6.5,HUMBETGLOI,"[685, 1309, 2557]",[1309],"[685, 2557]","[956, 1309]",2992,3,2989,1,2,2988,1
6.5,HUMBETGLOJ,"[685, 1309, 2557]",[1309],"[685, 2557]","[956, 1309]",2992,3,2989,1,2,2988,1
6.5,HUMBETGLOK,"[685, 1309, 2557]",[1309],"[685, 2557]","[956, 1309]",2992,3,2989,1,2,2988,1
6.5,HUMBETGLOL,"[685, 1309, 2557]",[1309],"[685, 2557]","[956, 1309]",2992,3,2989,1,2,2988,1
6.5,HUMBETGLOM,"[684, 1308, 2556]",[1308],"[684, 2556]","[955, 1308]",2991,3,2988,1,2,2987,1
6.5,HUMBETGLON,"[685, 1309, 2557]",[1309],"[685, 2557]","[956, 1309]",2992,3,2989,1,2,2988,1
6.5,HUMBETGLOO,"[685, 1309, 2557]",[1309],"[685, 2557]","[956, 1309]",2992,3,2989,1,2,2988,1
6.5,HUMBETGLOP,"[685, 1309, 2557]",[1309],"[685, 2557]","[956, 1309]",2992,3,2989,1,2,2988,1
6.5,HUMBETGLOR,"[685, 1309, 2557]",[1309],"[685, 2557]","[956, 1309]",2992,3,2989,1,2,2988,1
6.5,HUMCBRG,[1220],[1220],[],"[567, 1220]",3318,1,3317,1,0,3316,1
6.5,HUMCHYMASE,"[969, 5216, 6037]","[5216, 6037]",[969],"[5216, 6037, 6922, 7363]",8107,3,8104,2,1,8102,2
6.5,HUMCP21OH,"[947, 1571]","[947, 1571]",[],"[947, 1134, 1571, 1780, 1970, 2158, 2528, 2907, 3094]",4034,2,4032,2,0,4025,7
6.5,HUMCP21OHC,"[948, 1572]","[948, 1572]",[],"[948, 1135, 1572, 1781, 1971, 2159, 2529, 2908, 3096]",4036,2,4034,2,0,4027,7
6.5,HUMCS1,[565],[565],[],"[565, 991, 1334, 1591]",2293,1,2292,1,0,2289,3
6.5,HUMCS3,"[566, 2520]",[566],[2520],"[566, 991, 1334, 1588]",2732,2,2730,1,1,2727,3
6.5,HUMCSN2A,"[122, 4855, 5620, 5747, 9482]","[4855, 5747]","[122, 5620, 9482]","[4855, 5747, 6747, 6887, 8522]",10600,5,10595,2,3,10592,3
6.5,HUMCSPA,"[982, 2276, 2929, 3691]","[982, 2276, 2929]",[3691],"[982, 2276, 2929, 3392]",4783,4,4779,3,1,4778,1
6.5,HUMCTLA1,"[988, 2179, 2770, 3236]","[988, 2179, 2770, 3236]",[],"[988, 2179, 2770, 3236]",4520,4,4516,4,0,4516,0
6.5,HUMDEF5A,[],[],[],[1571],2872,0,2872,0,0,2871,1
6.5,HUMDZA2G,"[5389, 5436, 11212, 13467]",[5389],"[5436, 11212, 13467]","[5389, 9590, 13183]",14686,4,14682,1,3,14680,2
6.5,HUMELAFIN,"[326, 1461]",[326],[1461],[326],1870,2,1868,1,1,1868,0
6.5,HUMEPOHYDD,"[2289, 8696, 16085, 16775, 19204, 20857, 21354, 23010]","[8696, 16085, 16775, 19204, 21354]","[2289, 20857, 23010]","[5656, 8696, 15620, 16085, 16775, 19204, 21354]",24782,8,24774,5,3,24772,2
6.5,HUMG0S24B,[631],[631],[],[631],3127,1,3126,1,0,3126,0
6.5,HUMG0S8PP,[4646],[4646],[],"[2682, 3768, 3932, 4646]",7337,1,7336,1,0,7333,3
6.5,HUMGAD45A,"[2596, 3645]","[2596, 3645]",[],"[2596, 3184, 3645]",5370,2,5368,2,0,5367,1
6.5,HUMGARE,"[3207, 4469]",[],"[3207, 4469]","[810, 2239, 2653, 3118]",4746,2,4744,0,2,4740,4
6.5,HUMGCK,"[3799, 6475]",[6475],[3799],"[1188, 3360, 3882, 4312, 4806, 5015, 5452, 5964, 6475]",7519,2,7517,1,1,7509,8
6.5,HUMGFP40H,[3126],[],[3126],"[910, 1058, 1173, 2593]",4371,1,4370,0,1,4366,4
6.5,HUMGHG,"[689, 1983, 2636, 3398]","[689, 1983, 2636]",[3398],"[689, 1983, 2636, 3099]",4444,4,4440,3,1,4439,1
6.5,HUMGHN,[569],[569],[],"[569, 989, 1316, 1574]",2649,1,2648,1,0,2645,3
6.5,HUMGHV,"[432, 566]",[566],[432],"[566, 998, 1328, 1584]",2652,2,2650,1,1,2647,3
6.5,HUMGSTM4A,[1272],[],[1272],"[777, 1139, 1631, 2024, 2225, 3262, 3463]",6074,1,6073,0,1,6066,7
6.5,HUMHMGIY,"[1075, 4627, 5150, 5496, 7133, 9390]",[],"[1075, 4627, 5150, 5496, 7133, 9390]","[4660, 6544, 7270]",10098,6,10092,0,6,10089,3
6.5,HUMHOX13G,[380],[],[380],[811],3062,1,3061,0,1,3060,1
6.5,HUMHPARS1,"[7692, 11385]",[],"[7692, 11385]","[1046, 2632, 3020, 3855, 4744, 5577]",11543,2,11541,0,2,11535,6
6.5,HUMIBP3,"[2441, 2935, 3142, 4358, 4406, 6617, 8353]","[2441, 6617]","[2935, 3142, 4358, 4406, 8353]","[2441, 5953, 6617]",10876,7,10869,2,5,10868,1
6.5,HUMIDS,"[2038, 2376, 4119, 4778, 5244, 11397, 14655, 15901, 25810, 29400, 30410, 31004, 35761]","[2038, 5244]","[2376, 4119, 4778, 11397, 14655, 15901, 25810, 29400, 30410, 31004, 35761]","[1160, 2038, 2882, 5244, 8086, 9847, 15879, 19268]",36837,13,36824,2,11,36818,6
6.5,HUMIGERA,"[1342, 1797, 3105, 4527, 5168]","[1342, 1797, 3105, 5168]",[4527],"[1342, 1797, 3105, 5168]",7651,5,7646,4,1,7646,0
6.5,HUMIL2RGA,[],[],[],"[203, 735, 1128, 1476, 2402, 3031, 3353]",4030,0,4030,0,0,4023,7
6.5,HUMIL4A,"[1306, 1626, 3254, 8407, 8466]","[1306, 1626]","[3254, 8407, 8466]","[1306, 1626, 7003]",9892,5,9887,2,3,9886,1
6.5,HUMIRBPG,"[3181, 3550, 5069]",[3181],"[3550, 5069]","[3181, 5157, 7160]",9703,3,9700,1,2,9698,2
6.5,HUMLHDC,"[166, 7415, 10512, 11221, 14605, 18382, 18855, 20300, 20482, 22046, 23463, 31819]","[7415, 14605, 18382, 20300, 20482]","[166, 10512, 11221, 18855, 22046, 23463, 31819]","[7415, 9773, 14605, 15584, 18382, 18782, 19312, 20300, 20482, 24666, 29773]",32343,12,32331,5,7,32325,6
6.5,HUMLUCT,"[1550, 2861]","[1550, 2861]",[],"[1550, 2505, 2861]",3288,2,3286,2,0,3285,1
6.5,HUMLYTOXBB,"[1235, 1357, 2934]",[2934],"[1235, 1357]","[2934, 3376, 3631]",6297,3,6294,1,2,6292,2
6.5,HUMMCHEMP,"[159, 674]",[674],[159],"[674, 1590]",2756,2,2754,1,1,2753,1
6.5,HUMMET2,[866],[866],[],"[866, 1233]",1695,1,1694,1,0,1693,1
6.5,HUMMGPA,[3748],[],[3748],"[3516, 5093, 6334]",7726,1,7725,0,1,7722,3
6.5,HUMMIF,[1643],[1643],[],"[1281, 1643]",2159,1,2158,1,0,2157,1
6.5,HUMMIS,[623],[623],[],"[623, 1358, 1639, 1887]",3092,1,3091,1,0,3088,3
6.5,HUMMKXX,[2463],[],[2463],"[1415, 1737, 2019]",3300,1,3299,0,1,3296,3
6.5,HUMNKG5PRO,"[2262, 3215, 3848, 5468]","[2262, 3215, 3848, 5468]",[],"[2262, 3215, 3848, 5468]",6738,4,6734,4,0,6734,0
6.5,HUMNTRI,"[2145, 2802, 3141]",[2802],"[2145, 3141]",[2802],3702,3,3699,1,2,3699,0
6.5,HUMNTRIII,"[2145, 2802, 3141]",[2802],"[2145, 3141]",[2802],3702,3,3699,1,2,3699,0
6.5,HUMOSTP,"[3657, 6986]","[3657, 6986]",[],"[3509, 3657, 6679, 6986, 8349]",10714,2,10712,2,0,10709,3
6.5,HUMPAP,"[1012, 1410, 3167, 3342]","[1410, 3167]","[1012, 3342]","[1410, 2089, 2414, 3167]",4489,4,4485,2,2,4483,2
6.5,HUMPCI,"[2226, 3307, 4697, 7199, 8568, 8725, 14117, 14247]",[8568],"[2226, 3307, 4697, 7199, 8725, 14117, 14247]","[8568, 10898, 11483]",15563,8,15555,1,7,15553,2
6.5,HUMPEM,"[934, 1033, 2266, 2707, 3203, 3297]","[934, 2266, 2707, 3203]","[1033, 3297]","[934, 2266, 2421, 2707, 2973, 3203]",4235,6,4229,4,2,4227,2
6.5,HUMPEPYYA,[1201],[1201],[],"[1201, 1388]",2370,1,2369,1,0,2368,1
6.5,HUMPF4V1A,[381],[381],[],"[381, 826]",1460,1,1459,1,0,1458,1
6.5,HUMPHOSA,[850],[850],[],"[233, 850, 1494, 1810, 2323, 2988, 3209, 3729]",4884,1,4883,1,0,4876,7
6.5,HUMPRCA,"[130, 2309, 3438, 5118, 5348, 5452, 5585, 11461]","[5118, 5348, 5585]","[130, 2309, 3438, 5452, 11461]","[2201, 3631, 5118, 5348, 5585, 8396, 9387]",11717,8,11709,3,5,11705,4
6.5,HUMPREELAS,"[596, 1729]",[596],[1729],[596],2291,2,2289,1,1,2289,0
6.5,HUMPRPHX,"[1838, 2127, 2502, 2869, 3173, 3322, 3633]","[1838, 2127, 2869, 3173, 3322, 3633]",[2502],"[1346, 1838, 2127, 2652, 2869, 3173, 3322, 3633]",4524,7,4517,6,1,4515,2
6.5,HUMRCC1,"[638, 654, 5741, 11134, 12573, 14368, 14697, 24201, 26218, 28244, 28523, 29766]","[24201, 26218, 28244, 29766]","[638, 654, 5741, 11134, 12573, 14368, 14697, 28523]","[24201, 26218, 26579, 28010, 28244, 28893, 29247, 29766]",34633,12,34621,4,8,34617,4
6.5,HUMREGHOM,"[52, 684, 1909, 2739, 2825]","[684, 2739]","[52, 1909, 2825]","[684, 1419, 1864, 2739]",3403,5,3398,2,3,3396,2
6.5,HUMROD1X,[1876],[1876],[],"[1242, 1876]",2833,1,2832,1,0,2831,1
6.5,HUMRPIB2,"[899, 1531, 2758, 3588, 3674]","[1531, 3588]","[899, 2758, 3674]","[1531, 2268, 2713, 3588]",4329,5,4324,2,3,4322,2
6.5,HUMRPS6B,"[359, 1168, 1838]","[359, 1838]",[1168],"[359, 1059, 1838, 2178, 4051]",4964,3,4961,2,1,4958,3
6.5,HUMSEMI,[793],[793],[],[793],4156,1,4155,1,0,4155,0
6.5,HUMSEMIIB,"[4486, 4667, 5820, 6446]",[4486],"[4667, 5820, 6446]",[4486],8216,4,8212,1,3,8212,0
6.5,HUMSTATH2,"[1553, 2025, 2848]",[1553],"[2025, 2848]","[353, 1553, 1675]",4715,3,4712,1,2,4710,2
6.5,HUMTBGA,"[854, 1021, 4941, 6314]",[4941],"[854, 1021, 6314]","[4941, 6265, 7144]",8761,4,8757,1,3,8755,2
6.5,HUMTCRBRA,[278],[278],[],[278],728,1,727,1,0,727,0
6.5,HUMTHROMA,"[159, 787, 4817, 5134]",[4817],"[159, 787, 5134]","[1985, 2344, 2717, 4817]",6155,4,6151,1,3,6148,3
6.5,HUMTNP2SS,[],[],[],[658],1774,0,1774,0,0,1773,1
6.5,HUMTPALBU,"[2741, 4587]",[2741],[4587],"[1094, 1621, 2741, 3425, 4361]",6164,2,6162,1,1,6158,4
6.5,HUMTRHYAL,"[201, 2232]",[],"[201, 2232]",[1645],9543,2,9541,0,2,9540,1
6.5,HUMTSHB2,[],[],[],[187],978,0,978,0,0,977,1
6.5,HUMV2R,"[261, 1366, 2128]",[261],"[1366, 2128]","[261, 1507]",2274,3,2271,1,2,2270,1
6.5,HYPSCGH,"[806, 1624]",[1624],[806],"[41, 451, 1039, 1624]",2476,2,2474,1,1,2471,3
6.5,LAYEGLOBIN,"[238, 584]","[238, 584]",[],"[238, 584]",1694,2,1692,2,0,1692,0
6.5,LEBGLOB,"[157, 1501, 1926]",[1926],"[157, 1501]","[1577, 1926]",3638,3,3635,1,2,3634,1
6.5,LNOEGLOBIN,"[236, 587]","[236, 587]",[],"[236, 587]",1690,2,1688,2,0,1688,0
6.5,MACHBGA1,"[283, 841]",[841],[283],"[495, 841]",2097,2,2095,1,1,2094,1
6.5,MACHBGA2,"[281, 839]",[839],[281],"[493, 839]",2100,2,2098,1,1,2097,1
6.5,MAMGLUTRA,[],[],[],"[484, 821, 1255, 1627, 1819, 2745, 2938]",6287,0,6287,0,0,6280,7
6.5,MAU09941,"[1031, 1830]",[1830],[1031],[1830],3798,2,3796,1,1,3796,0
6.5,MFAPOA2A,[],[],[],"[379, 785]",1489,0,1489,0,0,1487,2
6.5,MFAPOC3A,[2232],[],[2232],"[913, 1172]",3254,1,3253,0,1,3251,2
6.5,MMA2IXCOA,"[5682, 7102, 7250, 7684, 8882, 9322, 9467, 9626, 13447, 13726, 14575, 15597, 16114, 16240, 16811, 17275, 18283]","[5682, 7102, 7250, 7684, 8882, 9322, 9467, 9626, 13447, 13726, 14575, 15597, 16114, 16240, 16811, 17275]",[18283],"[3132, 4386, 5682, 5831, 7102, 7250, 7371, 7684, 8064, 8216, 8401, 8539, 8882, 9322, 9467, 9626, 13033, 13447, 13726, 14575, 15021, 15338, 15597, 15746, 15933, 16114, 16240, 16522, 16811, 17275, 17647]",19471,17,19454,16,1,19439,15
6.5,MMACLGNA,[1458],[],[1458],"[474, 3178]",3873,1,3872,0,1,3870,2
6.5,MMAPOG,"[265, 536]",[536],[265],"[536, 806]",2168,2,2166,1,1,2165,1
6.5,MMASM1G,"[1088, 3245, 3745]","[1088, 3245, 3745]",[],"[1088, 2244, 2928, 3245, 3745]",4767,3,4764,3,0,4762,2
6.5,MMCASEIB,"[4901, 7023, 7160, 10443]","[7023, 7160]","[4901, 10443]","[6252, 7023, 7160, 8126, 8252, 9803]",13046,4,13042,2,2,13038,4
6.5,MMCD24A,[2486],[2486],[],[2486],7632,1,7631,1,0,7631,0
6.5,MMCFOS,"[844, 1850]","[844, 1850]",[],"[844, 1850, 2363]",3959,2,3957,2,0,3956,1
6.5,MMCOL10A,"[1070, 1802, 5660, 6146, 9322]",[1802],"[1070, 5660, 6146, 9322]",[1802],9323,5,9318,1,4,9318,0
6.5,MMCRPG,[],[],[],[375],2132,0,2132,0,0,2131,1
6.5,MMCYTOKNA,[810],[810],[],"[810, 1559]",2551,1,2550,1,0,2549,1
6.5,MMDM2RR,"[665, 854, 2702, 3378, 3962, 4925]","[665, 854, 2702, 3962, 4925]",[3378],"[665, 854, 1305, 1651, 2702, 3701, 3962, 4925, 5134]",6632,6,6626,5,1,6622,4
6.5,MMDNAASFA,"[855, 1497, 1576]","[855, 1576]",[1497],"[855, 1241, 1576, 1823, 2135, 2357, 2695]",4307,3,4304,2,1,4299,5
6.5,MMEZGL,[],[],[],"[589, 1599]",1945,0,1945,0,0,1943,2
6.5,MMG37,"[788, 2570]","[788, 2570]",[],"[332, 788, 1303, 2119, 2363, 2570]",3065,2,3063,2,0,3059,4
6.5,MMGBCRYA,[671],[671],[],"[671, 1003]",2653,1,2652,1,0,2651,1
6.5,MMGCCRYA,"[721, 2488]",[721],[2488],"[721, 1056]",2884,2,2882,1,1,2881,1
6.5,MMGFAPD,"[1901, 4335, 7907]","[1901, 4335, 7907]",[],"[713, 1624, 1901, 2995, 3906, 4335, 5452, 7907]",9963,3,9960,3,0,9955,5
6.5,MMGGLINE,"[204, 2076, 2634, 6374, 6955, 7513, 9179]",[7513],"[204, 2076, 2634, 6374, 6955, 9179]","[7167, 7513]",11278,7,11271,1,6,11270,1
6.5,MMGK5,[],[],[],"[695, 1805, 2595, 2825]",3602,0,3602,0,0,3598,4
6.5,MMH2D4Q5,"[159, 644]","[159, 644]",[],"[159, 644]",1100,2,1098,2,0,1098,0
6.5,MMHOX13,[369],[],[369],[800],2827,1,2826,0,1,2825,1
6.5,MMHOX24I,[837],[837],[],[837],1915,1,1914,1,0,1914,0
6.5,MMIL1BG,"[1938, 4398, 5679]","[1938, 4398, 5679]",[],"[1356, 1938, 3680, 4398, 5679]",7092,3,7089,3,0,7087,2
6.5,MMIL3G,[2090],[2090],[],"[686, 824, 1913, 2090]",3482,1,3481,1,0,3478,3
6.5,MMIL5G,[],[],[],"[731, 1593, 3597]",6719,0,6719,0,0,6716,3
6.5,MMKFGF,"[1337, 1556, 2886]",[],"[1337, 1556, 2886]","[542, 1045]",3981,3,3978,0,3,3976,2
6.5,MMLDHAG,"[4577, 5333, 7171, 7668, 8315, 8402, 8597]","[4577, 7171, 7668, 8597]","[5333, 8315, 8402]","[4577, 5919, 7171, 7668, 8597, 10704]",12843,7,12836,4,3,12834,2
6.5,MMMMP9A,"[3945, 4864, 6356, 6564]","[3945, 6356, 6564]",[4864],"[1341, 2008, 2375, 2781, 3064, 3418, 3945, 4206, 5695, 5936, 6356, 6564]",8182,4,8178,3,1,8169,9
6.5,MMMRPS24,"[404, 3934]",[404],[3934],"[404, 1460, 1761, 3137]",5491,2,5489,1,1,5486,3
6.5,MMMTIX,[402],[402],[],"[402, 951]",1552,1,1551,1,0,1550,1
6.5,MMMUPBS6,[2425],[],[2425],"[731, 1203, 2045, 2793, 3236]",4614,1,4613,0,1,4608,5
6.5,MMMYCL,"[919, 7565, 8161]",[],"[919, 7565, 8161]",[1787],8308,3,8305,0,3,8304,1
6.5,MMNFMG,"[4409, 4804]",[],"[4409, 4804]","[1634, 2540]",5463,2,5461,0,2,5459,2
6.5,MMNMYC,[],[],[],[1163],4799,0,4799,0,0,4798,1
6.5,MMNUCLEO,"[2042, 3040, 3141, 4071, 4293, 4879, 5198, 6230, 8122, 10436]","[2042, 3141, 4293, 4879, 5198, 6230, 8122, 10436]","[3040, 4071]","[2042, 3141, 4293, 4694, 4879, 5198, 6230, 7517, 8122, 8738, 9050, 9881, 10436]",11470,10,11460,8,2,11455,5
6.5,MMODC2,"[737, 1374, 2508, 2523, 2702]","[737, 1374, 2508, 2702]",[2523],"[331, 737, 1053, 1374, 1557, 1801, 2508, 2702, 2999]",4252,5,4247,4,1,4242,5
6.5,MMOESTEOP,"[1127, 4834]",[1127],[4834],"[993, 1127, 2283, 2821, 4101]",5774,2,5772,1,1,5768,4
6.5,MMPO,"[1709, 2446, 3054, 3728, 3749, 8043, 8907]","[2446, 3728, 8907]","[1709, 3054, 3749, 8043]","[2193, 2446, 2948, 3503, 3728, 4018, 4769, 7167, 8440, 8907, 9903]",11905,7,11898,3,4,11890,8
6.5,MMPPSOMA,"[562, 1034, 1208]",[1034],"[562, 1208]",[1034],2556,3,2553,1,2,2553,0
6.5,MMPROP2,[],[],[],[289],712,0,712,0,0,711,1
6.5,MMPROT1,[],[],[],[759],1178,0,1178,0,0,1177,1
6.5,MMPROT2,[1218],[1218],[],[1218],1568,1,1567,1,0,1567,0
6.5,MMSAP,[441],[441],[],[441],1868,1,1867,1,0,1867,0
6.5,MMSCIMIP,[],[],[],"[415, 1017]",1980,0,1980,0,0,1978,2
6.5,MMSYNDE1A,"[1345, 1992, 11397, 14080, 19009, 19542, 19726, 20942, 22802]","[1345, 19009, 20942]","[1992, 11397, 14080, 19542, 19726, 22802]","[1345, 19009, 20385, 20942]",23592,9,23583,3,6,23582,1
6.5,MMTHY1G,[1009],[1009],[],"[80, 1009]",2682,1,2681,1,0,2680,1
6.5,MMTLAC,[299],[299],[],"[299, 748, 1171, 3092, 3338]",5239,1,5238,1,0,5234,4
6.5,MMTNFBG,"[1196, 1553, 1728]",[1728],"[1196, 1553]","[1728, 1911]",3211,3,3208,1,2,3207,1
6.5,MMTROPIB,"[1832, 1932, 2033, 4604]","[1932, 4604]","[1832, 2033]","[1697, 1932, 2185, 2656, 3037, 3564, 4604]",5683,4,5679,2,2,5674,5
6.5,MMTUM198,"[120, 2818, 3313, 3587, 3818, 4220]","[2818, 3313, 3587, 3818]","[120, 4220]","[1692, 2818, 3098, 3313, 3587, 3818, 4180]",4376,6,4370,4,2,4367,3
6.5,MMU01530,[3231],[3231],[],"[3094, 3231]",6694,1,6693,1,0,6692,1
6.5,MMU02278,[],[],[],[1638],3973,0,3973,0,0,3972,1
6.5,MMU02298,[4897],[],[4897],"[1180, 2413]",5851,1,5850,0,1,5848,2
6.5,MMU02884,"[814, 5244, 7567]",[5244],"[814, 7567]","[1630, 5244, 6836]",8757,3,8754,1,2,8752,2
6.5,MMU04056,"[1382, 2747, 4688, 6264, 7683, 8680, 14615, 15417, 16348, 18100]","[1382, 4688]","[2747, 6264, 7683, 8680, 14615, 15417, 16348, 18100]","[1382, 3530, 4688, 7979, 8895, 10317, 10876, 11259, 12211, 13491, 16230, 16561]",21710,10,21700,2,8,21690,10
6.5,MMU04827,"[105, 4281, 4301, 4969, 5675]","[4281, 4969]","[105, 4301, 5675]","[3684, 4281, 4969]",7600,5,7595,2,3,7594,1
6.5,MMU07568,"[84, 267, 482]","[84, 267, 482]",[],"[84, 267, 482]",743,3,740,3,0,740,0
6.5,MMU07808,"[61, 673]",[673],[61],"[673, 1697]",2840,2,2838,1,1,2837,1
6.5,MMU09741,"[1094, 1230]",[1230],[1094],"[245, 1230]",2844,2,2842,1,1,2841,1
6.5,MMU09964,"[375, 2490, 2680, 3428, 5726, 6890, 7525, 7760, 7962, 8601, 11246]","[3428, 7962, 8601]","[375, 2490, 2680, 5726, 6890, 7525, 7760, 11246]","[1968, 3428, 4303, 4607, 7962, 8162, 8601, 9017, 9311, 10875]",11454,11,11443,3,8,11436,7
6.5,MMU10098,"[1173, 5292, 5695]",[1173],"[5292, 5695]","[1173, 3509]",6117,3,6114,1,2,6113,1
6.5,MMU11054,[204],[],[204],"[457, 1418, 1996]",2564,1,2563,0,1,2560,3
6.5,MMU11713,"[288, 634]","[288, 634]",[],"[288, 634]",1759,2,1757,2,0,1757,0
6.5,MMU12029,"[17, 582]",[582],[17],"[582, 1264]",2255,2,2253,1,1,2252,1
6.5,MMU12273,[],[],[],"[680, 1085, 1740]",2575,0,2575,0,0,2572,3
6.5,MMU12559,[],[],[],[247],918,0,918,0,0,917,1
6.5,MMU12560,[],[],[],[247],920,0,920,0,0,919,1
6.5,MMU12561,[],[],[],[247],916,0,916,0,0,915,1
6.5,MMU12562,[],[],[],[247],918,0,918,0,0,917,1
6.5,MMU12565,[247],[247],[],[247],1043,1,1042,1,0,1042,0
6.5,MMU13921,"[952, 1867, 2197, 2354, 3990]","[952, 2354, 3990]","[1867, 2197]","[952, 2003, 2354, 2693, 2930, 3241, 3990]",4670,5,4665,3,2,4661,4
6.5,MMU14421,[3848],[],[3848],"[3668, 4237, 4502, 4814]",6254,1,6253,0,1,6249,4
6.5,MMVITRO,"[2054, 3812, 3855]",[2054],"[3812, 3855]","[1845, 2054, 2474, 2693, 3017, 3279, 4355]",4996,3,4993,1,2,4987,6
6.5,MMVPREB2,"[172, 379]",[379],[172],[379],1045,2,1043,1,1,1043,0
6.5,MMVPREB3,"[172, 379]",[379],[172],[379],1045,2,1043,1,1,1043,0
6.5,MNKEGLOBIM,"[237, 583]","[237, 583]",[],"[237, 583]",1693,2,1691,2,0,1691,0
6.5,MNKEGLOBIN,"[237, 583]","[237, 583]",[],"[237, 583]",1691,2,1689,2,0,1689,0
6.5,MNKHGBGGAG,[633],[633],[],"[287, 633]",1697,1,1696,1,0,1695,1
6.5,MNPROP2,[],[],[],[278],696,0,696,0,0,695,1
6.5,MUS8HS20,"[940, 2562]",[940],[2562],[940],2622,2,2620,1,1,2620,0
6.5,MUSAP,"[3574, 4740, 5547, 6709]","[3574, 4740, 6709]",[5547],"[3574, 3815, 4034, 4509, 4740, 4971, 5290, 5619, 5952, 6406, 6709]",8086,4,8082,3,1,8074,8
6.5,MUSAP5A,"[551, 1768, 2428, 2463, 4614, 6816]","[2428, 4614]","[551, 1768, 2463, 6816]","[2428, 2759, 4614]",6821,6,6815,2,4,6814,1
6.5,MUSAPEX,[],[],[],"[1684, 2089, 2742]",4034,0,4034,0,0,4031,3
6.5,MUSAPOAII,[723],[723],[],"[723, 1155]",2952,1,2951,1,0,2950,1
6.5,MUSAPOIVA,"[588, 975, 1385]","[588, 975]",[1385],"[588, 975]",3012,3,3009,2,1,3009,0
6.5,MUSBMP4,"[768, 2149, 2473, 5497]",[],"[768, 2149, 2473, 5497]",[7179],9660,4,9656,0,4,9655,1
6.5,MUSBNP,"[336, 753]","[336, 753]",[],"[336, 753]",1460,2,1458,2,0,1458,0
6.5,MUSCD14A,[176],[176],[],[176],1865,1,1864,1,0,1864,0
6.5,MUSCRKNB,"[1440, 3842, 3862]",[3842],"[1440, 3862]","[1904, 2245, 2455, 2796, 3505, 3842]",4513,3,4510,1,2,4505,5
6.5,MUSCYTCOVB,[724],[724],[],"[724, 1319, 1585]",2532,1,2531,1,0,2529,2
6.5,MUSENDOBA,"[2743, 3115, 4049, 4430, 4898, 5090, 5589]","[2743, 4049, 5090, 5589]","[3115, 4430, 4898]","[2743, 3618, 4049, 4853, 5090, 5589]",7871,7,7864,4,3,7862,2
6.5,MUSFAUA,"[846, 1496, 2124]","[1496, 2124]",[846],"[1249, 1496, 2124]",2842,3,2839,2,1,2838,1
6.5,MUSFERHC,"[483, 1827, 2185]","[483, 1827, 2185]",[],"[483, 1827, 2185]",2782,3,2779,3,0,2779,0
6.5,MUSFKBP13X,[321],[321],[],"[321, 736, 904, 1282]",1573,1,1572,1,0,1569,3
6.5,MUSGAD45,"[935, 1458, 2647]","[935, 1458]",[2647],"[935, 1126, 1458]",3092,3,3089,2,1,3088,1
6.5,MUSGFJE,[624],[624],[],"[624, 1489]",2403,1,2402,1,0,2401,1
6.5,MUSGPOAD,"[1044, 4816, 4916]","[1044, 4916]",[4816],"[1044, 2306, 4403, 4916]",8068,3,8065,2,1,8063,2
6.5,MUSHBBH0,[365],[365],[],"[365, 914]",2127,1,2126,1,0,2125,1
6.5,MUSHBBH1,[451],[451],[],"[451, 780]",1918,1,1917,1,0,1916,1
6.5,MUSHES1,"[556, 1108, 1351]","[556, 1108]",[1351],"[556, 784, 1108]",2817,3,2814,2,1,2813,1
6.5,MUSHOX35A,"[232, 3519]",[],"[232, 3519]",[1308],3847,2,3845,0,2,3844,1
6.5,MUSIL1RN,"[512, 2186, 2289, 2483, 3549]","[512, 2483, 3549]","[2186, 2289]","[512, 2483, 3549]",6342,5,6337,3,2,6337,0
6.5,MUSKE3A,"[1881, 2194]",[],"[1881, 2194]","[21, 544, 3218, 3400]",3612,2,3610,0,2,3606,4
6.5,MUSLMP7A,"[1318, 1407]",[1318],[1407],"[1318, 2153, 2454, 3029, 3674]",4259,2,4257,1,1,4253,4
6.5,MUSLTA,"[1207, 1632, 1807]",[1807],"[1207, 1632]","[1807, 1990]",3286,3,3283,1,2,3282,1
6.5,MUSMC26,"[843, 2419, 2475]",[2419],"[843, 2475]","[2419, 3190, 4144]",5386,3,5383,1,2,5381,2
6.5,MUSOGC,"[113, 489]","[113, 489]",[],"[113, 290, 489]",941,2,939,2,0,938,1
6.5,MUSOGCA,"[285, 866, 1242]","[866, 1242]",[285],"[866, 1043, 1242]",1694,3,1691,2,1,1690,1
6.5,MUSOGCB,"[113, 490]","[113, 490]",[],"[113, 290, 490]",942,2,940,2,0,939,1
6.5,MUSPNMT,"[1665, 1881, 2135, 2755]",[1665],"[1881, 2135, 2755]","[1665, 2343]",3136,4,3132,1,3,3131,1
6.5,MUSPROTA,"[1945, 2585, 3663]","[1945, 2585, 3663]",[],"[1945, 2585, 3224, 3663]",4636,3,4633,3,0,4632,1
6.5,MUSPROTEB,"[337, 496, 1024]",[337],"[496, 1024]","[337, 594, 993, 1988]",2389,3,2386,1,2,2383,3
6.5,MUSPRPC2,[3019],[],[3019],[801],7298,1,7297,0,1,7296,1
6.5,MUSPRPMPB,"[1480, 2974]",[],"[1480, 2974]",[801],3566,2,3564,0,2,3563,1
6.5,MUSREGI,"[775, 1159, 2230, 2993]","[1159, 2230, 2993]",[775],"[1159, 1799, 2230, 2993]",3748,4,3744,3,1,3743,1
6.5,MUSREGII,"[530, 927]",[927],[530],"[927, 1626, 1988, 3091]",3924,2,3922,1,1,3919,3
6.5,MUSROM1X,[],[],[],"[1242, 1848]",2779,0,2779,0,0,2777,2
6.5,MUSRPL30,"[660, 2459, 3441]","[660, 2459]",[3441],"[660, 1050, 2459]",3468,3,3465,2,1,3464,1
6.5,MUSRPS16,[1868],[1868],[],"[450, 687, 1868, 2005]",2641,1,2640,1,0,2637,3
6.5,MUSS100B,"[342, 1721, 4920]",[4920],"[342, 1721]",[4920],8865,3,8862,1,2,8862,0
6.5,MUSSERPROA,"[1034, 1449, 2092]","[1449, 2092]",[1034],"[1449, 2092, 2739, 3178]",4449,3,4446,2,1,4444,2
6.5,MUSSSATGN,"[840, 1825, 3039]","[840, 3039]",[1825],"[840, 1162, 1346, 2905, 3039]",4058,3,4055,2,1,4052,3
6.5,MUSTCP,"[4278, 4687, 6098]","[4278, 4687, 6098]",[],"[453, 1705, 1993, 3270, 3746, 4278, 4687, 6098, 6552, 7230, 7512]",9253,3,9250,3,0,9242,8
6.5,MUSTHY1,[1009],[1009],[],"[80, 1009]",2682,1,2681,1,0,2680,1
6.5,MUSTLAG,[705],[705],[],"[705, 1155, 1573, 3494, 3740]",5412,1,5411,1,0,5407,4
6.5,MUSTSHBA2,[],[],[],[464],1283,0,1283,0,0,1282,1
6.5,MUSY1GLOB,[377],[377],[],"[377, 690]",1745,1,1744,1,0,1743,1
6.5,OABBGLOB,"[525, 958, 1309]","[958, 1309]",[525],"[958, 1309]",3241,3,3238,2,1,3238,0
6.5,OABCGLOB,"[957, 1312]","[957, 1312]",[],"[957, 1312]",3192,2,3190,2,0,3190,0
6.5,OAINIGFII1,[2106],[],[2106],[740],2385,1,2384,0,1,2383,1
6.5,OAINTL3,"[1909, 2072]","[1909, 2072]",[],"[674, 813, 1909, 2072]",2793,2,2791,2,0,2789,2
6.5,OAKRT213,"[4813, 5288, 5684, 9294]","[4813, 5288, 5684]",[9294],"[3198, 4147, 4813, 5288, 5684, 6077, 6548, 7393]",9521,4,9517,3,1,9512,5
6.5,OALGB,"[959, 2660]",[2660],[959],"[938, 1742, 2660, 3883, 4656]",7371,2,7369,1,1,7365,4
6.5,OAMETIAG,[],[],[],"[701, 1479]",2792,0,2792,0,0,2790,2
6.5,OAMTIB,[],[],[],"[965, 1721]",3211,0,3211,0,0,3209,2
6.5,OAMTIC,[],[],[],"[621, 1295]",2375,0,2375,0,0,2373,2
6.5,OAMTII,[],[],[],"[1023, 1378]",2047,0,2047,0,0,2045,2
6.5,OAPROTP1,[],[],[],[212],524,0,524,0,0,523,1
6.5,OATRICH,"[1183, 4772]",[],"[1183, 4772]",[3157],9336,2,9334,0,2,9333,1
6.5,OCAPOAIG,"[361, 1467]",[],"[361, 1467]","[553, 855]",1986,2,1984,0,2,1982,2
6.5,OCTNFBETA,"[68, 577]",[577],[68],"[577, 766]",1963,2,1961,1,1,1960,1
6.5,OCUTGLOB,"[3357, 3424]",[3357],[3424],"[3357, 5831]",6560,2,6558,1,1,6557,1
6.5,OOGH,[333],[333],[],"[333, 740, 1084, 1475]",2154,1,2153,1,0,2150,3
6.5,OPOP1,[],[],[],[249],616,0,616,0,0,615,1
6.5,ORAPROTP1A,[],[],[],[163],409,0,409,0,0,408,1
6.5,PAA1GL,"[204, 513]","[204, 513]",[],"[204, 513]",872,2,870,2,0,870,0
6.5,PAAFPG,[214],[214],[],[214],1087,1,1086,1,0,1086,0
6.5,PAU03674,"[3171, 4013]","[3171, 4013]",[],"[3171, 3574, 3773, 4013, 4294, 4611]",5437,2,5435,2,0,5431,4
6.5,PIGAPAI,"[562, 794]",[794],[562],"[794, 1129]",3325,2,3323,1,1,3322,1
6.5,PIGAPCIII,"[45, 944]",[],"[45, 944]","[1432, 1711]",3268,2,3266,0,2,3264,2
6.5,PIGCNP,"[528, 1150, 1622]",[],"[528, 1150, 1622]",[400],1886,3,1883,0,3,1882,1
6.5,PIGFSB,[1598],[],[1598],"[515, 1042]",2043,1,2042,0,1,2040,2
6.5,PIKEGLOBIN,"[237, 588]","[237, 588]",[],"[237, 588]",1701,2,1699,2,0,1699,0
6.5,PPGLTG,[662],[662],[],"[373, 662]",1064,1,1063,1,0,1062,1
6.5,PPPROP2,[],[],[],[319],739,0,739,0,0,738,1
6.5,PPYPROP2,[],[],[],[272],688,0,688,0,0,687,1
6.5,PTAZGLO,"[943, 1603, 1648]",[1603],"[943, 1648]","[1603, 3077]",3609,3,3606,1,2,3605,1
6.5,PTGGGLOG,[545],[545],[],"[200, 545]",1814,1,1813,1,0,1812,1
6.5,PTPPINS,[],[],[],[1410],2475,0,2475,0,0,2474,1
6.5,PTPROP2,[],[],[],[330],750,0,750,0,0,749,1
6.5,PVU11715,"[288, 633]","[288, 633]",[],"[288, 633]",1781,2,1779,2,0,1779,0
6.5,QULNFLW,"[1222, 3794, 5849, 5873]",[3794],"[1222, 5849, 5873]","[3794, 4656, 5921]",7925,4,7921,1,3,7919,2
6.5,QULTROPIA,"[2360, 3004, 3437, 4047]","[2360, 3004, 3437, 4047]",[],"[2186, 2360, 3004, 3437, 4047, 4336]",4956,4,4952,4,0,4950,2
6.5,RABCRP,[397],[397],[],[397],1430,1,1429,1,0,1429,0
6.5,RABDNP3AA,"[816, 2156]",[2156],[816],[2156],3082,2,3080,1,1,3080,0
6.5,RABSURFA,"[471, 3239, 4361, 5088]","[4361, 5088]","[471, 3239]","[4033, 4361, 5088]",8089,4,8085,2,2,8084,1
6.5,RABTNF,[851],[851],[],"[851, 1355, 1563]",3192,1,3191,1,0,3189,2
6.5,RATCYC,"[362, 1333]",[1333],[362],[1333],2520,2,2518,1,1,2518,0
6.5,RATCYSS,[1006],[1006],[],"[1006, 4026]",5555,1,5554,1,0,5553,1
6.5,RATDCCOVB,"[2267, 3716]",[2267],[3716],"[2267, 2864, 3126]",5323,2,5321,1,1,5319,2
6.5,RATGRG,"[83, 286, 2392, 3290]","[83, 286, 3290]",[2392],"[83, 286, 1291, 1494, 1696, 1942, 2187, 2319, 2616, 2994, 3290]",3880,4,3876,3,1,3868,8
6.5,RATGROS,[1178],[1178],[],"[1178, 1390, 1587]",2488,1,2487,1,0,2485,2
6.5,RATGSTY,[3804],[],[3804],"[659, 996, 1495, 1862, 2060, 3180, 3376]",6286,1,6285,0,1,6278,7
6.5,RATIGFBA,"[2034, 3002, 4512]","[2034, 3002]",[4512],"[526, 2034, 3002]",4992,3,4989,2,1,4988,1
6.5,RATJE,"[1191, 1299]",[1191],[1299],"[1191, 1989]",3097,2,3095,1,1,3094,1
6.5,RATKALA,[4729],[],[4729],"[1275, 3282, 4476, 4709]",6249,1,6248,0,1,6244,4
6.5,RATLHB,[817],[817],[],"[817, 1230]",1790,1,1789,1,0,1788,1
6.5,RATLITHOST,"[2464, 2847, 4652]","[2847, 4652]",[2464],"[2847, 3471, 3902, 4652]",5399,3,5396,2,1,5394,2
6.5,RATLYSOZYM,[960],[],[960],"[1561, 3255, 5174]",6732,1,6731,0,1,6728,3
6.5,RATLYSZYM,"[6, 1007, 1099, 3840]",[],"[6, 1007, 1099, 3840]","[574, 4290, 6230]",7943,4,7939,0,4,7936,3
6.5,RATOSCAL,"[1192, 1586]","[1192, 1586]",[],"[1192, 1373, 1586]",2119,2,2117,2,0,2116,1
6.5,RATPAP,"[633, 1648]",[1648],[633],"[1308, 1648, 2295, 2604, 3305]",4863,2,4861,1,1,4857,4
6.5,RATPAPIIB,"[1916, 2291, 2298, 3387]",[2298],"[1916, 2291, 3387]","[2298, 3140, 3473, 4107]",4717,4,4713,1,3,4710,3
6.5,RATPPP,"[1497, 1538, 2002, 4400]",[],"[1497, 1538, 2002, 4400]",[2261],4534,4,4530,0,4,4529,1
6.5,RATPTBZR02,"[871, 2066, 3232]",[2066],"[871, 3232]","[1306, 2066]",3426,3,3423,1,2,3422,1
6.5,RATRGPI,"[2329, 2712, 4521]","[2712, 4521]",[2329],"[2712, 3339, 3770, 4521]",5237,3,5234,2,1,5232,2
6.5,RATRPIII,"[1226, 1601, 1608, 2704]",[1608],"[1226, 1601, 2704]","[1608, 2456, 2790, 3426]",4133,4,4129,1,3,4126,3
6.5,RATSVSIV1,"[244, 892]",[244],[892],[244],972,2,970,1,1,970,0
6.5,RATTSHB,[265],[],[265],[4375],5159,1,5158,0,1,5157,1
6.5,RN0B2GLOB,[693],[693],[],"[354, 693]",1789,1,1788,1,0,1787,1
6.5,RN2BGLOB,[764],[764],[],"[432, 764]",1876,1,1875,1,0,1874,1
6.5,RN3B2GLOB,[460],[460],[],"[122, 460]",1436,1,1435,1,0,1434,1
6.5,RN3B3GLOB,[739],[739],[],"[403, 739]",1738,1,1737,1,0,1736,1
6.5,RN3BGLOB,[626],[626],[],"[288, 626]",1526,1,1525,1,0,1524,1
6.5,RNAC01,"[127, 309, 1367, 2597, 2867]","[1367, 2597, 2867]","[127, 309]","[1367, 1694, 2597, 2867]",4083,5,4078,3,2,4077,1
6.5,RNAC02,"[1787, 2138]","[1787, 2138]",[],"[1368, 1787, 2138, 2429, 2743]",3192,2,3190,2,0,3187,3
6.5,RNANTANT,[1524],[1524],[],"[1524, 3263, 3883]",5117,1,5116,1,0,5114,2
6.5,RNAPOEG,[],[],[],"[1293, 1955]",3229,0,3229,0,0,3227,2
6.5,RNCALBD9,[2736],[2736],[],[2736],4883,1,4882,1,0,4882,0
6.5,RNGAMT,"[4704, 4715]",[],"[4704, 4715]","[2173, 3141, 3319, 3760, 4003]",4956,2,4954,0,2,4949,5
6.5,RNGMTG,"[1011, 1682, 2067, 3918]","[1682, 3918]","[1011, 2067]","[1682, 3249, 3918, 4254, 4463]",5391,4,5387,2,2,5384,3
6.5,RNGROW3,"[216, 471]",[471],[216],"[471, 817, 1652, 1973]",2549,2,2547,1,1,2544,3
6.5,RNHSC73,"[498, 1244, 3448]","[1244, 3448]",[498],"[1244, 1713, 1982, 2618, 3034, 3448, 3766]",4312,3,4309,2,1,4304,5
6.5,RNLALB01,[2419],[2419],[],"[1414, 1914, 2419]",3812,1,3811,1,0,3809,2
6.5,RNLPKG,"[2847, 3195]",[],"[2847, 3195]","[3219, 3949, 6009, 6284, 6605, 7192, 7453, 7818, 8078, 9480]",13003,2,13001,0,2,12991,10
6.5,RNODC,"[1344, 3918, 4517, 5631, 5825]","[3918, 4517, 5631, 5825]",[1344],"[3525, 3918, 4182, 4517, 4698, 4953, 5631, 5825, 6291]",7768,5,7763,4,1,7758,5
6.5,RNP9KA,[823],[],[823],[1227],2332,1,2331,0,1,2330,1
6.5,RNPBPG,"[1117, 1155, 1180]",[1117],"[1155, 1180]","[1117, 2950]",6021,3,6018,1,2,6017,1
6.5,RNPGMUT,[],[],[],"[1596, 1872]",2420,0,2420,0,0,2418,2
6.5,RNPROST22,[876],[876],[],"[876, 3647, 4526]",7667,1,7666,1,0,7664,2
6.5,RNREVSV2A,"[67, 1341]",[67],[1341],"[67, 1304]",1730,2,1728,1,1,1727,1
6.5,RNSDHG,"[379, 1993, 5691, 6052, 6253, 6984]","[5691, 6052, 6253, 6984]","[379, 1993]","[4640, 5691, 6052, 6253, 6984, 8671]",9570,6,9564,4,2,9562,2
6.5,RNSVFG,"[500, 1250, 1267]",[500],"[1250, 1267]",[500],1841,3,1838,1,2,1838,0
6.5,RNTHYCSG,"[1071, 1906]",[1071],[1906],"[68, 1071]",2855,2,2853,1,1,2852,1
6.5,RNU03551,[832],[832],[],"[832, 2418, 3083]",3590,1,3589,1,0,3587,2
6.5,RNU09193,"[1727, 3787, 3899]",[3787],"[1727, 3899]","[2084, 2749, 3084, 3787]",4187,3,4184,1,2,4181,3
6.5,RNU12250,[473],[473],[],"[293, 473]",1863,1,1862,1,0,1861,1
6.5,RNUCPG,"[4187, 6121, 7395, 8157, 9172, 10198, 10292]",[8157],"[4187, 6121, 7395, 9172, 10198, 10292]","[4310, 5157, 7964, 8157, 9401]",12496,7,12489,1,6,12485,4
6.5,RNVEGP1,"[1043, 2076, 4037, 4844]",[4037],"[1043, 2076, 4844]","[1262, 1834, 3032, 4037, 4611]",5948,4,5944,1,3,5940,4
6.5,RNVEGP2C,"[1159, 2182, 4146, 4960]",[4146],"[1159, 2182, 4960]","[1378, 1950, 3128, 4146, 4723]",5742,4,5738,1,3,5734,4
6.5,RRU04320,[2500],[2500],[],"[2500, 3643]",6798,1,6797,1,0,6796,1
6.5,S46763,"[5060, 5469, 6880]","[5060, 5469, 6880]",[],"[1235, 2487, 2775, 4052, 4528, 5060, 5469, 6880, 7334, 8012, 8294]",10035,3,10032,3,0,10024,8
6.5,S49651,[1652],[1652],[],"[1652, 2786, 3255, 4137]",5440,1,5439,1,0,5436,3
6.5,S57980,[875],[875],[],"[875, 3645, 4524]",7665,1,7664,1,0,7662,2
6.5,S62287,[190],[],[190],[1266],3425,1,3424,0,1,3423,1
6.5,S63697,[280],[280],[],"[280, 829]",1331,1,1330,1,0,1329,1
6.5,S66606,[2506],[2506],[],"[2506, 2706, 3899, 4598]",6359,1,6358,1,0,6355,3
6.5,S67057,[840],[840],[],[840],1746,1,1745,1,0,1745,0
6.5,S69277,"[3316, 3839]","[3316, 3839]",[],"[3098, 3316, 3521, 3839, 4103]",5516,2,5514,2,0,5511,3
6.5,S69278,"[846, 861, 2826, 3347]","[2826, 3347]","[846, 861]","[2590, 2826, 3031, 3347, 3561]",5015,4,5011,2,2,5008,3
6.5,S69350,[235],[235],[],[235],2152,1,2151,1,0,2151,0
6.5,SAIEGLOBIM,"[237, 588]","[237, 588]",[],"[237, 588]",1826,2,1824,2,0,1824,0
6.5,SMIGCU,"[799, 1233, 1946, 2624]","[799, 1233]","[1946, 2624]","[799, 1233, 1631]",2833,4,2829,2,2,2828,1
6.5,SMNPRP1A,[],[],[],[215],623,0,623,0,0,622,1
6.5,SOEEGLOBIN,"[236, 586]","[236, 586]",[],"[236, 586]",1688,2,1686,2,0,1686,0
6.5,SSBAT1G,"[2582, 4538, 9144]","[2582, 4538, 9144]",[],"[1316, 2215, 2582, 4538, 5771, 8238, 9144, 9388, 9674]",10666,3,10663,3,0,10657,6
6.5,SSIKBAGE,"[3713, 4470]","[3713, 4470]",[],"[2469, 3151, 3713, 4091, 4470]",5756,2,5754,2,0,5751,3
6.5,SSPINT1B,"[2551, 6605, 6774, 8611]","[2551, 6605]","[6774, 8611]","[1971, 2551, 3903, 5245, 6605]",8743,4,8739,2,2,8736,3
6.5,TAPROTP1,[],[],[],[230],547,0,547,0,0,546,1
6.5,TARHBE,"[119, 465]","[119, 465]",[],"[119, 465]",1682,2,1680,2,0,1680,0
6.5,TARHBG,"[58, 265, 608]",[265],"[58, 608]","[265, 612]",2139,3,2136,1,2,2135,1
6.5,TFLPA2P1,"[596, 972, 1749, 2495]","[596, 972, 1749]",[2495],"[596, 972, 1749]",2708,4,2704,3,1,2704,0
6.5,TFLPA2P2,"[590, 966, 1783]","[590, 966, 1783]",[],"[590, 966, 1783]",2431,3,2428,3,0,2428,0
6.5,TFLPA2P3,"[596, 972, 1749, 2495]","[596, 972, 1749]",[2495],"[596, 972, 1749]",2708,4,2704,3,1,2704,0
6.5,TFLPA2P4,"[590, 966, 1783]","[590, 966, 1783]",[],"[590, 966, 1783]",2431,3,2428,3,0,2428,0
6.5,TGLHBB,[2034],[],[2034],"[519, 888]",2300,1,2299,0,1,2297,2
6.5,TIOPRP1A,[],[],[],[212],556,0,556,0,0,555,1
6.5,U00432,[1101],[1101],[],"[83, 237, 793, 1101, 1312]",1575,1,1574,1,0,1570,4
6.5,U00433,[752],[752],[],"[83, 267, 752, 1062, 1270]",1545,1,1544,1,0,1540,4
6.5,U00454,"[1598, 4179, 5820]",[1598],"[4179, 5820]","[1598, 4862]",7192,3,7189,1,2,7188,1
6.5,U00938,"[1169, 4070, 5155, 5261, 5809]","[1169, 4070, 5155]","[5261, 5809]","[1169, 4070, 5155]",6780,5,6775,3,2,6775,0
6.5,U01026,"[1364, 1746]","[1364, 1746]",[],"[1364, 1746, 2537]",3216,2,3214,2,0,3213,1
6.5,U01027,"[571, 947, 1710, 2740]","[571, 947, 1710]",[2740],"[571, 947, 1710]",2761,4,2757,3,1,2757,0
6.5,U01844,"[2090, 2653, 3211]","[2653, 3211]",[2090],"[1986, 2141, 2474, 2653, 3211]",4219,3,4216,2,1,4213,3
6.5,XELCRPGA,[1096],[1096],[],[1096],3891,1,3890,1,0,3890,0
6.5,XELCRYB,[],[],[],"[706, 1326]",2049,0,2049,0,0,2047,2
6.5,XELHBBC,[],[],[],"[263, 678]",1981,0,1981,0,0,1979,2
6.5,XLACTA,"[553, 2591, 4138]","[2591, 4138]",[553],"[2591, 3868, 4138, 4845, 5128]",5946,3,5943,2,1,5940,3
6.5,XLACTCAG,"[831, 3614, 4931, 6461, 8892]","[3614, 4931, 6461]","[831, 8892]","[2473, 3614, 4931, 5562, 6461]",8900,5,8895,3,2,8893,2
6.5,XLBGL3,[1175],[1175],[],"[388, 1175]",2964,1,2963,1,0,2962,1
6.5,XLGLAA1,[],[],[],"[137, 502]",1192,0,1192,0,0,1190,2
6.5,XLGLAA2,[],[],[],"[138, 519]",1192,0,1192,0,0,1190,2
6.5,XLK81A1G,"[2734, 3531]","[2734, 3531]",[],"[1759, 2294, 2734, 3026, 3531, 3849, 4170]",5892,2,5890,2,0,5885,5
6.5,XLRPL14,[1292],[],[1292],"[912, 1891, 2087, 4978, 5356, 7904]",9116,1,9115,0,1,9109,6
6.5,XLRPL1AG,"[3735, 3831]",[3831],[3735],"[512, 2121, 2438, 2818, 3137, 3831, 4573, 5179, 5757]",6949,2,6947,1,1,6939,8
6.5,XLS8,"[692, 5912, 7381]","[5912, 7381]",[692],"[2032, 3938, 5912, 7381, 12177]",13512,3,13509,2,1,13506,3
6.5,XLTUBAG,"[678, 1280, 5575, 6630]","[678, 5575]","[1280, 6630]","[678, 4401, 5575]",6888,4,6884,2,2,6883,1
6.5,XLXANF1A,[],[],[],"[1460, 1960, 2706]",4878,0,4878,0,0,4875,3
6.5,XTGLA,[2838],[2838],[],"[731, 2838]",4838,1,4837,1,0,4836,1
6.5,XTGLAA,[],[],[],"[1036, 1411]",1992,0,1992,0,0,1990,2
6.5,XTGLB,[21],[],[21],"[2384, 2836]",4043,1,4042,0,1,4040,2
6.5,ZEFB2MICB,[],[],[],"[304, 1187]",2193,0,2193,0,0,2191,2
