Threshold,Locus,Predict Sites,Positive Sites,Negative Sites,Actual Donor Sites,Predict Num,Predict Positive Num,Predict Negative Num,TP,FP,TN,FN
3.0,ACU08131,"[70, 158, 322, 387, 463, 642, 710, 845, 1024, 1230, 1255, 1363, 1603, 1735, 2025, 2029, 2079, 2104, 2179, 2212, 2245, 2350, 2498, 2598, 2637, 2803, 2840, 3042, 3336, 3798, 3914, 4038, 4306, 4452, 4504, 4512, 5170, 5176, 5313, 5324]","[642, 1363, 2029, 2803, 3798]","[70, 158, 322, 387, 463, 710, 845, 1024, 1230, 1255, 1603, 1735, 2025, 2079, 2104, 2179, 2212, 2245, 2350, 2498, 2598, 2637, 2840, 3042, 3336, 3914, 4038, 4306, 4452, 4504, 4512, 5170, 5176, 5313, 5324]","[642, 1363, 2029, 2803, 3798]",5384,40,5344,5,35,5344,0
3.0,AGGGLINE,"[32, 70, 80, 805, 869, 935, 1082, 1466, 1571, 2325, 2347, 2658, 2685, 2697, 2946, 2963, 3120, 3158, 3168, 3390, 3457, 3504, 3600, 3673, 3850, 4035, 4094, 4253, 4309, 4313, 4411, 4456, 4685, 4720, 4756, 4849, 5228, 5259, 5307, 5585, 5648, 5864, 6262, 6277, 6387, 6421, 6780, 7054, 7300]","[3158, 3504]","[32, 70, 80, 805, 869, 935, 1082, 1466, 1571, 2325, 2347, 2658, 2685, 2697, 2946, 2963, 3120, 3168, 3390, 3457, 3600, 3673, 3850, 4035, 4094, 4253, 4309, 4313, 4411, 4456, 4685, 4720, 4756, 4849, 5228, 5259, 5307, 5585, 5648, 5864, 6262, 6277, 6387, 6421, 6780, 7054, 7300]","[3158, 3504]",7220,49,7171,2,47,7171,0
3.0,AGU04852,"[86, 174, 183, 491, 536, 631, 653, 734, 1104, 1464, 2073, 2117, 2302, 2478, 2972, 3116, 3176, 3211, 3402, 3404, 3693, 3701, 3788, 3877, 3956, 4566, 4701, 4780, 4788, 4800, 4809, 4863, 4906, 5252, 5517, 5529, 5533, 5876, 5912, 6203, 6224, 6383, 6740, 6883, 7128, 7509, 7636, 7669, 7927, 7960, 8026, 8085, 8252, 8301, 8349, 8354, 8358, 8635, 8694, 8817, 8877, 8934, 8961, 9261, 9622, 9856, 10753, 10812, 10820, 10961]","[3956, 5517, 5912, 6740]","[86, 174, 183, 491, 536, 631, 653, 734, 1104, 1464, 2073, 2117, 2302, 2478, 2972, 3116, 3176, 3211, 3402, 3404, 3693, 3701, 3788, 3877, 4566, 4701, 4780, 4788, 4800, 4809, 4863, 4906, 5252, 5529, 5533, 5876, 6203, 6224, 6383, 6883, 7128, 7509, 7636, 7669, 7927, 7960, 8026, 8085, 8252, 8301, 8349, 8354, 8358, 8635, 8694, 8817, 8877, 8934, 8961, 9261, 9622, 9856, 10753, 10812, 10820, 10961]","[3956, 5517, 5912, 6740]",10976,70,10906,4,66,10906,0
3.0,ALOEGLOBIM,"[221, 237, 271, 469, 583, 599, 1043, 1049, 1154, 1170, 1182, 1200, 1250, 1297, 1399, 1410, 1455]","[237, 583]","[221, 271, 469, 599, 1043, 1049, 1154, 1170, 1182, 1200, 1250, 1297, 1399, 1410, 1455]","[237, 583]",1683,17,1666,2,15,1666,0
3.0,ALOEGLOBIN,"[221, 237, 271, 469, 583, 599, 1043, 1049, 1154, 1170, 1182, 1200, 1250, 1297, 1399, 1410, 1455]","[237, 583]","[221, 271, 469, 599, 1043, 1049, 1154, 1170, 1182, 1200, 1250, 1297, 1399, 1410, 1455]","[237, 583]",1683,17,1666,2,15,1666,0
3.0,ALOPROTP1A,"[59, 166, 186, 267]",[166],"[59, 186, 267]",[166],410,4,406,1,3,406,0
3.0,AMU12024,"[85, 257, 534, 632, 667, 872, 1583, 1594, 1695, 1864, 1960, 2013, 2126, 2482, 2605, 2685, 2801, 3332, 3458, 3606]","[257, 667, 1864, 2126, 2482]","[85, 534, 632, 872, 1583, 1594, 1695, 1960, 2013, 2605, 2685, 2801, 3332, 3458, 3606]","[257, 667, 1864, 2126, 2482]",3644,20,3624,5,15,3624,0
3.0,AMU12025,"[205, 271, 301, 321, 527, 859, 1049, 1080, 1143, 1412, 1640, 1697, 1830, 2010, 2250, 2485, 2654, 2689, 2705, 2736, 2789, 2902, 3278, 3313, 3343, 3649, 4481, 4541]","[1412, 1830, 2654, 2902, 3278]","[205, 271, 301, 321, 527, 859, 1049, 1080, 1143, 1640, 1697, 2010, 2250, 2485, 2689, 2705, 2736, 2789, 3313, 3343, 3649, 4481, 4541]","[1412, 1830, 2654, 2902, 3278]",5375,28,5347,5,23,5347,0
3.0,AOIRHODOPS,"[141, 255, 620, 894, 1115, 1314, 1702, 1749, 1925, 1953, 1969, 2025, 2754, 2812, 2949, 3012, 4005, 4067, 4336, 4385, 4391, 4430, 4479, 4840, 4953, 5014, 5116, 5373, 5452, 6243, 6372, 6400, 7039, 7056, 7580, 7600, 7614, 7622, 7630, 7800, 8003, 8197, 8308, 8614, 8837, 9057, 9133, 9304, 9410]","[1702, 4067, 5373, 6243]","[141, 255, 620, 894, 1115, 1314, 1749, 1925, 1953, 1969, 2025, 2754, 2812, 2949, 3012, 4005, 4336, 4385, 4391, 4430, 4479, 4840, 4953, 5014, 5116, 5452, 6372, 6400, 7039, 7056, 7580, 7600, 7614, 7622, 7630, 7800, 8003, 8197, 8308, 8614, 8837, 9057, 9133, 9304, 9410]","[1702, 4067, 5373, 6243]",9915,49,9866,4,45,9866,0
3.0,ASPROP2,"[75, 120, 589]",[],"[75, 120, 589]",[325],664,3,661,0,3,660,1
3.0,ASYRVISP,"[99, 260, 625, 634, 656, 909, 1042, 1166, 1305, 1335, 1419, 1585, 1916, 2021]","[625, 1042, 1335, 1585, 1916]","[99, 260, 634, 656, 909, 1166, 1305, 1419, 2021]","[625, 1042, 1335, 1585, 1916]",2221,14,2207,5,9,2207,0
3.0,ATREGLOBIN,"[221, 237, 271, 474, 588, 604, 1058, 1187, 1217, 1267, 1295, 1314, 1407, 1418, 1463]","[237, 588]","[221, 271, 474, 604, 1058, 1187, 1217, 1267, 1295, 1314, 1407, 1418, 1463]","[237, 588]",1691,15,1676,2,13,1676,0
3.0,BABAPOE,"[33, 60, 198, 267, 481, 486, 550, 897, 1080, 1374, 1702, 1953, 1985, 2109, 2262, 2668, 2803, 2847, 2881, 3648, 3852, 3916, 3978, 3990, 3999, 4131]","[897, 2847]","[33, 60, 198, 267, 481, 486, 550, 1080, 1374, 1702, 1953, 1985, 2109, 2262, 2668, 2803, 2881, 3648, 3852, 3916, 3978, 3990, 3999, 4131]","[897, 2847]",4754,26,4728,2,24,4728,0
3.0,BATROX,"[222, 237, 341, 769, 875, 1839, 1944, 2032, 2078, 2428, 2446, 2890, 2948, 2959, 3011, 3183, 3556, 3593, 3849, 3878, 3924, 3967, 3975, 3979, 4110, 4276, 4495, 4705, 4836, 5035, 5085, 5123, 5204, 5705, 5790, 6329, 6449, 6789, 6874, 6955, 7120, 7378, 7567, 7655, 7992]","[341, 3011, 5035, 6955]","[222, 237, 769, 875, 1839, 1944, 2032, 2078, 2428, 2446, 2890, 2948, 2959, 3183, 3556, 3593, 3849, 3878, 3924, 3967, 3975, 3979, 4110, 4276, 4495, 4705, 4836, 5085, 5123, 5204, 5705, 5790, 6329, 6449, 6789, 6874, 7120, 7378, 7567, 7655, 7992]","[341, 3011, 5035, 6955]",8092,45,8047,4,41,8047,0
3.0,BCHEGLOBIN,"[221, 237, 271, 469, 583, 599, 1054, 1060, 1166, 1184, 1196, 1214, 1264, 1311, 1412, 1423, 1468]","[237, 583]","[221, 271, 469, 599, 1054, 1060, 1166, 1184, 1196, 1214, 1264, 1311, 1412, 1423, 1468]","[237, 583]",1697,17,1680,2,15,1680,0
3.0,BOVANPA,"[334, 393, 433, 858, 1299, 1687]","[433, 858]","[334, 393, 1299, 1687]","[433, 858]",1761,6,1755,2,4,1755,0
3.0,BOVCOX7AL,"[16, 322, 679, 936, 1056, 1484, 1497, 1501, 1540, 1826, 2141, 2351, 2432, 2470, 2630, 2812, 2867, 2874, 3003, 3047, 3328, 3627, 3721, 3969, 4284, 4555, 4995, 5049, 5488, 5521, 5699, 5934, 6089, 6167, 6648]","[1540, 2812, 5049]","[16, 322, 679, 936, 1056, 1484, 1497, 1501, 1826, 2141, 2351, 2432, 2470, 2630, 2867, 2874, 3003, 3047, 3328, 3627, 3721, 3969, 4284, 4555, 4995, 5488, 5521, 5699, 5934, 6089, 6167, 6648]","[1540, 2812, 5049]",6848,35,6813,3,32,6813,0
3.0,BOVGAS,"[192, 406, 751, 806, 996]",[751],"[192, 406, 806, 996]",[751],1058,5,1053,1,4,1053,0
3.0,BOVIAP,"[174, 320, 437, 457, 533, 602, 926, 1080, 1116, 1318, 1568, 1764, 1835, 1895, 1994, 2033, 2057, 2107, 2159, 2200, 2269, 2354, 2504, 2670, 2725, 2749, 2756, 2784, 2793, 2804, 2864, 2999, 3092, 3157, 3352, 3392, 3420, 3440, 3535, 3667, 3782, 3844, 3996, 4009, 4024, 4731, 5074, 5241, 5262, 5290]","[1568, 1764, 1994, 2354, 2999, 3157, 3392, 3667, 3996]","[174, 320, 437, 457, 533, 602, 926, 1080, 1116, 1318, 1835, 1895, 2033, 2057, 2107, 2159, 2200, 2269, 2504, 2670, 2725, 2749, 2756, 2784, 2793, 2804, 2864, 3092, 3352, 3420, 3440, 3535, 3782, 3844, 4009, 4024, 4731, 5074, 5241, 5262, 5290]","[1568, 1764, 1994, 2354, 2606, 2999, 3157, 3392, 3667, 3996]",5391,50,5341,9,41,5340,1
3.0,BOVIRBP,"[129, 552, 936, 994, 1284, 1482, 1509, 1584, 1812, 1896, 1948, 2004, 2331, 2388, 2586, 2649, 2769, 2928, 3090, 3174, 3723, 3801, 4176, 4189, 4212, 4571, 4806, 4970, 4983, 5048, 5349, 5507, 5595, 5643, 5761, 6214, 6271, 6494, 6540, 6779, 7019, 7206, 7416, 7514, 7669, 7699, 7773, 8920, 8937, 9058, 9190, 9309, 9775, 9959, 10082, 10191, 10443, 10749, 10841, 10997, 11020, 11326, 11753]","[3174, 5595, 7699]","[129, 552, 936, 994, 1284, 1482, 1509, 1584, 1812, 1896, 1948, 2004, 2331, 2388, 2586, 2649, 2769, 2928, 3090, 3723, 3801, 4176, 4189, 4212, 4571, 4806, 4970, 4983, 5048, 5349, 5507, 5643, 5761, 6214, 6271, 6494, 6540, 6779, 7019, 7206, 7416, 7514, 7669, 7773, 8920, 8937, 9058, 9190, 9309, 9775, 9959, 10082, 10191, 10443, 10749, 10841, 10997, 11020, 11326, 11753]","[3174, 5595, 7699]",11785,63,11722,3,60,11722,0
3.0,BOVLHB,"[233, 244, 419, 592, 749, 761, 803, 875, 944, 1062, 1272, 1401, 1460, 1562]","[803, 1272]","[233, 244, 419, 592, 749, 761, 875, 944, 1062, 1401, 1460, 1562]","[803, 1272]",1856,14,1842,2,12,1842,0
3.0,BOVLYSOZMA,"[70, 322, 397, 944, 2115, 2268, 2374, 2758, 2819, 2872, 2973, 3039, 3078, 3208, 3255, 3424, 3672, 4066, 4100, 4163, 4245, 4290, 4372, 4417, 4694, 5256, 5771, 5955, 6973, 7260, 7327, 7512, 7741, 7928, 8632, 8654, 8685, 8811, 9056, 9247, 9304, 9453, 9603, 10062, 10409, 10777, 10799, 11050, 11634]","[3039, 5771, 8654]","[70, 322, 397, 944, 2115, 2268, 2374, 2758, 2819, 2872, 2973, 3078, 3208, 3255, 3424, 3672, 4066, 4100, 4163, 4245, 4290, 4372, 4417, 4694, 5256, 5955, 6973, 7260, 7327, 7512, 7741, 7928, 8632, 8685, 8811, 9056, 9247, 9304, 9453, 9603, 10062, 10409, 10777, 10799, 11050, 11634]","[3039, 5771, 8654]",12214,49,12165,3,46,12165,0
3.0,BOVLYSOZMB,"[35, 140, 215, 461, 646, 739, 941, 1229, 1432, 1662, 1890, 1993, 2453, 2506, 2607, 2673, 2843, 2902, 2907, 3007, 3717, 3743, 4005, 4056, 4135, 4797, 5148, 5241, 5478, 5594, 5708, 5732, 6190, 6212, 6557, 6683, 6807, 6895, 6917, 6928, 7058, 7118, 7511, 7862, 8354, 9580, 9988, 10002, 10007]","[2673, 4005, 6212]","[35, 140, 215, 461, 646, 739, 941, 1229, 1432, 1662, 1890, 1993, 2453, 2506, 2607, 2843, 2902, 2907, 3007, 3717, 3743, 4056, 4135, 4797, 5148, 5241, 5478, 5594, 5708, 5732, 6190, 6557, 6683, 6807, 6895, 6917, 6928, 7058, 7118, 7511, 7862, 8354, 9580, 9988, 10002, 10007]","[2673, 4005, 6212]",10204,49,10155,3,46,10155,0
3.0,BOVLYSOZMC,"[304, 685, 738, 839, 905, 1086, 1274, 1498, 2107, 2323, 2933, 3388, 3749, 4172, 4194, 4908, 4941, 4964, 5325, 5429, 6235, 6245, 6302]","[905, 2323, 4194]","[304, 685, 738, 839, 1086, 1274, 1498, 2107, 2933, 3388, 3749, 4172, 4908, 4941, 4964, 5325, 5429, 6235, 6245, 6302]","[905, 2323, 4194]",8043,23,8020,3,20,8020,0
3.0,BOVMYF5A,"[273, 359, 557, 698, 1095, 1398, 1433, 1446, 1463, 1625, 1824, 1852, 2273, 2895, 2918, 3085, 3107, 3199, 3272, 3947, 4171, 4335, 4402, 4537, 4583, 4629, 4851]","[698, 1625]","[273, 359, 557, 1095, 1398, 1433, 1446, 1463, 1824, 1852, 2273, 2895, 2918, 3085, 3107, 3199, 3272, 3947, 4171, 4335, 4402, 4537, 4583, 4629, 4851]","[698, 1625]",5211,27,5184,2,25,5184,0
3.0,BRHOX22,"[530, 542, 574, 600, 623, 824, 843, 1122, 1431, 1815, 2301, 2493, 2572, 2851, 3018, 3122, 3304]",[1431],"[530, 542, 574, 600, 623, 824, 843, 1122, 1815, 2301, 2493, 2572, 2851, 3018, 3122, 3304]",[1431],3434,17,3417,1,16,3417,0
3.0,BRHOX34A,"[60, 460, 588, 613, 778, 981, 1190, 1359, 1791, 1819, 2191, 2217, 2313, 2441, 2675, 2903, 2963, 3491]",[981],"[60, 460, 588, 613, 778, 1190, 1359, 1791, 1819, 2191, 2217, 2313, 2441, 2675, 2903, 2963, 3491]",[981],3490,18,3472,1,17,3472,0
3.0,BRU12895,"[793, 799, 1135, 1526, 1630, 1986, 1998, 2140, 2232, 2341, 2392, 2827, 3045]",[1135],"[793, 799, 1526, 1630, 1986, 1998, 2140, 2232, 2341, 2392, 2827, 3045]",[1135],3232,13,3219,1,12,3219,0
3.0,BTATPAAA,"[55, 296, 565, 580, 740, 826, 908, 1111, 1146, 1166, 1200, 1229, 2314, 2377, 2501, 2615, 2702, 2761, 2777, 2912, 3383, 3647, 3707, 4106, 4183, 4188, 4511, 4650, 5021, 5210, 5345, 5350, 5492, 5556, 5729, 5886, 5953, 5984, 6155, 6315, 6337, 6472, 6975, 6990, 7098, 7151, 7325, 7445, 7693, 7770, 7885, 7915, 8023, 8311, 8394, 8748, 8831, 9129, 9211, 9733, 9844]","[740, 2314, 3707, 5729, 5984, 6337, 7151, 7770, 8023, 9129]","[55, 296, 565, 580, 826, 908, 1111, 1146, 1166, 1200, 1229, 2377, 2501, 2615, 2702, 2761, 2777, 2912, 3383, 3647, 4106, 4183, 4188, 4511, 4650, 5021, 5210, 5345, 5350, 5492, 5556, 5886, 5953, 6155, 6315, 6472, 6975, 6990, 7098, 7325, 7445, 7693, 7885, 7915, 8311, 8394, 8748, 8831, 9211, 9733, 9844]","[740, 2314, 3707, 5729, 5984, 6337, 6827, 7151, 7770, 8023, 9129]",9907,61,9846,10,51,9845,1
3.0,BTEBGL2,"[201, 294, 310, 327, 414, 658, 766, 920, 1129, 1171, 1254]","[310, 658]","[201, 294, 327, 414, 766, 920, 1129, 1171, 1254]","[310, 658]",1833,11,1822,2,9,1822,0
3.0,BTEBGL4,"[4, 201, 294, 310, 327, 544, 658, 763, 815, 1128]","[310, 658]","[4, 201, 294, 327, 544, 763, 815, 1128]","[310, 658]",1828,10,1818,2,8,1818,0
3.0,BTGL01,"[72, 98, 176, 327, 349, 365, 711, 873, 894, 910, 961, 1008]","[365, 1008]","[72, 98, 176, 327, 349, 711, 873, 894, 910, 961]","[365, 1008]",2040,12,2028,2,10,2028,0
3.0,BTHOR02,"[16, 169, 484, 939, 1123, 1230, 1268, 1920, 1936, 2345]","[484, 1920]","[16, 169, 939, 1123, 1230, 1268, 1936, 2345]","[484, 1920]",2419,10,2409,2,8,2409,0
3.0,BTKER6B,"[198, 826, 938, 1008, 1355, 1593, 1602, 1678, 1820, 1830, 1836, 1865, 1925, 2044, 2171, 2219, 2300, 2346, 2559, 2618, 2913, 2926, 3070, 3184, 3530, 3626, 4056, 4335, 4666, 5608, 5686]","[1678, 2559, 3070, 3530, 4056, 4666]","[198, 826, 938, 1008, 1355, 1593, 1602, 1820, 1830, 1836, 1865, 1925, 2044, 2171, 2219, 2300, 2346, 2618, 2913, 2926, 3184, 3626, 4335, 5608, 5686]","[1678, 2559, 3070, 3315, 3530, 4056, 4666]",5718,31,5687,6,25,5686,1
3.0,BTSPDNA,"[84, 177, 648, 685, 960, 1054, 1541, 1546, 1682, 1713, 1876, 2123]",[1541],"[84, 177, 648, 685, 960, 1054, 1546, 1682, 1713, 1876, 2123]",[1541],2148,12,2136,1,11,2136,0
3.0,BTSVSP109,"[52, 74, 554, 799, 1122, 1357, 1452, 1604, 2189, 2258, 2359, 2387, 2555, 2834, 2853, 2863, 3457, 3573, 3984, 4068, 4199, 4248, 4688, 5292, 5315, 5643, 5667, 5767, 6016, 6096, 6115, 6131, 6200, 6240, 6451, 6730]","[2359, 3984, 5292]","[52, 74, 554, 799, 1122, 1357, 1452, 1604, 2189, 2258, 2387, 2555, 2834, 2853, 2863, 3457, 3573, 4068, 4199, 4248, 4688, 5315, 5643, 5667, 5767, 6016, 6096, 6115, 6131, 6200, 6240, 6451, 6730]","[2359, 3984, 5292]",6948,36,6912,3,33,6912,0
3.0,BTTNP2G,"[24, 125, 710, 774, 847, 852, 1029, 1115, 1210, 1326, 1342, 1716]",[774],"[24, 125, 710, 847, 852, 1029, 1115, 1210, 1326, 1342, 1716]",[774],1841,12,1829,1,11,1829,0
3.0,BTU02285,"[21, 248, 434, 461, 996, 1139, 1238, 1445, 1476, 1620, 1858, 2118, 2131, 2334, 2341, 2347, 2367, 2438, 2481, 2825, 2873, 2936, 2980, 3112, 3418, 3717, 3792, 3866, 3906, 4169, 4222, 4325, 4487, 4711, 4780, 4950, 5056, 5087, 5654, 5943, 6024, 6075, 6100]","[3792, 4222, 4487, 4780, 5056]","[21, 248, 434, 461, 996, 1139, 1238, 1445, 1476, 1620, 1858, 2118, 2131, 2334, 2341, 2347, 2367, 2438, 2481, 2825, 2873, 2936, 2980, 3112, 3418, 3717, 3866, 3906, 4169, 4325, 4711, 4950, 5087, 5654, 5943, 6024, 6075, 6100]","[3792, 4222, 4487, 4780, 5056]",6388,43,6345,5,38,6345,0
3.0,CALEGLOBIM,"[220, 236, 270, 345, 473, 587, 603, 1062, 1167, 1185, 1197, 1215, 1265, 1293, 1312, 1406]","[236, 587]","[220, 270, 345, 473, 603, 1062, 1167, 1185, 1197, 1215, 1265, 1293, 1312, 1406]","[236, 587]",1690,16,1674,2,14,1674,0
3.0,CBUEGLOBIM,"[220, 236, 270, 345, 473, 587, 603, 874, 1062, 1167, 1185, 1197, 1215, 1265, 1293, 1312, 1406]","[236, 587]","[220, 270, 345, 473, 603, 874, 1062, 1167, 1185, 1197, 1215, 1265, 1293, 1312, 1406]","[236, 587]",1690,17,1673,2,15,1673,0
3.0,CCALAC,"[203, 436, 440, 797, 932, 945, 997, 1128, 1138, 1178, 1252, 1358, 1763, 1798, 1852, 2409, 2603, 2646, 2916, 2973, 3275, 3279, 3333, 3397, 3499]","[1358, 1852, 2409]","[203, 436, 440, 797, 932, 945, 997, 1128, 1138, 1178, 1252, 1763, 1798, 2603, 2646, 2916, 2973, 3275, 3279, 3333, 3397, 3499]","[1358, 1852, 2409]",3619,25,3594,3,22,3594,0
3.0,CCBEGLOBIM,"[221, 237, 270, 473, 587, 603, 1173, 1191, 1203, 1221, 1271, 1318, 1414, 1425, 1470]","[237, 587]","[221, 270, 473, 603, 1173, 1191, 1203, 1221, 1271, 1318, 1414, 1425, 1470]","[237, 587]",1695,15,1680,2,13,1680,0
3.0,CCBEGLOBIN,"[222, 238, 272, 475, 589, 605, 1064, 1070, 1176, 1194, 1206, 1224, 1274, 1321, 1417, 1428, 1473]","[238, 589]","[222, 272, 475, 605, 1064, 1070, 1176, 1194, 1206, 1224, 1274, 1321, 1417, 1428, 1473]","[238, 589]",1698,17,1681,2,15,1681,0
3.0,CCGHG,"[283, 592, 863, 1051, 1281, 1389, 1709, 1778, 1818, 2305]","[283, 1051, 1778]","[592, 863, 1281, 1389, 1709, 1818, 2305]","[283, 706, 1051, 1778]",2830,10,2820,3,7,2819,1
3.0,CCGONBS1,"[197, 317, 1599, 1649, 1767, 1974, 2072, 2286, 2401, 2688]","[1767, 2072]","[197, 317, 1599, 1649, 1974, 2286, 2401, 2688]","[1767, 2072]",3463,10,3453,2,8,3453,0
3.0,CCGONBS2,"[192, 313, 632, 1617, 1667, 1785, 1993, 2091, 2344, 2419, 2707, 3442]","[1785, 2091]","[192, 313, 632, 1617, 1667, 1993, 2344, 2419, 2707, 3442]","[1785, 2091]",3482,12,3470,2,10,3470,0
3.0,CCGTHA1,"[26, 166, 302, 390, 572, 644, 1071]","[302, 572]","[26, 166, 390, 644, 1071]","[302, 572]",1144,7,1137,2,5,1137,0
3.0,CCT64CLU,"[274, 516, 563, 1060, 1176, 1467, 1644, 1664, 1721, 1822, 1873, 2667, 2757, 2761, 2766, 2993, 3005, 3496, 3893, 4436, 4510, 4514, 4518, 4565, 4572, 4577, 4600, 4643, 4836, 4891, 4930, 5065, 5272, 5337, 5528, 5534, 5659, 5939, 5962, 6121, 6277]","[1644, 2757, 3005, 3496, 4514, 5272, 5659]","[274, 516, 563, 1060, 1176, 1467, 1664, 1721, 1822, 1873, 2667, 2761, 2766, 2993, 3893, 4436, 4510, 4518, 4565, 4572, 4577, 4600, 4643, 4836, 4891, 4930, 5065, 5337, 5528, 5534, 5939, 5962, 6121, 6277]","[1644, 2757, 3005, 3496, 4514, 5272, 5659]",6276,41,6235,7,34,6235,0
3.0,CEPPINS,"[245, 464, 490, 858, 1106, 1399, 1424, 1487, 1509, 1513, 1517, 1615, 1760]",[858],"[245, 464, 490, 1106, 1399, 1424, 1487, 1509, 1513, 1517, 1615, 1760]",[858],1901,13,1888,1,12,1888,0
3.0,CHBLG,"[21, 166, 270, 698, 832, 928, 932, 1425, 1465, 1472, 1638, 2052, 2301, 2308, 2472, 2564, 2807, 2950, 3030, 3090, 3207, 3390, 3640, 3788, 3794, 4019, 4266, 4298, 4357, 4700, 4861, 4919, 5246, 5416, 5461, 5573, 5619, 5756, 5846, 6025, 6094, 6255, 6269, 6280, 6323, 6376, 6520, 6535, 6555, 6629, 6907, 7208, 7664]","[3090, 4019, 5246, 6025]","[21, 166, 270, 698, 832, 928, 932, 1425, 1465, 1472, 1638, 2052, 2301, 2308, 2472, 2564, 2807, 2950, 3030, 3207, 3390, 3640, 3788, 3794, 4266, 4298, 4357, 4700, 4861, 4919, 5416, 5461, 5573, 5619, 5756, 5846, 6094, 6255, 6269, 6280, 6323, 6376, 6520, 6535, 6555, 6629, 6907, 7208, 7664]","[2285, 3090, 4019, 5246, 6025]",8080,53,8027,4,49,8026,1
3.0,CHEBGLI,"[456, 570, 599, 795, 844, 862, 909, 1213]","[570, 909]","[456, 599, 795, 844, 862, 1213]","[570, 909]",2204,8,2196,2,6,2196,0
3.0,CHEBGLII,"[152, 217, 454, 547, 563, 580, 798, 912, 923, 1020, 1049, 1072, 1383, 1426, 2193, 2213]","[563, 912]","[152, 217, 454, 547, 580, 798, 923, 1020, 1049, 1072, 1383, 1426, 2193, 2213]","[563, 912]",2258,16,2242,2,14,2242,0
3.0,CHKALDB,"[318, 535, 606, 796, 1062, 1452, 1506, 1912, 1922, 1927, 2460, 2874, 2878, 2952, 3077, 3115, 3135, 3685, 4004, 4046, 4388, 4462, 4802, 4853, 5731, 5748, 6172, 6392, 6452, 6664, 6955, 6960, 6983, 7265, 7360, 7487, 7504, 7523, 8145, 8170, 8186, 8617, 8742, 8842, 9185, 9313, 9626, 9736, 10415, 10435, 10577, 10705, 10844, 11487]","[6172, 6664, 6955, 7265, 8186, 8842, 9185]","[318, 535, 606, 796, 1062, 1452, 1506, 1912, 1922, 1927, 2460, 2874, 2878, 2952, 3077, 3115, 3135, 3685, 4004, 4046, 4388, 4462, 4802, 4853, 5731, 5748, 6392, 6452, 6960, 6983, 7360, 7487, 7504, 7523, 8145, 8170, 8617, 8742, 9313, 9626, 9736, 10415, 10435, 10577, 10705, 10844, 11487]","[6172, 6664, 6955, 7265, 8186, 8842, 9185]",11643,54,11589,7,47,11589,0
3.0,CHKAPOII,"[64, 282, 787, 917, 989, 1000, 1090, 1246, 1328, 1339, 1532, 1576, 1626, 1839, 1891, 1901, 1978, 2131, 2320, 2620, 2798, 3243, 3317, 3381, 3444, 3509, 3771, 3820, 3906, 3946, 3975, 4017, 4026, 4047, 4340, 4488]","[3317, 3820]","[64, 282, 787, 917, 989, 1000, 1090, 1246, 1328, 1339, 1532, 1576, 1626, 1839, 1891, 1901, 1978, 2131, 2320, 2620, 2798, 3243, 3381, 3444, 3509, 3771, 3906, 3946, 3975, 4017, 4026, 4047, 4340, 4488]","[3317, 3820]",4953,36,4917,2,34,4917,0
3.0,CHKDPCP,"[92, 347, 364, 637, 1624, 1878, 1890]",[637],"[92, 347, 364, 1624, 1878, 1890]",[637],1902,7,1895,1,6,1895,0
3.0,CHKMAX,"[27, 121, 281, 517, 632, 727, 785, 789, 974, 978, 1236, 1299, 1816, 2127, 2200, 2291, 2313, 2372, 2499, 2712, 2716, 2761, 2882, 2958, 3052, 3172, 3189, 3273, 3400, 3575, 3764, 3928, 4050, 4063, 4079, 4295, 4931, 5037, 5130, 5173, 5289, 5407]","[2127, 2291, 3928, 4295]","[27, 121, 281, 517, 632, 727, 785, 789, 974, 978, 1236, 1299, 1816, 2200, 2313, 2372, 2499, 2712, 2716, 2761, 2882, 2958, 3052, 3172, 3189, 3273, 3400, 3575, 3764, 4050, 4063, 4079, 4931, 5037, 5130, 5173, 5289, 5407]","[2127, 2291, 3928, 4295]",5690,42,5648,4,38,5648,0
3.0,CHKMYOD,"[131, 316, 984, 1268, 1738, 2106, 2682, 2885, 3066, 3379, 3468, 3990, 4038, 4281, 4521, 4596, 4794, 4849, 4941, 5065, 5145, 5517, 5592, 5660, 6150, 6284, 6456, 6527]","[4941, 6150]","[131, 316, 984, 1268, 1738, 2106, 2682, 2885, 3066, 3379, 3468, 3990, 4038, 4281, 4521, 4596, 4794, 4849, 5065, 5145, 5517, 5592, 5660, 6284, 6456, 6527]","[4941, 6150]",7381,28,7353,2,26,7353,0
3.0,CHKOVAL,"[434, 779, 1289, 1293, 1390, 1492, 1923, 1984, 2449, 2657, 3164, 3466, 3812, 3837, 3915, 4176, 4694, 4699, 4890, 4915, 5144, 5170, 5795, 6282, 6975, 7022, 7079, 7134, 7148, 7355, 7691, 8125, 8334, 8410, 8420, 8456, 8791, 9028, 9105]","[3164, 3466, 4176, 4694, 5795, 6282]","[434, 779, 1289, 1293, 1390, 1492, 1923, 1984, 2449, 2657, 3812, 3837, 3915, 4699, 4890, 4915, 5144, 5170, 6975, 7022, 7079, 7134, 7148, 7355, 7691, 8125, 8334, 8410, 8420, 8456, 8791, 9028, 9105]","[3164, 3466, 4176, 4694, 5795, 6282]",9198,39,9159,6,33,9159,0
3.0,CHKRPL30,"[527, 545, 571, 612, 671, 749, 801, 878, 916, 1219, 1466, 1471, 1541, 1684, 1765, 1778, 1872, 1918, 1957, 2113, 2158, 2250, 2272, 2753, 2816, 2837, 2850, 3403, 3478, 3799, 3838]","[801, 1872, 2753]","[527, 545, 571, 612, 671, 749, 878, 916, 1219, 1466, 1471, 1541, 1684, 1765, 1778, 1918, 1957, 2113, 2158, 2250, 2272, 2816, 2837, 2850, 3403, 3478, 3799, 3838]","[801, 1872, 2753]",3884,31,3853,3,28,3853,0
3.0,CHKRPL37A,"[16, 201, 691, 798, 962, 996, 1265, 1319, 1376, 1558, 1618, 1678, 1946, 2125, 2255, 2340, 2386, 2739, 3052, 3179, 3376]","[798, 1376, 2386]","[16, 201, 691, 962, 996, 1265, 1319, 1558, 1618, 1678, 1946, 2125, 2255, 2340, 2739, 3052, 3179, 3376]","[798, 1376, 2386]",3465,21,3444,3,18,3444,0
3.0,CHKRPL5G,"[99, 153, 300, 498, 512, 785, 1227, 1419, 1540, 1632, 1637, 2017, 2138, 2397, 2428, 2473, 2618, 2974, 3100, 3137, 3157, 3433, 3467, 3637, 4062, 4259, 4309, 4535, 4746, 5165, 5562, 5958, 6060, 6064, 6248, 6478, 6690, 6897, 7675, 7787, 7986]","[498, 1419, 1632, 3157, 5165, 6897]","[99, 153, 300, 512, 785, 1227, 1540, 1637, 2017, 2138, 2397, 2428, 2473, 2618, 2974, 3100, 3137, 3433, 3467, 3637, 4062, 4259, 4309, 4535, 4746, 5562, 5958, 6060, 6064, 6248, 6478, 6690, 7675, 7787, 7986]","[498, 1419, 1632, 3157, 3955, 5165, 6897]",8313,41,8272,6,35,8271,1
3.0,CHKTUB4B,"[65, 243, 264, 323, 340, 437, 699, 706, 762, 779, 849, 949, 1082, 1150, 1188, 1199, 1469, 1573, 1710, 1790, 1803, 1851, 1895, 2053, 2740, 3110]","[437, 949, 1573]","[65, 243, 264, 323, 340, 699, 706, 762, 779, 849, 1082, 1150, 1188, 1199, 1469, 1710, 1790, 1803, 1851, 1895, 2053, 2740, 3110]","[437, 949, 1573]",3145,26,3119,3,23,3119,0
3.0,CHKY,"[214, 319, 641, 691, 794, 805, 863, 1112, 1560, 1616, 1650, 1664, 2096, 2197, 2692, 2725, 2730, 2858, 2926, 3082, 3255, 3577, 3603, 3953, 4199, 4435, 4683, 4709, 4750, 4835, 5049, 5186, 5213, 5282, 5648, 6012, 6249, 6383, 6473, 6815, 7072, 7846, 7884, 8349, 8361]","[3603, 4199, 4683, 5648, 6012, 6249]","[214, 319, 641, 691, 794, 805, 863, 1112, 1560, 1616, 1650, 1664, 2096, 2197, 2692, 2725, 2730, 2858, 2926, 3082, 3255, 3577, 3953, 4435, 4709, 4750, 4835, 5049, 5186, 5213, 5282, 6383, 6473, 6815, 7072, 7846, 7884, 8349, 8361]","[3603, 4199, 4683, 5648, 6012, 6249]",8364,45,8319,6,39,8319,0
3.0,CHPPHYGEN,"[22, 120, 191, 370, 543, 555, 821, 919, 964, 988, 1193, 1263, 1341, 1599, 1664, 1736, 1802, 1818, 1830, 1902, 2214, 2284, 2350, 2485, 2499, 3020, 3516, 3764, 3786, 4096, 4387, 4561, 4599, 4609, 4831, 4945, 5043, 5114, 5286, 5459, 5471, 5521, 5741, 5839, 5884, 5908, 6115, 6150, 6592, 6609, 6693, 7000, 7011, 7072, 7138, 7815, 7830, 8202, 8430, 8472, 8746, 8823, 8841, 8862, 9244, 9306, 9395, 9894, 9910, 9942, 9995, 10066, 10416, 10818, 10833, 10849, 10853, 10873, 11000, 11079, 11193, 11552, 11645, 11681, 11811, 11828, 11903, 11936, 12560, 12575, 12603, 13318, 13493, 13548]","[4599, 4945]","[22, 120, 191, 370, 543, 555, 821, 919, 964, 988, 1193, 1263, 1341, 1599, 1664, 1736, 1802, 1818, 1830, 1902, 2214, 2284, 2350, 2485, 2499, 3020, 3516, 3764, 3786, 4096, 4387, 4561, 4609, 4831, 5043, 5114, 5286, 5459, 5471, 5521, 5741, 5839, 5884, 5908, 6115, 6150, 6592, 6609, 6693, 7000, 7011, 7072, 7138, 7815, 7830, 8202, 8430, 8472, 8746, 8823, 8841, 8862, 9244, 9306, 9395, 9894, 9910, 9942, 9995, 10066, 10416, 10818, 10833, 10849, 10853, 10873, 11000, 11079, 11193, 11552, 11645, 11681, 11811, 11828, 11903, 11936, 12560, 12575, 12603, 13318, 13493, 13548]","[4599, 4945]",13689,94,13595,2,92,13595,0
3.0,CHPPROTP1A,"[58, 159, 179]",[159],"[58, 179]",[159],397,3,394,1,2,394,0
3.0,CHPPROTP1B,"[56, 160, 180]",[160],"[56, 180]",[160],396,3,393,1,2,393,0
3.0,CHWEGLOBIM,"[221, 237, 271, 474, 588, 604, 1063, 1069, 1175, 1193, 1222, 1319, 1417, 1428, 1473]","[237, 588]","[221, 271, 474, 604, 1063, 1069, 1175, 1193, 1222, 1319, 1417, 1428, 1473]","[237, 588]",1701,15,1686,2,13,1686,0
3.0,CIGH,"[457, 1249, 1281, 1520, 1577, 2029, 2130, 2280, 2536, 2593, 2889, 2960]","[1281, 2280, 2889]","[457, 1249, 1520, 1577, 2029, 2130, 2536, 2593, 2960]","[1281, 1691, 2280, 2889]",3967,12,3955,3,9,3954,1
3.0,CITEGLOBIM,"[220, 236, 270, 345, 473, 587, 603, 890, 1056, 1062, 1168, 1186, 1198, 1216, 1266, 1294, 1313, 1407, 1418, 1463]","[236, 587]","[220, 270, 345, 473, 603, 890, 1056, 1062, 1168, 1186, 1198, 1216, 1266, 1294, 1313, 1407, 1418, 1463]","[236, 587]",1691,20,1671,2,18,1671,0
3.0,CJAEGLOBIN,"[221, 237, 271, 474, 588, 604, 1063, 1069, 1175, 1193, 1272, 1319, 1418, 1429, 1474]","[237, 588]","[221, 271, 474, 604, 1063, 1069, 1175, 1193, 1272, 1319, 1418, 1429, 1474]","[237, 588]",1702,15,1687,2,13,1687,0
3.0,CJINTERFG,"[191, 512, 862, 1143, 1571, 1588, 1860, 2428, 2635, 2881, 3126, 3158, 3303, 3607, 4072, 4125, 4187, 4465, 4702, 4730, 4734, 4750, 5078, 5524, 5822, 5944, 6036, 6127, 6251, 6397, 6760, 7324, 7468, 8152, 8324, 8352, 8486]","[2881, 4187, 4465]","[191, 512, 862, 1143, 1571, 1588, 1860, 2428, 2635, 3126, 3158, 3303, 3607, 4072, 4125, 4702, 4730, 4734, 4750, 5078, 5524, 5822, 5944, 6036, 6127, 6251, 6397, 6760, 7324, 7468, 8152, 8324, 8352, 8486]","[2881, 4187, 4465]",8519,37,8482,3,34,8482,0
3.0,CL54K,"[119, 132, 141, 183, 408, 512, 535, 543, 649, 706, 771, 959, 1177, 1186, 1190, 1238, 1248, 1294, 1538, 1926, 2403, 2581, 2696, 2715, 2726, 2753, 2797, 2871, 2954, 3218]",[512],"[119, 132, 141, 183, 408, 535, 543, 649, 706, 771, 959, 1177, 1186, 1190, 1238, 1248, 1294, 1538, 1926, 2403, 2581, 2696, 2715, 2726, 2753, 2797, 2871, 2954, 3218]",[512],3407,30,3377,1,29,3377,0
3.0,CMBGA2B2,"[383, 463, 718, 810, 989, 1235, 1597, 2380, 2475, 2479, 2566]","[383, 718]","[463, 810, 989, 1235, 1597, 2380, 2475, 2479, 2566]","[383, 718]",2684,11,2673,2,9,2673,0
3.0,CMEGA2E2,"[416, 486, 492, 718, 753, 805, 873, 918, 1075, 1258, 1294, 1506]","[416, 753]","[486, 492, 718, 805, 873, 918, 1075, 1258, 1294, 1506]","[416, 753]",2046,12,2034,2,10,2034,0
3.0,CMU11711,"[15, 204, 234, 589, 790, 826, 906, 1018, 1647, 1685, 1984, 2031, 2627, 2669, 2896]","[1685, 2031]","[15, 204, 234, 589, 790, 826, 906, 1018, 1647, 1984, 2627, 2669, 2896]","[1685, 2031]",3163,15,3148,2,13,3148,0
3.0,CPPROT1GN,"[102, 164, 255]",[164],"[102, 255]",[164],390,3,387,1,2,387,0
3.0,CRASEQB,"[79, 669, 783, 933, 1194, 1260, 1584, 1920, 2123, 2734, 2825, 3434, 3452, 3464, 3482, 3593, 3617, 3635, 3641, 3647, 3785, 3812, 3833, 3946, 4298, 4825, 4931, 4959]","[1920, 2825]","[79, 669, 783, 933, 1194, 1260, 1584, 2123, 2734, 3434, 3452, 3464, 3482, 3593, 3617, 3635, 3641, 3647, 3785, 3812, 3833, 3946, 4298, 4825, 4931, 4959]","[1920, 2825]",5120,28,5092,2,26,5092,0
3.0,CRUCH7AHYD,"[971, 1205, 1339, 1731, 1887, 1995, 2110, 2690, 2827, 2919, 2936, 2941, 3016, 3418, 3651, 3792, 3841, 4121, 4201, 4542, 4774, 5283, 5559, 5619, 6076, 6613, 6768, 6819, 6840, 6963, 7866, 7901, 8154, 8235, 8863, 8924, 9375, 9626, 9849, 10243, 10316, 10564]","[1731, 3651, 6076, 7866]","[971, 1205, 1339, 1887, 1995, 2110, 2690, 2827, 2919, 2936, 2941, 3016, 3418, 3792, 3841, 4121, 4201, 4542, 4774, 5283, 5559, 5619, 6613, 6768, 6819, 6840, 6963, 7901, 8154, 8235, 8863, 8924, 9375, 9626, 9849, 10243, 10316, 10564]","[1731, 3651, 4938, 6076, 7866]",10606,42,10564,4,38,10563,1
3.0,CRUGAD45A,"[189, 208, 215, 691, 760, 859, 902, 929, 1033, 1744, 1811, 1877, 1971, 2036, 2063, 2306, 2411, 2417, 2500, 2521, 2553, 2759, 3148, 3428, 3555, 3605, 4003, 4368]","[1877, 2063, 2417]","[189, 208, 215, 691, 760, 859, 902, 929, 1033, 1744, 1811, 1971, 2036, 2306, 2411, 2500, 2521, 2553, 2759, 3148, 3428, 3555, 3605, 4003, 4368]","[1877, 2063, 2417]",4427,28,4399,3,25,4399,0
3.0,DMPROTP1,"[33, 249, 377, 546]",[249],"[33, 377, 546]",[249],616,4,612,1,3,612,0
3.0,DMU11712,"[16, 238, 340, 592, 792, 1405, 1667, 1705, 1929, 1996, 2043, 2655, 2685, 2703, 2781, 2909]","[1705, 2043]","[16, 238, 340, 592, 792, 1405, 1667, 1929, 1996, 2655, 2685, 2703, 2781, 2909]","[1705, 2043]",3019,16,3003,2,14,3003,0
3.0,DOGCOLIP,"[212, 224, 249, 416, 789, 817, 1108, 1148, 1343, 1411, 1602, 1747, 2114, 2378, 2399, 2431, 2503, 2508, 2512, 2694, 2821, 2839, 3119]","[1108, 2378]","[212, 224, 249, 416, 789, 817, 1148, 1343, 1411, 1602, 1747, 2114, 2399, 2431, 2503, 2508, 2512, 2694, 2821, 2839, 3119]","[1108, 2378]",3156,23,3133,2,21,3133,0
3.0,DOGIL8T,"[118, 223, 434, 475, 577, 671, 1206, 1406, 1549, 1710, 1769, 1918, 1956]","[118, 1406, 1769]","[223, 434, 475, 577, 671, 1206, 1549, 1710, 1918, 1956]","[118, 1406, 1769]",2229,13,2216,3,10,2216,0
3.0,ECGLOAP1,"[363, 657, 725, 770, 889, 893, 962, 968, 995]","[363, 657]","[725, 770, 889, 893, 962, 968, 995]","[363, 657]",1133,9,1124,2,7,1124,0
3.0,ECPZA2GL,"[19, 193, 570, 767, 818, 954, 1055, 1067, 1263, 1560, 1585, 1600, 1623, 1648, 1671, 1675, 1728, 2012, 2153, 2166, 2176, 2516, 2613, 2672, 3208, 3234, 3269, 3527, 3532, 3552, 3576, 3650, 3945, 4059, 4140, 4304, 4610, 5046, 5060, 5077]","[3576, 4059]","[19, 193, 570, 767, 818, 954, 1055, 1067, 1263, 1560, 1585, 1600, 1623, 1648, 1671, 1675, 1728, 2012, 2153, 2166, 2176, 2516, 2613, 2672, 3208, 3234, 3269, 3527, 3532, 3552, 3650, 3945, 4140, 4304, 4610, 5046, 5060, 5077]","[3576, 4059]",5081,40,5041,2,38,5041,0
3.0,ECZGL1,"[66, 176, 213, 700, 725, 740, 763, 845, 874, 1033, 1420, 1534, 1566, 1571, 1580, 1965, 1983]","[700, 1534]","[66, 176, 213, 725, 740, 763, 845, 874, 1033, 1420, 1566, 1571, 1580, 1965, 1983]","[700, 1534]",1993,17,1976,2,15,1976,0
3.0,ECZGL2,"[255, 280, 295, 318, 400, 429, 588, 970, 1084, 1116, 1121, 1130, 1515, 1533]","[255, 1084]","[280, 295, 318, 400, 429, 588, 970, 1116, 1121, 1130, 1515, 1533]","[255, 1084]",1555,14,1541,2,12,1541,0
3.0,ELMETL,"[29, 1097, 1120, 1291, 1518, 1733]","[1097, 1291]","[29, 1120, 1518, 1733]","[1097, 1291]",1865,6,1859,2,4,1859,0
3.0,FDFELDI2,"[131, 248, 276, 571, 641, 678, 703, 970, 1070, 1235, 1362, 1643, 1658, 1882, 2011, 2015, 2019, 2089, 2149, 2246]","[276, 970]","[131, 248, 571, 641, 678, 703, 1070, 1235, 1362, 1643, 1658, 1882, 2011, 2015, 2019, 2089, 2149, 2246]","[276, 970]",2417,20,2397,2,18,2397,0
3.0,FDTNFA,"[87, 187, 273, 291, 547, 790, 885, 972, 1011, 1396, 1590]","[187, 790, 972]","[87, 273, 291, 547, 885, 1011, 1396, 1590]","[187, 790, 972]",1714,11,1703,3,8,1703,0
3.0,GDMYF5G,"[138, 524, 561, 639, 655, 860, 1036, 1104, 1121]","[639, 1036]","[138, 524, 561, 655, 860, 1104, 1121]","[639, 1036]",1601,9,1592,2,7,1592,0
3.0,GGAC01,"[22, 116, 273, 443, 634, 774, 778, 808, 833, 904, 914, 954, 970, 995, 1057, 1119, 1240, 1343, 1586, 1645, 1666, 1683, 1716, 1812, 1903, 1995, 1999, 2050, 2083, 2226, 2261, 2585, 2602, 2687, 2698, 2782, 2812, 2853, 3154, 3189, 3276, 3330, 3338, 3431, 3495, 3561, 3677, 3831, 3857, 3982, 4055, 4309, 4499, 4695, 4996]","[1666, 2226, 3189, 3677]","[22, 116, 273, 443, 634, 774, 778, 808, 833, 904, 914, 954, 970, 995, 1057, 1119, 1240, 1343, 1586, 1645, 1683, 1716, 1812, 1903, 1995, 1999, 2050, 2083, 2261, 2585, 2602, 2687, 2698, 2782, 2812, 2853, 3154, 3276, 3330, 3338, 3431, 3495, 3561, 3831, 3857, 3982, 4055, 4309, 4499, 4695, 4996]","[1666, 2226, 3189, 3677]",5038,55,4983,4,51,4983,0
3.0,GGACTAC,"[311, 339, 351, 533, 614, 779, 791, 821, 970, 1472, 1554, 1737, 1811, 1815, 1842, 1866, 2104, 2127, 2277, 2520, 2752, 2770, 2914, 3032, 3218, 3948, 4140, 4216, 4282, 4398, 4680, 4693, 4697, 4726, 5278]","[970, 2127, 2914, 3218, 4398]","[311, 339, 351, 533, 614, 779, 791, 821, 1472, 1554, 1737, 1811, 1815, 1842, 1866, 2104, 2277, 2520, 2752, 2770, 3032, 3948, 4140, 4216, 4282, 4680, 4693, 4697, 4726, 5278]","[970, 2127, 2914, 3218, 4398]",5455,35,5420,5,30,5420,0
3.0,GGACTI,"[153, 404, 431, 525, 529, 580, 788, 818, 841, 929, 975, 1030, 1368, 1554, 1659, 1735, 1779, 1841, 2182, 2279]","[404, 841, 1554, 1841]","[153, 431, 525, 529, 580, 788, 818, 929, 975, 1030, 1368, 1659, 1735, 1779, 2182, 2279]","[404, 841, 1137, 1554, 1841]",2418,20,2398,4,16,2397,1
3.0,GGCALB,"[288, 386, 398, 416, 421, 520, 589, 596, 866, 889, 944, 1016, 1150, 1272, 1292, 1358, 1514, 1542, 1724, 1863, 2289, 2549, 2791, 2993, 3062, 3378, 3467, 3509, 3617, 3629, 3693, 3793, 4235, 4414, 4894, 5205, 5262, 5524, 5867, 5933, 6149, 6190, 6321, 6673, 6694, 6784, 7035, 7145, 7824, 7865, 8141, 8249, 8667, 8718, 8722, 8739, 8776, 9004, 9052, 9394, 9685, 9916, 10030, 10195, 10219, 10487, 10530, 10551, 10647]","[386, 1863, 2289, 3467, 3793, 4235, 4894, 5205, 5933, 6784, 7035, 7824, 8718, 9052, 9685, 10195]","[288, 398, 416, 421, 520, 589, 596, 866, 889, 944, 1016, 1150, 1272, 1292, 1358, 1514, 1542, 1724, 2549, 2791, 2993, 3062, 3378, 3509, 3617, 3629, 3693, 4414, 5262, 5524, 5867, 6149, 6190, 6321, 6673, 6694, 7145, 7865, 8141, 8249, 8667, 8722, 8739, 8776, 9004, 9394, 9916, 10030, 10219, 10487, 10530, 10551, 10647]","[386, 1863, 2289, 3467, 3793, 4235, 4894, 5205, 5933, 6784, 7035, 7824, 8718, 9052, 9685, 10195]",11060,69,10991,16,53,10991,0
3.0,GGCRYD1,"[217, 267, 388, 441, 910, 1734, 2077, 2085, 2090, 2251, 2539, 2742, 3150, 3516, 3944, 4036, 4297, 4332, 4528, 4889, 4907, 5234, 5498, 5899, 6003, 6138, 6395, 6734, 6791, 6829, 6835, 7213, 7373, 7424, 7435, 7529, 7779, 8021]","[441, 1734, 2742, 3150, 3516, 3944, 4332, 4528, 4907, 5234, 5899, 6138, 6395, 6734, 7213]","[217, 267, 388, 910, 2077, 2085, 2090, 2251, 2539, 4036, 4297, 4889, 5498, 6003, 6791, 6829, 6835, 7373, 7424, 7435, 7529, 7779, 8021]","[441, 1734, 2742, 3150, 3516, 3944, 4332, 4528, 4907, 5234, 5899, 6138, 6395, 6734, 7213]",8152,38,8114,15,23,8114,0
3.0,GGGL03,"[44, 188, 432, 654, 768, 996, 1160]","[432, 768]","[44, 188, 654, 996, 1160]","[432, 768]",1199,7,1192,2,5,1192,0
3.0,GGGNRHIA,"[338, 607, 1661, 1684, 1950, 2315, 2577, 2787, 2822, 2951, 3048, 3380, 3422, 3627, 3744, 3783, 3815, 3820, 4184, 4195, 4392, 4472, 4544, 4655, 5111, 5447, 5575, 5640, 5763, 5885, 6091, 6120]","[3627, 4392]","[338, 607, 1661, 1684, 1950, 2315, 2577, 2787, 2822, 2951, 3048, 3380, 3422, 3744, 3783, 3815, 3820, 4184, 4195, 4472, 4544, 4655, 5111, 5447, 5575, 5640, 5763, 5885, 6091, 6120]","[3627, 4392]",6274,32,6242,2,30,6242,0
3.0,GGNFM1D,"[145, 789, 859, 874, 932, 1112, 1135, 1295, 1406, 1541, 1721, 2051, 2149, 2187, 2194, 2224, 2228, 2285, 2451, 3184, 3354, 3389, 3448, 3595, 4084, 4092, 4194, 4284, 4356, 4395, 4596, 4656, 4663, 4746, 4768, 4810, 4851, 4869, 5014, 5057, 5509]",[2451],"[145, 789, 859, 874, 932, 1112, 1135, 1295, 1406, 1541, 1721, 2051, 2149, 2187, 2194, 2224, 2228, 2285, 3184, 3354, 3389, 3448, 3595, 4084, 4092, 4194, 4284, 4356, 4395, 4596, 4656, 4663, 4746, 4768, 4810, 4851, 4869, 5014, 5057, 5509]","[2132, 2451]",5630,41,5589,1,40,5588,1
3.0,GGPROP2,"[51, 564]",[],"[51, 564]",[307],640,2,638,0,2,637,1
3.0,GGRIHBGEN,"[202, 219, 234, 254, 322, 562, 612, 633, 676, 712, 801, 825, 961, 981, 990, 1038, 1165, 1237, 1973, 2050, 2088, 2139, 2149, 2207, 2381, 2450, 2644, 2666, 2863, 2870, 2982, 2998, 3219, 3317, 3394, 3454]","[2982, 3219, 3454]","[202, 219, 234, 254, 322, 562, 612, 633, 676, 712, 801, 825, 961, 981, 990, 1038, 1165, 1237, 1973, 2050, 2088, 2139, 2149, 2207, 2381, 2450, 2644, 2666, 2863, 2870, 2998, 3317, 3394]","[2982, 3219, 3454]",3878,36,3842,3,33,3842,0
3.0,GGVITIIG,"[50, 54, 190, 442, 567, 830, 1110, 1146, 1219, 1318, 1596, 1740, 2021, 2339, 2351, 2545, 2561, 2640, 2694, 2948, 2952, 2957, 3056, 3064, 3138, 3145, 3267, 3543, 3791, 3876, 4114, 4295, 4818, 4876, 5129, 5441, 5494, 5848, 6011, 6062, 6229, 6408, 6443, 6814, 7045, 7123, 7127, 7268, 7393, 7615, 7740, 7809, 7817, 8026, 8202, 8302, 8447, 8481, 8597, 8678, 9149, 9439, 9467, 10104, 10448, 10618, 10703, 10714, 10930, 10951, 10971, 11265, 11663, 11667, 12272, 12547, 12615, 12750, 12791, 13168, 13186, 13267, 13416, 13452, 13505, 13798, 13819, 14077, 14139, 14252, 14386, 14413, 14485, 14589, 14613, 14704, 14938, 15283, 15348, 15710, 15771, 15820, 15880, 16552, 16917, 16955, 17013, 17019, 17193, 17299, 17447, 17481, 17492, 17815, 17864, 17913, 18132, 18359, 18520, 18829, 18851, 18882, 19081, 19128, 19337, 19348, 19440, 19513, 19515, 19538, 19933, 20037, 20096, 20126]","[54, 190, 442, 2021, 2694, 2948, 3267, 3543, 3791, 4818, 5441, 6229, 6443, 7045, 7268, 8026, 8302, 9149, 9467, 10104, 10448, 10714, 12272, 12615, 13267, 13505, 14704, 15348, 15771, 16955, 17864, 19081]","[50, 567, 830, 1110, 1146, 1219, 1318, 1596, 1740, 2339, 2351, 2545, 2561, 2640, 2952, 2957, 3056, 3064, 3138, 3145, 3876, 4114, 4295, 4876, 5129, 5494, 5848, 6011, 6062, 6408, 6814, 7123, 7127, 7393, 7615, 7740, 7809, 7817, 8202, 8447, 8481, 8597, 8678, 9439, 10618, 10703, 10930, 10951, 10971, 11265, 11663, 11667, 12547, 12750, 12791, 13168, 13186, 13416, 13452, 13798, 13819, 14077, 14139, 14252, 14386, 14413, 14485, 14589, 14613, 14938, 15283, 15710, 15820, 15880, 16552, 16917, 17013, 17019, 17193, 17299, 17447, 17481, 17492, 17815, 17913, 18132, 18359, 18520, 18829, 18851, 18882, 19128, 19337, 19348, 19440, 19513, 19515, 19538, 19933, 20037, 20096, 20126]","[54, 190, 442, 2021, 2694, 2948, 3267, 3543, 3791, 4818, 5441, 6229, 6443, 7045, 7268, 8026, 8302, 9149, 9467, 10104, 10448, 10714, 11757, 12272, 12615, 13267, 13505, 14028, 14704, 15348, 15771, 16955, 17864, 19081]",20335,134,20201,32,102,20199,2
3.0,GIBPROTP1A,"[56, 160, 179, 260]",[160],"[56, 179, 260]",[160],393,4,389,1,3,389,0
3.0,GORAFPA,"[75, 699, 919, 999, 1243, 1860, 1939, 2163, 2268, 2395, 2455, 2784, 2871, 2883, 2955, 3434, 3684, 3924, 4151, 4192, 4363, 4369, 4522, 4564, 4744, 5295, 5457, 5476, 5550, 5557, 5602, 6046, 6121, 6220, 6396, 6663, 6760, 6976, 6990, 7046, 7156, 7445, 7527, 7766, 7795, 8370, 8503, 8836, 9445, 9548, 10041, 10408, 10422, 10727, 10807, 10903, 11145, 11629, 11823, 12272, 12575, 12941, 13421, 14087, 14183, 14424, 14496, 14672, 14707, 14791, 15202, 15251, 15555, 15832, 15952, 16067, 16581, 17064, 17195, 17207, 17467, 17576, 17601, 17834, 18115, 18723, 18728, 18761, 18940, 19231, 20187, 20297, 20326, 20427, 20434, 20444, 20474, 20478, 20617, 20718, 21186, 21207, 22550, 22649, 22828, 22937, 23096, 23140, 23158, 23229, 23233, 23410, 23613, 23937, 24387]","[999, 1860, 2955, 5457, 6760, 7766, 9445, 11629, 13421, 14087, 14707, 16581, 17834]","[75, 699, 919, 1243, 1939, 2163, 2268, 2395, 2455, 2784, 2871, 2883, 3434, 3684, 3924, 4151, 4192, 4363, 4369, 4522, 4564, 4744, 5295, 5476, 5550, 5557, 5602, 6046, 6121, 6220, 6396, 6663, 6976, 6990, 7046, 7156, 7445, 7527, 7795, 8370, 8503, 8836, 9548, 10041, 10408, 10422, 10727, 10807, 10903, 11145, 11823, 12272, 12575, 12941, 14183, 14424, 14496, 14672, 14791, 15202, 15251, 15555, 15832, 15952, 16067, 17064, 17195, 17207, 17467, 17576, 17601, 18115, 18723, 18728, 18761, 18940, 19231, 20187, 20297, 20326, 20427, 20434, 20444, 20474, 20478, 20617, 20718, 21186, 21207, 22550, 22649, 22828, 22937, 23096, 23140, 23158, 23229, 23233, 23410, 23613, 23937, 24387]","[999, 1860, 2955, 5457, 6760, 7766, 9445, 11629, 13421, 14087, 14707, 16581, 17834]",24599,115,24484,13,102,24484,0
3.0,GORPROTP1A,"[60, 164, 184]",[164],"[60, 184]",[164],404,3,401,1,2,401,0
3.0,GPIINS,"[203, 526, 587, 696, 703, 807, 950, 1023]",[526],"[203, 587, 696, 703, 807, 950, 1023]",[526],1464,8,1456,1,7,1456,0
3.0,HAMAMYLP,"[48, 446, 618, 735, 1138, 1394, 1414, 1473, 1549, 1794, 2308, 2419, 2562, 3116, 3934, 3968, 4561, 5005, 5045, 5424, 5541, 5690]",[2308],"[48, 446, 618, 735, 1138, 1394, 1414, 1473, 1549, 1794, 2419, 2562, 3116, 3934, 3968, 4561, 5005, 5045, 5424, 5541, 5690]",[2308],5947,22,5925,1,21,5925,0
3.0,HAMHG5,"[609, 615, 640, 724, 781, 1333, 1373, 1385, 1640, 1817, 1919, 1982, 2464, 2679, 2817, 3433, 3461, 3609, 3620, 3933, 3950, 4319, 4662, 4856, 5421, 5439, 5517, 5603, 5637, 5841, 6188, 6597, 6978, 7156, 7240, 7287, 7441, 7668, 7956, 8108, 8258, 8295, 8396, 8881, 9223, 9231, 9260]","[4856, 5517, 6188, 6597, 7441]","[609, 615, 640, 724, 781, 1333, 1373, 1385, 1640, 1817, 1919, 1982, 2464, 2679, 2817, 3433, 3461, 3609, 3620, 3933, 3950, 4319, 4662, 5421, 5439, 5603, 5637, 5841, 6978, 7156, 7240, 7287, 7668, 7956, 8108, 8258, 8295, 8396, 8881, 9223, 9231, 9260]","[4856, 5517, 6188, 6597, 7441]",9711,47,9664,5,42,9664,0
3.0,HROAMD1,"[237, 259, 289, 546, 896, 1072, 1585, 1647, 1664, 2322, 2579, 2687, 3357, 3486, 3494, 3830, 3928, 4700, 4795, 4816, 5134, 5260, 5311, 5413, 5723, 5734, 5962, 6212, 6415, 6531, 6863, 6983]","[2687, 3486, 4700]","[237, 259, 289, 546, 896, 1072, 1585, 1647, 1664, 2322, 2579, 3357, 3494, 3830, 3928, 4795, 4816, 5134, 5260, 5311, 5413, 5723, 5734, 5962, 6212, 6415, 6531, 6863, 6983]","[2687, 3486, 4700]",7091,32,7059,3,29,7059,0
3.0,HROMA2,"[41, 292, 358, 423, 427, 686, 739, 808, 838, 902, 1174, 1285, 1351, 1640]","[739, 1174]","[41, 292, 358, 423, 427, 686, 808, 838, 902, 1285, 1351, 1640]","[739, 1174]",1779,14,1765,2,12,1765,0
3.0,HROMA4A,"[45, 411, 661, 727, 1055, 1108, 1304, 1334, 1398, 1670, 1774, 1840, 2129, 2287]","[1108, 1670]","[45, 411, 661, 727, 1055, 1304, 1334, 1398, 1774, 1840, 2129, 2287]","[1108, 1670]",2331,14,2317,2,12,2317,0
3.0,HRSPRMI,"[247, 340, 416, 551, 722, 1211, 1245, 1605, 1880, 2047, 2197]",[722],"[247, 340, 416, 551, 1211, 1245, 1605, 1880, 2047, 2197]",[722],2198,11,2187,1,10,2187,0
3.0,HS1D3HLH,"[173, 185, 467, 757, 778, 901, 1039, 1231, 1548, 1596, 1634, 1750, 2003, 2146]",[1039],"[173, 185, 467, 757, 778, 901, 1231, 1548, 1596, 1634, 1750, 2003, 2146]",[1039],2473,14,2459,1,13,2459,0
3.0,HS2OXOC,"[116, 755, 901, 1047, 1095, 1162, 1421, 1451, 1694, 1719, 1825, 1878, 1894, 2227]","[116, 1162, 1421, 1694, 1825]","[755, 901, 1047, 1095, 1451, 1719, 1878, 1894, 2227]","[116, 871, 1162, 1421, 1694, 1825]",2510,14,2496,5,9,2495,1
3.0,HSABLGR1,"[221, 319, 371, 749, 845, 860, 902, 1080, 1112, 1236, 1279, 1516, 1670, 1981, 2265, 2274, 2923, 2977, 3020, 3054, 3130, 3140, 3178, 3265, 3344, 3519, 3551, 3603, 3636, 3683, 4148, 4166, 4198, 4321, 4479, 4506, 4528, 4865, 5108, 5218, 5284, 5296, 5312, 5317, 5465, 5666, 5890, 6125, 6479, 6508, 6567, 6604, 6617, 6708, 6743, 6820, 6904, 6977, 7049, 7197, 7212, 7507, 8039, 8293, 8356, 8470, 8720, 9075, 9294, 9310, 9340, 9507, 9652, 10016, 10043, 10073, 10112, 10400, 10413, 10509, 10535, 10539, 10623, 10950, 10991, 11052, 11090, 11094, 11118, 11135, 11167, 11354, 11370, 11597, 11872, 11929, 11951, 11988, 11992, 12007, 12239, 12325, 12396, 12434, 12880, 12948, 12989, 13058, 13205, 13262, 13683, 13782, 13875, 14267, 14754, 14973, 15060, 15224, 15400, 15442, 15444, 15514, 15589, 15741, 15907, 15929, 16019, 16572, 16811, 16978, 17036, 17116, 17249, 17547, 17886, 17922, 17991, 18028, 18211, 18462, 19026, 19158, 19199, 19244, 19282, 19297, 19469, 19672, 19728, 19816, 19888, 19906, 19972, 20015, 20105, 20121, 20150, 20282, 20325, 20665, 20758, 20991, 21053, 21219, 21558, 21832, 22256, 22368, 22421, 22886, 23084, 23126, 23128, 23330, 23393, 23472, 23507, 23584, 23730, 23851, 23938, 23981, 24042, 24066, 24277, 24298, 24656, 24758, 24805, 24853, 24896, 24979, 25073, 25221, 25253, 25292, 25818, 25849, 25902, 25906, 25973, 26127, 26145, 26177, 26288, 26300, 26508, 26554, 26725, 26789, 27114, 27158, 27209, 28260, 28759, 29268, 29760, 30175, 30405, 30552, 31027, 31138, 31182, 31270, 31290, 31307, 31493, 31699, 32126, 32128, 32233, 32296, 32399, 32606, 32910, 33591, 33629, 33787, 33826, 33869, 33888, 34121, 34153, 34205, 34314, 34322, 34563, 34596, 34658, 35102, 35331, 35343, 35464, 35562, 35751, 35835]","[8720, 10400, 12434, 15741, 17116, 17991]","[221, 319, 371, 749, 845, 860, 902, 1080, 1112, 1236, 1279, 1516, 1670, 1981, 2265, 2274, 2923, 2977, 3020, 3054, 3130, 3140, 3178, 3265, 3344, 3519, 3551, 3603, 3636, 3683, 4148, 4166, 4198, 4321, 4479, 4506, 4528, 4865, 5108, 5218, 5284, 5296, 5312, 5317, 5465, 5666, 5890, 6125, 6479, 6508, 6567, 6604, 6617, 6708, 6743, 6820, 6904, 6977, 7049, 7197, 7212, 7507, 8039, 8293, 8356, 8470, 9075, 9294, 9310, 9340, 9507, 9652, 10016, 10043, 10073, 10112, 10413, 10509, 10535, 10539, 10623, 10950, 10991, 11052, 11090, 11094, 11118, 11135, 11167, 11354, 11370, 11597, 11872, 11929, 11951, 11988, 11992, 12007, 12239, 12325, 12396, 12880, 12948, 12989, 13058, 13205, 13262, 13683, 13782, 13875, 14267, 14754, 14973, 15060, 15224, 15400, 15442, 15444, 15514, 15589, 15907, 15929, 16019, 16572, 16811, 16978, 17036, 17249, 17547, 17886, 17922, 18028, 18211, 18462, 19026, 19158, 19199, 19244, 19282, 19297, 19469, 19672, 19728, 19816, 19888, 19906, 19972, 20015, 20105, 20121, 20150, 20282, 20325, 20665, 20758, 20991, 21053, 21219, 21558, 21832, 22256, 22368, 22421, 22886, 23084, 23126, 23128, 23330, 23393, 23472, 23507, 23584, 23730, 23851, 23938, 23981, 24042, 24066, 24277, 24298, 24656, 24758, 24805, 24853, 24896, 24979, 25073, 25221, 25253, 25292, 25818, 25849, 25902, 25906, 25973, 26127, 26145, 26177, 26288, 26300, 26508, 26554, 26725, 26789, 27114, 27158, 27209, 28260, 28759, 29268, 29760, 30175, 30405, 30552, 31027, 31138, 31182, 31270, 31290, 31307, 31493, 31699, 32126, 32128, 32233, 32296, 32399, 32606, 32910, 33591, 33629, 33787, 33826, 33869, 33888, 34121, 34153, 34205, 34314, 34322, 34563, 34596, 34658, 35102, 35331, 35343, 35464, 35562, 35751, 35835]","[8720, 10400, 12434, 14200, 15741, 17116, 17991]",35954,256,35698,6,250,35697,1
3.0,HSALDCG,"[88, 105, 148, 265, 349, 555, 801, 962, 1014, 1283, 1914, 2098, 2481, 2637, 2641, 2663, 2668, 2939, 3110, 3121, 3162, 3289, 3366, 3386, 3402, 3411, 3551, 3567, 3894, 3994, 4346, 4350, 4434, 4460, 4817, 5038]","[2641, 2939, 3110, 3366, 3567, 3994]","[88, 105, 148, 265, 349, 555, 801, 962, 1014, 1283, 1914, 2098, 2481, 2637, 2663, 2668, 3121, 3162, 3289, 3386, 3402, 3411, 3551, 3894, 4346, 4350, 4434, 4460, 4817, 5038]","[2641, 2939, 3110, 3366, 3567, 3994, 4326]",5190,36,5154,6,30,5153,1
3.0,HSAPC3A,"[110, 172, 226, 636, 715, 859, 876, 919, 1161, 1178, 1246, 1829, 2140, 2325, 2363, 2515, 2778, 3106, 3212, 3383, 3387, 3409, 3492, 3734, 3769, 3832, 3863, 3874, 3924, 4086, 4222, 4460, 4585, 4618, 4662, 4679, 5222, 5444, 5823]","[919, 1178]","[110, 172, 226, 636, 715, 859, 876, 1161, 1246, 1829, 2140, 2325, 2363, 2515, 2778, 3106, 3212, 3383, 3387, 3409, 3492, 3734, 3769, 3832, 3863, 3874, 3924, 4086, 4222, 4460, 4585, 4618, 4662, 4679, 5222, 5444, 5823]","[919, 1178]",6039,39,6000,2,37,6000,0
3.0,HSAPOA2B,"[152, 168, 232, 245, 267, 338, 490, 573, 682, 686, 698, 916, 1554, 1577, 1585, 1655]","[490, 916]","[152, 168, 232, 245, 267, 338, 573, 682, 686, 698, 1554, 1577, 1585, 1655]","[490, 916]",1747,16,1731,2,14,1731,0
3.0,HSAPOAIA,"[57, 286, 317, 583, 661, 1397, 1409, 1475, 1799, 1849, 1942, 2090, 2177]","[317, 661]","[57, 286, 583, 1397, 1409, 1475, 1799, 1849, 1942, 2090, 2177]","[317, 661]",2183,13,2170,2,11,2170,0
3.0,HSAPOAIT,"[120, 231, 460, 491, 757, 835, 866, 1572, 1584, 1650, 1974, 2024, 2117, 2143, 2265, 2353]","[491, 835]","[120, 231, 460, 757, 866, 1572, 1584, 1650, 1974, 2024, 2117, 2143, 2265, 2353]","[491, 835]",2377,16,2361,2,14,2361,0
3.0,HSAPOC2G,"[33, 185, 231, 255, 273, 414, 526, 606, 645, 790, 822, 863, 946, 1153, 1276, 1494, 1505, 1553, 1572, 1903, 1935, 1971, 2021, 2037, 2069, 2121, 2148, 2191, 2346, 2358, 2401, 2479, 2714, 2943, 2999, 3041]","[2714, 3041]","[33, 185, 231, 255, 273, 414, 526, 606, 645, 790, 822, 863, 946, 1153, 1276, 1494, 1505, 1553, 1572, 1903, 1935, 1971, 2021, 2037, 2069, 2121, 2148, 2191, 2346, 2358, 2401, 2479, 2943, 2999]","[2714, 3041]",3832,36,3796,2,34,3796,0
3.0,HSAQUPN2,"[236, 299, 431, 497, 632, 746, 794, 917]","[431, 632, 746]","[236, 299, 497, 794, 917]","[431, 632, 746]",987,8,979,3,5,979,0
3.0,HSARYLA,"[275, 413, 459, 560, 848, 1091, 1238, 1571, 1815, 1906, 1970, 1991, 2004, 2052, 2141, 2175, 2252, 2470, 2479, 2528, 2613, 2666, 2823, 3040, 3087, 3162, 3432, 3452, 3567]","[848, 1238, 1571, 1815, 2252, 2470, 2823]","[275, 413, 459, 560, 1091, 1906, 1970, 1991, 2004, 2052, 2141, 2175, 2479, 2528, 2613, 2666, 3040, 3087, 3162, 3432, 3452, 3567]","[848, 1238, 1571, 1815, 2252, 2470, 2823]",3629,29,3600,7,22,3600,0
3.0,HSAT3,"[66, 160, 257, 280, 327, 646, 655, 825, 1841, 1953, 2218, 2225, 2451, 2846, 3311, 3723, 4422, 4447, 4746, 4823, 4978, 5095, 5305, 5311, 5717, 6015, 6059, 6235, 6645, 6858, 6879, 6934, 6938, 7102, 7225, 7231, 8050, 8072, 8128, 8152, 8303, 8536, 8551, 8570, 8733, 8836, 9045, 9139, 9260, 9625, 9717, 9730, 10089, 10131, 10133, 10189, 10205, 10336, 10401, 10429, 10776, 10948, 11303, 11320, 11660, 11748, 11977, 12007, 12165, 12249, 12547, 12555, 12719, 13056, 13092, 13487, 13775, 13806, 14099]","[646, 3311, 6059, 7102, 8303, 10401]","[66, 160, 257, 280, 327, 655, 825, 1841, 1953, 2218, 2225, 2451, 2846, 3723, 4422, 4447, 4746, 4823, 4978, 5095, 5305, 5311, 5717, 6015, 6235, 6645, 6858, 6879, 6934, 6938, 7225, 7231, 8050, 8072, 8128, 8152, 8536, 8551, 8570, 8733, 8836, 9045, 9139, 9260, 9625, 9717, 9730, 10089, 10131, 10133, 10189, 10205, 10336, 10429, 10776, 10948, 11303, 11320, 11660, 11748, 11977, 12007, 12165, 12249, 12547, 12555, 12719, 13056, 13092, 13487, 13775, 13806, 14099]","[646, 3311, 6059, 7102, 8303, 10401]",14198,79,14119,6,73,14119,0
3.0,HSATPCP1,"[26, 158, 496, 534, 673, 705, 831, 989, 1257, 1518, 1550, 1680, 1838, 1920, 1994, 2127, 2133, 2258, 2304, 2347, 2691, 2723, 2771, 2846, 2889, 3013, 3045, 3169, 4036, 4080, 4245, 4726, 4730, 4773, 4843, 4975, 5023, 5254, 5389, 5394, 5525, 5924, 5934, 6099, 6277, 6382, 6830, 6839, 6843, 6860, 6865, 6999, 7003, 7008, 7017, 7115, 7267, 7430, 7698, 7763, 7854, 7883, 7927, 8207, 8529, 8701, 8708, 8714, 8947, 9101, 9444]","[5389, 6382, 7267]","[26, 158, 496, 534, 673, 705, 831, 989, 1257, 1518, 1550, 1680, 1838, 1920, 1994, 2127, 2133, 2258, 2304, 2347, 2691, 2723, 2771, 2846, 2889, 3013, 3045, 3169, 4036, 4080, 4245, 4726, 4730, 4773, 4843, 4975, 5023, 5254, 5394, 5525, 5924, 5934, 6099, 6277, 6830, 6839, 6843, 6860, 6865, 6999, 7003, 7008, 7017, 7115, 7430, 7698, 7763, 7854, 7883, 7927, 8207, 8529, 8701, 8708, 8714, 8947, 9101, 9444]","[5389, 6382, 7267]",9449,71,9378,3,68,9378,0
3.0,HSATPCP2,"[6, 107, 1210, 1546, 1683, 1722, 2402, 2996, 3326, 3624, 3721, 3824, 3890, 4013, 4180, 4442, 4668, 4692, 4738, 4743, 4997, 5134, 5367, 5847, 6152, 6504, 6916, 7005, 7310, 7490, 7756, 7768, 8252, 8414, 8638, 8957, 9194, 9212, 9244, 9627, 9637, 9647, 9689, 9720, 9752, 9790, 9857, 9993, 10099, 10195, 10238, 10918, 10966, 11516, 11530, 11602, 11686, 11693, 11736, 11878, 12001, 12044, 12119, 12281, 12342, 12374, 12497, 13004, 13012, 13249, 13435, 13810, 13888, 14022, 14024, 14371, 14752, 14954]","[7490, 10195, 10918]","[6, 107, 1210, 1546, 1683, 1722, 2402, 2996, 3326, 3624, 3721, 3824, 3890, 4013, 4180, 4442, 4668, 4692, 4738, 4743, 4997, 5134, 5367, 5847, 6152, 6504, 6916, 7005, 7310, 7756, 7768, 8252, 8414, 8638, 8957, 9194, 9212, 9244, 9627, 9637, 9647, 9689, 9720, 9752, 9790, 9857, 9993, 10099, 10238, 10966, 11516, 11530, 11602, 11686, 11693, 11736, 11878, 12001, 12044, 12119, 12281, 12342, 12374, 12497, 13004, 13012, 13249, 13435, 13810, 13888, 14022, 14024, 14371, 14752, 14954]","[7490, 10195, 10918]",15008,78,14930,3,75,14930,0
3.0,HSB3A,"[158, 223, 580, 779, 890, 1175, 1424, 1843, 1901, 1940, 2085, 2210, 2623, 2640, 2655, 2659, 2670, 3047, 3139, 3166, 3203, 3474]",[1843],"[158, 223, 580, 779, 890, 1175, 1424, 1901, 1940, 2085, 2210, 2623, 2640, 2655, 2659, 2670, 3047, 3139, 3166, 3203, 3474]",[1843],3675,22,3653,1,21,3653,0
3.0,HSBGPG,"[29, 151, 560, 817, 832, 850, 856, 1096, 1212, 1340, 1344, 1593, 1645]","[560, 850, 1096]","[29, 151, 817, 832, 856, 1212, 1340, 1344, 1593, 1645]","[560, 850, 1096]",1667,13,1654,3,10,1654,0
3.0,HSBSF2,"[238, 318, 335, 477, 1242, 1293, 1304, 1550, 1587, 1621, 2089, 2450, 2748, 2847, 2930, 2956, 3022, 3070, 3106, 3336, 3466, 3499, 3601, 3605, 4086, 4317, 4358, 4427, 4505, 4715, 4895, 4943, 4992, 5613, 5688, 5953]","[1242, 1587, 2748, 3601]","[238, 318, 335, 477, 1293, 1304, 1550, 1621, 2089, 2450, 2847, 2930, 2956, 3022, 3070, 3106, 3336, 3466, 3499, 3605, 4086, 4317, 4358, 4427, 4505, 4715, 4895, 4943, 4992, 5613, 5688, 5953]","[1242, 1587, 2748, 3601]",5953,36,5917,4,32,5917,0
3.0,HSCBMYHC,"[62, 278, 297, 345, 369, 536, 649, 1453, 1577, 2228, 2258, 2532, 2583, 2735, 2805, 2858, 2868, 2911, 3016, 3181, 3193, 3218, 3293, 3301, 3493, 3592, 3819, 3833, 3932, 4092, 4263, 4585, 4595, 4612, 4776, 4881, 4921, 5041, 5485, 5644, 6160, 6354, 6529, 6694, 6814, 7026, 7246, 7567, 7575, 7609, 7671, 7735, 7912, 8095, 8354, 8647, 8850, 8867, 8898, 8924, 8933, 8950, 9024, 9084, 9174, 9626, 9885, 9909, 9985, 10530, 10535, 10554, 10667, 10877, 11339, 11483, 11529, 11536, 11847, 12155, 12159, 12229, 12303, 12427, 12528, 12635, 12786, 12825, 12829, 12988, 13037, 13342, 14042, 14210, 14352, 14394, 14571, 14700, 14806, 15120, 15253, 15375, 15416, 15683, 15784, 16076, 16410, 16665, 17120, 17284, 17811, 17895, 18138, 18228, 18590, 18734, 18777, 18896, 19130, 19214, 19262, 19469, 19970, 19981, 20028, 20057, 20132, 20604, 20964, 21352, 21466, 21505, 21576, 21810, 21839, 22088, 22149, 22153, 22369, 22423, 22474, 22486, 22643, 23176, 23209, 23454, 23605, 23701, 23830, 24128, 24278, 24702, 24751, 24794]","[4595, 5041, 5485, 5644, 6354, 6529, 6694, 7246, 7567, 8354, 8898, 9174, 9626, 10530, 10877, 11339, 12155, 12427, 12829, 13342, 14210, 14571, 17120, 18228, 18590, 18896, 19262, 19970, 20604, 21466, 21839, 22088, 22474, 23454, 23701]","[62, 278, 297, 345, 369, 536, 649, 1453, 1577, 2228, 2258, 2532, 2583, 2735, 2805, 2858, 2868, 2911, 3016, 3181, 3193, 3218, 3293, 3301, 3493, 3592, 3819, 3833, 3932, 4092, 4263, 4585, 4612, 4776, 4881, 4921, 6160, 6814, 7026, 7575, 7609, 7671, 7735, 7912, 8095, 8647, 8850, 8867, 8924, 8933, 8950, 9024, 9084, 9885, 9909, 9985, 10535, 10554, 10667, 11483, 11529, 11536, 11847, 12159, 12229, 12303, 12528, 12635, 12786, 12825, 12988, 13037, 14042, 14352, 14394, 14700, 14806, 15120, 15253, 15375, 15416, 15683, 15784, 16076, 16410, 16665, 17284, 17811, 17895, 18138, 18734, 18777, 19130, 19214, 19469, 19981, 20028, 20057, 20132, 20964, 21352, 21505, 21576, 21810, 22149, 22153, 22369, 22423, 22486, 22643, 23176, 23209, 23605, 23830, 24128, 24278, 24702, 24751, 24794]","[4595, 5041, 5485, 5644, 6354, 6529, 6694, 7246, 7567, 8354, 8898, 9174, 9626, 10530, 10877, 11339, 12155, 12427, 12829, 13342, 14210, 14571, 15900, 17120, 18228, 18590, 18896, 19262, 19970, 20319, 20604, 21466, 21839, 22088, 22474, 23454, 23701]",24992,154,24838,35,119,24836,2
3.0,HSCD14G,"[79, 159, 317, 514, 562, 763, 986, 1114, 1318]",[159],"[79, 317, 514, 562, 763, 986, 1114, 1318]",[159],1562,9,1553,1,8,1553,0
3.0,HSCKBG,"[98, 236, 347, 657, 876, 1075, 1244, 1261, 1341, 1619, 1733, 1824, 2068, 2099, 2124, 2373, 2380, 2552, 2570, 2638, 2643, 2746, 2877, 3022, 3174, 3220, 3434, 3484, 3521, 3534, 3603, 3620, 4078]","[1341, 1619, 1824, 2380, 3174, 3521]","[98, 236, 347, 657, 876, 1075, 1244, 1261, 1733, 2068, 2099, 2124, 2373, 2552, 2570, 2638, 2643, 2746, 2877, 3022, 3220, 3434, 3484, 3534, 3603, 3620, 4078]","[1341, 1619, 1824, 2380, 3174, 3521]",4192,33,4159,6,27,4159,0
3.0,HSCOMT2,"[197, 284, 329, 589, 636, 703, 709, 911, 936, 1064, 1075, 1110, 1285, 1630, 1651, 1959, 2128, 2188, 2212, 2350, 2378, 2547, 2561, 2755, 2827, 2897, 2920, 3082, 3091, 3503]","[1630, 1959, 2378]","[197, 284, 329, 589, 636, 703, 709, 911, 936, 1064, 1075, 1110, 1285, 1651, 2128, 2188, 2212, 2350, 2547, 2561, 2755, 2827, 2897, 2920, 3082, 3091, 3503]","[1630, 1959, 2378]",3643,30,3613,3,27,3613,0
3.0,HSCPH70,"[11, 205, 297, 633, 773, 829, 865, 926, 1057, 1302, 1729, 1784, 2226, 2228, 2820, 2936, 3115, 3200, 3260, 3382, 3416, 3675, 3831, 3895, 4204, 4407, 4801, 5060, 5251, 5376, 5666, 6024, 6065, 6215]","[1729, 4204, 4407, 4801]","[11, 205, 297, 633, 773, 829, 865, 926, 1057, 1302, 1784, 2226, 2228, 2820, 2936, 3115, 3200, 3260, 3382, 3416, 3675, 3831, 3895, 5060, 5251, 5376, 5666, 6024, 6065, 6215]","[1729, 4204, 4407, 4801]",6703,34,6669,4,30,6669,0
3.0,HSCSF1PO,"[359, 409, 496, 534, 678, 779, 1290, 1433, 1815, 1965, 2385, 2428, 2591, 2704, 2816, 3283, 3327, 3691, 3732, 3740, 3777, 3815, 4479, 4703, 4825, 5071, 5252, 5393, 5398, 5400, 5510, 5647, 5682, 6017, 6173, 6274, 6579, 6651, 6706, 6732, 7061, 7314, 7376, 7572, 7831, 7943, 8091, 8115, 8121, 8250, 8287, 8486, 8680, 8694, 8699, 8725, 8843, 8847, 8876, 8943, 9217, 9445, 9575, 9595, 9654, 9665, 9774, 9857, 9882, 10134, 10227, 10249, 10444, 10448, 10517, 10783, 11059, 11063, 11092, 11111, 11515, 11536, 11661, 11707, 11723, 12101, 12153, 12228, 12296, 12404, 12436, 12482, 12926, 12953, 12975, 13021, 13038, 13044, 13281, 13421, 13436, 13526, 13628, 13657, 13951, 14345, 14499, 14645, 14683, 14890, 15036, 15082, 15556, 15733, 15783, 15792, 15804, 16061, 16088, 16103, 16105, 16740, 17132, 17256, 17409, 17480, 17882, 17968, 17972, 18046, 18156, 18208, 18274, 18299, 18350, 18356, 18465, 18756, 19403, 19724, 20123, 20151, 20159, 20177, 20257, 20336, 20510, 20870, 21307, 21311, 21438, 21444, 21461, 21638, 21988, 22203, 23086, 23437, 23668, 24059, 24072, 24260, 24611, 24749, 24806, 24822, 24903, 25151, 25196, 25492, 25690, 25817, 25831, 25977, 26033, 26044, 26095, 26605, 26732, 26837, 26841, 26963, 26983, 27465, 27659, 27837, 27905, 28041, 28345, 28627, 28660, 29084, 29206, 29782, 29926, 30172, 30341, 30657, 30823, 30890, 31040, 31077, 31133, 31141, 31270, 31351, 31663, 31739, 31764, 31836, 31855, 31942, 32010, 32108, 32146, 32301, 32402, 32862, 33017, 33041, 33463, 33698, 33729, 33743, 33816, 33832, 34006, 34015, 34027, 34038, 34158, 34182, 34399, 34417, 34668, 34831]","[1965, 7572, 8287, 10227, 11063, 15036, 17882, 18156, 18465, 20123, 26605, 26837, 27465, 28627, 30823, 31040, 32108, 32301, 34006]","[359, 409, 496, 534, 678, 779, 1290, 1433, 1815, 2385, 2428, 2591, 2704, 2816, 3283, 3327, 3691, 3732, 3740, 3777, 3815, 4479, 4703, 4825, 5071, 5252, 5393, 5398, 5400, 5510, 5647, 5682, 6017, 6173, 6274, 6579, 6651, 6706, 6732, 7061, 7314, 7376, 7831, 7943, 8091, 8115, 8121, 8250, 8486, 8680, 8694, 8699, 8725, 8843, 8847, 8876, 8943, 9217, 9445, 9575, 9595, 9654, 9665, 9774, 9857, 9882, 10134, 10249, 10444, 10448, 10517, 10783, 11059, 11092, 11111, 11515, 11536, 11661, 11707, 11723, 12101, 12153, 12228, 12296, 12404, 12436, 12482, 12926, 12953, 12975, 13021, 13038, 13044, 13281, 13421, 13436, 13526, 13628, 13657, 13951, 14345, 14499, 14645, 14683, 14890, 15082, 15556, 15733, 15783, 15792, 15804, 16061, 16088, 16103, 16105, 16740, 17132, 17256, 17409, 17480, 17968, 17972, 18046, 18208, 18274, 18299, 18350, 18356, 18756, 19403, 19724, 20151, 20159, 20177, 20257, 20336, 20510, 20870, 21307, 21311, 21438, 21444, 21461, 21638, 21988, 22203, 23086, 23437, 23668, 24059, 24072, 24260, 24611, 24749, 24806, 24822, 24903, 25151, 25196, 25492, 25690, 25817, 25831, 25977, 26033, 26044, 26095, 26732, 26841, 26963, 26983, 27659, 27837, 27905, 28041, 28345, 28660, 29084, 29206, 29782, 29926, 30172, 30341, 30657, 30890, 31077, 31133, 31141, 31270, 31351, 31663, 31739, 31764, 31836, 31855, 31942, 32010, 32146, 32402, 32862, 33017, 33041, 33463, 33698, 33729, 33743, 33816, 33832, 34015, 34027, 34038, 34158, 34182, 34399, 34417, 34668, 34831]","[1965, 7572, 8287, 10227, 11063, 15036, 17882, 18156, 18465, 20123, 26605, 26837, 27465, 28627, 30823, 31040, 32108, 32301, 33091, 34006]",35092,236,34856,19,217,34855,1
3.0,HSCST3G,"[271, 330, 536, 888, 931, 1006, 1145, 1190, 1310, 1328, 1661, 1920, 2234, 2262, 2342, 3064, 3155, 3443, 3468, 3526, 3694, 3740, 3783, 3865, 3879, 3883, 3934, 3938, 4063, 4087, 4111, 4117, 4123, 4129, 4620, 4741, 4813, 5241, 5518, 5573, 5990, 6231, 6293, 6448, 6521, 6582, 6589, 6632, 6921, 7112, 7200]","[1328, 3694]","[271, 330, 536, 888, 931, 1006, 1145, 1190, 1310, 1661, 1920, 2234, 2262, 2342, 3064, 3155, 3443, 3468, 3526, 3740, 3783, 3865, 3879, 3883, 3934, 3938, 4063, 4087, 4111, 4117, 4123, 4129, 4620, 4741, 4813, 5241, 5518, 5573, 5990, 6231, 6293, 6448, 6521, 6582, 6589, 6632, 6921, 7112, 7200]","[1328, 3694]",7284,51,7233,2,49,7233,0
3.0,HSCYCLA,"[274, 1029, 1049, 1098, 1102, 1333, 1393, 1422, 1530, 2406, 2439, 2509, 2940, 2954, 3031, 3668, 3731, 3877, 3962, 4024, 4111, 4168, 4239, 4475, 4520, 4538, 4614, 5338, 5365, 5389, 5439, 5670, 5911, 6070, 6323, 6483, 6667, 6866, 6910, 6982, 7024, 7439, 7622, 7654, 7956, 7973, 8050, 8113]","[1393, 2406, 3731, 4168, 5338, 5911, 6667]","[274, 1029, 1049, 1098, 1102, 1333, 1422, 1530, 2439, 2509, 2940, 2954, 3031, 3668, 3877, 3962, 4024, 4111, 4239, 4475, 4520, 4538, 4614, 5365, 5389, 5439, 5670, 6070, 6323, 6483, 6866, 6910, 6982, 7024, 7439, 7622, 7654, 7956, 7973, 8050, 8113]","[1393, 2406, 3731, 4168, 5338, 5911, 6667]",8355,48,8307,7,41,8307,0
3.0,HSCYP216,"[255, 302, 442, 567, 629, 665, 874, 879, 908, 1088, 1278, 1466, 1475, 1836, 1888, 2153, 2215, 2239, 2402, 2549, 2710]","[255, 442, 879, 1088, 1278, 1466, 1836, 2215, 2402]","[302, 567, 629, 665, 874, 908, 1475, 1888, 2153, 2239, 2549, 2710]","[255, 442, 879, 1088, 1278, 1466, 1836, 2215, 2402]",2763,21,2742,9,12,2742,0
3.0,HSCYP45C,"[185, 263, 731, 805, 810, 828, 947, 1020, 1256, 1300, 1688, 1772, 1977, 2048, 2612, 2638, 2667, 2854, 3045, 3268, 3358, 3538, 3542, 3975, 4405, 4603, 4680, 4942, 4963, 5008, 5447, 5624, 5773, 5801, 5826, 6016, 6081, 6248, 6525, 6562, 6694, 6935, 7081, 7327, 7429]","[4942, 5624, 5801, 6016, 6248]","[185, 263, 731, 805, 810, 828, 947, 1020, 1256, 1300, 1688, 1772, 1977, 2048, 2612, 2638, 2667, 2854, 3045, 3268, 3358, 3538, 3542, 3975, 4405, 4603, 4680, 4963, 5008, 5447, 5773, 5826, 6081, 6525, 6562, 6694, 6935, 7081, 7327, 7429]","[4942, 5624, 5801, 6016, 6248]",7546,45,7501,5,40,7501,0
3.0,HSCYTOK17,"[396, 452, 488, 505, 581, 594, 958, 982, 1422, 1709, 1764, 1822, 1951, 1963, 2079, 2304, 2401, 2571, 2582, 2850, 2857, 2928, 2935, 3066, 3131, 3158, 3171, 3245, 3249, 3257, 3288, 3382, 3468, 3601, 3625, 3693, 4000, 4123, 4840, 4972, 4987]","[581, 1709, 2304, 3066, 3693, 4000, 4123]","[396, 452, 488, 505, 594, 958, 982, 1422, 1764, 1822, 1951, 1963, 2079, 2401, 2571, 2582, 2850, 2857, 2928, 2935, 3131, 3158, 3171, 3245, 3249, 3257, 3288, 3382, 3468, 3601, 3625, 4840, 4972, 4987]","[581, 1709, 2304, 3066, 3693, 4000, 4123]",5252,41,5211,7,34,5211,0
3.0,HSCYTOK20,"[60, 116, 203, 1277, 1871, 2287, 2321, 2418, 2601, 2644, 3128, 3978, 4019, 4075, 4531, 4732, 4869, 5047, 5152, 5205, 5281, 5352, 6228, 6824, 7135, 7290, 7458, 7512, 7646, 7660, 8061, 8134, 8449, 8722, 8760, 8860, 9313, 9470, 9642, 9984, 10005, 10271, 10304, 10620, 10714, 10828, 10916, 10968, 11052, 11083, 11131, 11206, 11421, 11428, 11499, 11940, 12146, 12458, 12705, 12783, 12902, 12915, 13053, 13941, 14034, 14477, 15297, 15384, 15899, 15989, 16190, 16343, 16347, 16498, 16620, 16625, 16791, 17070, 17174, 17199, 17254]","[5281, 7512, 9470, 9984, 10271, 11940, 12705]","[60, 116, 203, 1277, 1871, 2287, 2321, 2418, 2601, 2644, 3128, 3978, 4019, 4075, 4531, 4732, 4869, 5047, 5152, 5205, 5352, 6228, 6824, 7135, 7290, 7458, 7646, 7660, 8061, 8134, 8449, 8722, 8760, 8860, 9313, 9642, 10005, 10304, 10620, 10714, 10828, 10916, 10968, 11052, 11083, 11131, 11206, 11421, 11428, 11499, 12146, 12458, 12783, 12902, 12915, 13053, 13941, 14034, 14477, 15297, 15384, 15899, 15989, 16190, 16343, 16347, 16498, 16620, 16625, 16791, 17070, 17174, 17199, 17254]","[5281, 7512, 9470, 9984, 10271, 11940, 12705]",18053,81,17972,7,74,17972,0
3.0,HSDAO,"[129, 537, 588, 956, 1035, 1080, 1111, 1177, 1263, 1329, 1381, 1437, 1635, 1665, 1699, 1751, 2197, 2229, 2345, 2351, 2551, 2582, 2775, 2877, 2974, 3236, 3885, 3987, 4423, 4584, 4623, 5121, 5561, 5611, 5744, 5903, 6200, 6426, 6592, 6684, 6696, 6983, 7384, 7431, 7461, 7548, 7594, 7766, 7871, 7903, 8028, 8329, 8347, 8419, 8502, 8701, 8880, 8901, 9013, 9040, 9276, 9337, 9343, 9707]","[6426, 7431, 9013]","[129, 537, 588, 956, 1035, 1080, 1111, 1177, 1263, 1329, 1381, 1437, 1635, 1665, 1699, 1751, 2197, 2229, 2345, 2351, 2551, 2582, 2775, 2877, 2974, 3236, 3885, 3987, 4423, 4584, 4623, 5121, 5561, 5611, 5744, 5903, 6200, 6592, 6684, 6696, 6983, 7384, 7461, 7548, 7594, 7766, 7871, 7903, 8028, 8329, 8347, 8419, 8502, 8701, 8880, 8901, 9040, 9276, 9337, 9343, 9707]","[6426, 7431, 9013]",9895,64,9831,3,61,9831,0
3.0,HSERPG,"[143, 563, 628, 1303, 1340, 1683, 1774, 1943, 2026, 2069, 2290, 2474, 2509, 2768]","[628, 1340, 1683, 2474]","[143, 563, 1303, 1774, 1943, 2026, 2069, 2290, 2509, 2768]","[628, 1340, 1683, 2474]",3390,14,3376,4,10,3376,0
3.0,HSFAU1,"[80, 335, 375, 432, 505, 547, 655, 824, 857, 870, 1096, 1100, 1129, 1140, 1557, 1592, 1599, 1613, 1617, 1787, 1821, 2004]","[857, 1096, 1613]","[80, 335, 375, 432, 505, 547, 655, 824, 870, 1100, 1129, 1140, 1557, 1592, 1599, 1617, 1787, 1821, 2004]","[857, 1096, 1613]",2008,22,1986,3,19,1986,0
3.0,HSFESFPS,"[8, 13, 353, 513, 543, 608, 614, 728, 738, 771, 791, 872, 1227, 1248, 1553, 1650, 1781, 1827, 1889, 2210, 2821, 3023, 3180, 3336, 3435, 3637, 3645, 3726, 3769, 3797, 3873, 3923, 4008, 4510, 4522, 4532, 4547, 4663, 5028, 5154, 5405, 5598, 5706, 5924, 6108, 6240, 6445, 6767, 6970, 7063, 7089, 7150, 7230, 7330, 7345, 7634, 7757, 7836, 8020, 8052, 8069, 8349, 8546, 8582, 8598, 8640, 8720, 8782, 9087, 9151, 9176, 9294, 9315, 9371, 9424, 9635, 9768, 10015, 10360, 10445, 10483, 10626, 10664, 10965, 10996, 11068, 11128, 11196, 11511, 11788, 11865, 12024, 12034, 12062, 12225]","[1227, 1553, 3023, 3336, 5405, 5598, 5924, 6240, 6445, 7150, 7634, 8069, 8782, 9151, 9371, 9768, 10015]","[8, 13, 353, 513, 543, 608, 614, 728, 738, 771, 791, 872, 1248, 1650, 1781, 1827, 1889, 2210, 2821, 3180, 3435, 3637, 3645, 3726, 3769, 3797, 3873, 3923, 4008, 4510, 4522, 4532, 4547, 4663, 5028, 5154, 5706, 6108, 6767, 6970, 7063, 7089, 7230, 7330, 7345, 7757, 7836, 8020, 8052, 8349, 8546, 8582, 8598, 8640, 8720, 9087, 9176, 9294, 9315, 9424, 9635, 10360, 10445, 10483, 10626, 10664, 10965, 10996, 11068, 11128, 11196, 11511, 11788, 11865, 12024, 12034, 12062, 12225]","[1227, 1553, 3023, 3336, 5405, 5598, 5924, 6240, 6445, 7150, 7634, 8069, 8782, 9151, 9371, 9768, 10015]",12255,95,12160,17,78,12160,0
3.0,HSGCSFG,"[82, 264, 404, 540, 690, 735, 739, 744, 748, 774, 970, 1230, 1521, 1999, 2040, 2121, 2296, 2514, 2770, 2790]","[404, 744, 1230, 1521]","[82, 264, 540, 690, 735, 739, 748, 774, 970, 1999, 2040, 2121, 2296, 2514, 2770, 2790]","[404, 744, 1230, 1521]",2952,20,2932,4,16,2932,0
3.0,HSGEBCMA,"[334, 607, 700, 888, 970, 983, 1050, 1082, 1137, 1206, 1294, 1349, 1496, 1508, 1545, 1648, 1831, 2292, 2430, 2587, 2766, 3234, 3273, 3279, 3292, 3409, 3441, 3489, 3607]","[607, 1496]","[334, 700, 888, 970, 983, 1050, 1082, 1137, 1206, 1294, 1349, 1508, 1545, 1648, 1831, 2292, 2430, 2587, 2766, 3234, 3273, 3279, 3292, 3409, 3441, 3489, 3607]","[607, 1496]",3711,29,3682,2,27,3682,0
3.0,HSGGL2,"[164, 202, 212, 433, 547, 632, 882, 1055, 1067, 1195, 1333, 1431, 1476, 1500]","[202, 547]","[164, 212, 433, 632, 882, 1055, 1067, 1195, 1333, 1431, 1476, 1500]","[202, 547]",1620,14,1606,2,12,1606,0
3.0,HSGLA,"[94, 779, 852, 868, 885, 901, 937, 955, 1102, 1374, 1422, 1822, 1826, 2011, 2148, 2339, 2472, 2499, 3131, 3192, 3422, 3424, 4062, 4106, 4149, 4224, 4435, 5022, 5040, 5093, 5269, 5308, 5451, 5575, 5717, 5821, 6672, 6706, 6740, 6784, 6884, 6958, 6983, 7164, 7241, 7447, 7846, 7915, 8012, 8044, 8167, 8378, 8413, 8421, 9335, 10293, 10329, 10359, 10369, 10692, 10708, 11096, 11400, 11432, 11472, 11689, 11761, 12168, 12200, 12322, 12358]","[1374, 5269, 7447, 8413, 10293, 10708]","[94, 779, 852, 868, 885, 901, 937, 955, 1102, 1422, 1822, 1826, 2011, 2148, 2339, 2472, 2499, 3131, 3192, 3422, 3424, 4062, 4106, 4149, 4224, 4435, 5022, 5040, 5093, 5308, 5451, 5575, 5717, 5821, 6672, 6706, 6740, 6784, 6884, 6958, 6983, 7164, 7241, 7846, 7915, 8012, 8044, 8167, 8378, 8421, 9335, 10329, 10359, 10369, 10692, 11096, 11400, 11432, 11472, 11689, 11761, 12168, 12200, 12322, 12358]","[1374, 5269, 7447, 8413, 10293, 10708]",12428,71,12357,6,65,12357,0
3.0,HSGROW2,"[92, 211, 345, 462, 781, 899, 1091]","[345, 1091]","[92, 211, 462, 781, 899]","[345, 762, 1091, 1349]",1956,7,1949,2,5,1947,2
3.0,HSGSTM4,"[37, 41, 73, 117, 228, 391, 466, 522, 578, 778, 874, 1262, 1296, 1357, 1458, 1785, 1793, 2098, 2142, 2232, 2469, 2670, 2907, 2960, 3139, 3277, 3366, 3430, 3484, 3511, 3516, 3532, 3623, 3953, 3984, 3991, 4183, 4343]","[37, 391, 874, 1262, 1458, 2469, 2670]","[41, 73, 117, 228, 466, 522, 578, 778, 1296, 1357, 1785, 1793, 2098, 2142, 2232, 2907, 2960, 3139, 3277, 3366, 3430, 3484, 3511, 3516, 3532, 3623, 3953, 3984, 3991, 4183, 4343]","[37, 391, 874, 1262, 1458, 2469, 2670]",4834,38,4796,7,31,4796,0
3.0,HSGTRH,"[442, 515, 536, 1193, 1251, 1293, 1301, 1847, 1927, 1965, 2111, 2205, 2322, 2431, 2502, 2809, 2814, 3141, 3732, 3816, 3949, 4747, 5548, 5598, 5645, 5711, 5766, 5921, 5926, 6094, 6244, 6275, 6449, 6552]","[2205, 3816]","[442, 515, 536, 1193, 1251, 1293, 1301, 1847, 1927, 1965, 2111, 2322, 2431, 2502, 2809, 2814, 3141, 3732, 3949, 4747, 5548, 5598, 5645, 5711, 5766, 5921, 5926, 6094, 6244, 6275, 6449, 6552]","[2205, 3816]",7216,34,7182,2,32,7182,0
3.0,HSHMG17G,"[25, 139, 283, 400, 651, 856, 911, 1043, 1117, 1269, 1538, 1793, 2037, 2061, 2279, 2335, 2524, 2927, 2946, 3134, 3403, 3415, 3473, 3620, 3705, 4021, 4342, 4469, 4553, 4815, 4833, 4854, 4929, 5014, 5030, 5067, 5920, 5937, 6047, 6302, 6442, 6844, 7087, 7188]","[2524, 3415, 3620, 4021, 4553]","[25, 139, 283, 400, 651, 856, 911, 1043, 1117, 1269, 1538, 1793, 2037, 2061, 2279, 2335, 2927, 2946, 3134, 3403, 3473, 3705, 4342, 4469, 4815, 4833, 4854, 4929, 5014, 5030, 5067, 5920, 5937, 6047, 6302, 6442, 6844, 7087, 7188]","[2524, 3415, 3620, 4021, 4553]",7187,44,7143,5,39,7143,0
3.0,HSHNRNPA,"[44, 49, 220, 318, 458, 707, 814, 868, 1086, 1159, 1494, 1751, 1789, 1936, 2100, 2295, 2481, 2511, 2615, 2660, 2723, 2869, 2927, 2988, 3069, 3229, 3559, 3602, 3773, 3962, 4312, 4316, 4954, 5159, 5254]","[814, 1494, 1936, 2295, 2481, 2660, 2869, 3962]","[44, 49, 220, 318, 458, 707, 868, 1086, 1159, 1751, 1789, 2100, 2511, 2615, 2723, 2927, 2988, 3069, 3229, 3559, 3602, 3773, 4312, 4316, 4954, 5159, 5254]","[814, 1494, 1936, 2295, 2481, 2660, 2869, 3962]",5360,35,5325,8,27,5325,0
3.0,HSHOX51,"[9, 517, 698, 703, 760, 856, 862, 1032, 1278, 1300, 1425, 1475, 1547, 1640, 1651, 1791, 2036, 2052, 2126, 2130, 2201, 2393, 2401, 2415, 2425, 2519, 2611, 2690, 3022, 3242, 3341, 3601, 4023, 4643, 4748, 4921, 4940, 5208, 5604, 6206]",[2052],"[9, 517, 698, 703, 760, 856, 862, 1032, 1278, 1300, 1425, 1475, 1547, 1640, 1651, 1791, 2036, 2126, 2130, 2201, 2393, 2401, 2415, 2425, 2519, 2611, 2690, 3022, 3242, 3341, 3601, 4023, 4643, 4748, 4921, 4940, 5208, 5604, 6206]",[2052],6297,40,6257,1,39,6257,0
3.0,HSHSC70,"[27, 31, 41, 54, 59, 63, 119, 305, 456, 499, 777, 913, 1194, 1245, 1313, 1419, 1773, 1778, 2052, 2250, 2337, 2533, 2550, 2781, 2893, 2938, 3307, 3692, 3734, 3793, 3841, 3908, 4114, 4169, 4329, 4343, 4735, 4819, 4910, 5017, 5145, 5194, 5253, 5330, 5378]","[1245, 1773, 2250, 2893, 3307, 3734, 4114]","[27, 31, 41, 54, 59, 63, 119, 305, 456, 499, 777, 913, 1194, 1313, 1419, 1778, 2052, 2337, 2533, 2550, 2781, 2938, 3692, 3793, 3841, 3908, 4169, 4329, 4343, 4735, 4819, 4910, 5017, 5145, 5194, 5253, 5330, 5378]","[1245, 1773, 2250, 2893, 3307, 3734, 4114]",5400,45,5355,7,38,5355,0
3.0,HSIFNAR,"[329, 365, 394, 429, 549, 568, 583, 616, 631, 654, 669, 712, 731, 830, 869, 1043, 1190, 1218, 1356, 1404, 1420, 1437, 1540, 1597, 2036, 2165, 2167, 2445, 2605, 2612, 2632, 2684, 2696, 2807, 3071, 3297, 3337, 4103, 4272, 4481, 4612, 5061, 5097, 5386, 5468, 5712, 5843, 6393, 7631, 7694, 7976, 8112, 8182, 8443, 8569, 8594, 9219, 9606, 10270, 10318, 10423, 10427, 10677, 10800, 11127, 11325, 11655, 11664, 11687, 11832, 12704, 12838, 13828, 13884, 14096, 14124, 14172, 14247, 14793, 14795, 14937, 15058, 15196, 15464, 15482, 15686, 16062, 16084, 16909, 16944, 17681, 17725, 17942, 18117, 18394, 18426, 18564, 19188, 19220, 19442, 19690, 19858, 19910, 19999, 20036, 20088, 20346, 20795, 20837, 20839, 21132, 21239, 21243, 21261, 21610, 22130, 22338, 22538, 22586, 22719, 23043, 23136, 23180, 23766, 23783, 23985, 24341, 24359, 24515, 24742, 25061, 25314, 25630, 25777, 26285, 26450, 26578, 26897, 27001, 27236, 27240, 27744, 27840, 27880, 27952, 28142, 28192, 28272, 28315, 28489, 28657, 28679, 29018, 29084, 29168, 29554, 29885, 29899, 30053, 30214, 30400, 30452, 30489, 30881, 30998, 31290, 31644, 31727, 31761, 31769, 31918, 32103]","[830, 11325, 16944, 19188, 19442, 21132, 25061, 25314, 28679, 29554]","[329, 365, 394, 429, 549, 568, 583, 616, 631, 654, 669, 712, 731, 869, 1043, 1190, 1218, 1356, 1404, 1420, 1437, 1540, 1597, 2036, 2165, 2167, 2445, 2605, 2612, 2632, 2684, 2696, 2807, 3071, 3297, 3337, 4103, 4272, 4481, 4612, 5061, 5097, 5386, 5468, 5712, 5843, 6393, 7631, 7694, 7976, 8112, 8182, 8443, 8569, 8594, 9219, 9606, 10270, 10318, 10423, 10427, 10677, 10800, 11127, 11655, 11664, 11687, 11832, 12704, 12838, 13828, 13884, 14096, 14124, 14172, 14247, 14793, 14795, 14937, 15058, 15196, 15464, 15482, 15686, 16062, 16084, 16909, 17681, 17725, 17942, 18117, 18394, 18426, 18564, 19220, 19690, 19858, 19910, 19999, 20036, 20088, 20346, 20795, 20837, 20839, 21239, 21243, 21261, 21610, 22130, 22338, 22538, 22586, 22719, 23043, 23136, 23180, 23766, 23783, 23985, 24341, 24359, 24515, 24742, 25630, 25777, 26285, 26450, 26578, 26897, 27001, 27236, 27240, 27744, 27840, 27880, 27952, 28142, 28192, 28272, 28315, 28489, 28657, 29018, 29084, 29168, 29885, 29899, 30053, 30214, 30400, 30452, 30489, 30881, 30998, 31290, 31644, 31727, 31761, 31769, 31918, 32103]","[830, 11325, 16944, 19188, 19442, 21132, 25061, 25314, 28679, 29554]",32898,172,32726,10,162,32726,0
3.0,HSIFNG,"[63, 136, 343, 589, 835, 976, 1897, 2175, 2347, 2364, 2413, 2442, 2446, 2771, 3213, 3516, 3631, 3636, 3690, 3742, 3786, 3833, 3962, 4115, 4278, 4482, 5167, 5305, 5708, 5853]","[589, 1897, 2175]","[63, 136, 343, 835, 976, 2347, 2364, 2413, 2442, 2446, 2771, 3213, 3516, 3631, 3636, 3690, 3742, 3786, 3833, 3962, 4115, 4278, 4482, 5167, 5305, 5708, 5853]","[589, 1897, 2175]",5953,30,5923,3,27,5923,0
3.0,HSIL1AG,"[826, 916, 1489, 1617, 1830, 1987, 2208, 2641, 2949, 3019, 3067, 3215, 3576, 3631, 3708, 3939, 4118, 4326, 4373, 4447, 4847, 5019, 5155, 5343, 5552, 5580, 6433, 7173, 7384, 7604, 7666, 7681, 7897, 7940, 8025, 8132, 8526, 8891, 8943, 8989, 9035, 9081, 9174, 9290, 9436, 9775, 9789, 9875, 10013, 10321, 10487, 11229, 11686, 11703]","[2208, 3215, 4326, 6433, 7940]","[826, 916, 1489, 1617, 1830, 1987, 2641, 2949, 3019, 3067, 3576, 3631, 3708, 3939, 4118, 4373, 4447, 4847, 5019, 5155, 5343, 5552, 5580, 7173, 7384, 7604, 7666, 7681, 7897, 8025, 8132, 8526, 8891, 8943, 8989, 9035, 9081, 9174, 9290, 9436, 9775, 9789, 9875, 10013, 10321, 10487, 11229, 11686, 11703]","[2208, 3215, 4326, 6433, 7940]",11962,54,11908,5,49,11908,0
3.0,HSIL1B,"[735, 767, 821, 935, 1268, 1296, 1352, 1446, 1515, 1565, 1855, 2006, 2240, 2528, 2861, 3144, 3269, 3565, 3903, 3916, 4383, 4477, 4485, 4496, 4554, 4833, 5220, 5427, 5584, 5657, 5927, 6039, 6361, 6550, 6555, 7121, 7166, 7406, 8237, 8422, 8995, 9010, 9336, 9353, 9692]","[2528, 3144, 6039, 7406]","[735, 767, 821, 935, 1268, 1296, 1352, 1446, 1515, 1565, 1855, 2006, 2240, 2861, 3269, 3565, 3903, 3916, 4383, 4477, 4485, 4496, 4554, 4833, 5220, 5427, 5584, 5657, 5927, 6361, 6550, 6555, 7121, 7166, 8237, 8422, 8995, 9010, 9336, 9353, 9692]","[2528, 3144, 5327, 6039, 7406]",9703,45,9658,4,41,9657,1
3.0,HSINT2,"[439, 516, 1156, 1285, 1689, 2070, 2173, 2267, 2467, 2792, 3197, 3282, 3328, 3420, 3471, 3509, 3549, 3567, 3571, 3790, 4136, 4140, 4167, 4327, 5335, 5386, 6546, 6819, 6824, 6954, 7341, 7600, 7992, 8668, 8973, 9056, 9331, 9443, 9480, 10085, 10162, 10216, 10228, 10232, 10263, 10273, 10295, 10458, 10533, 10644, 10708, 10736, 11125, 11148, 11551, 11562]","[1156, 3549]","[439, 516, 1285, 1689, 2070, 2173, 2267, 2467, 2792, 3197, 3282, 3328, 3420, 3471, 3509, 3567, 3571, 3790, 4136, 4140, 4167, 4327, 5335, 5386, 6546, 6819, 6824, 6954, 7341, 7600, 7992, 8668, 8973, 9056, 9331, 9443, 9480, 10085, 10162, 10216, 10228, 10232, 10263, 10273, 10295, 10458, 10533, 10644, 10708, 10736, 11125, 11148, 11551, 11562]","[1156, 3549]",11600,56,11544,2,54,11544,0
3.0,HSL7A,"[122, 420, 1133, 1165, 1288, 1408, 1989, 2073, 2077, 2193, 2398, 2488, 2576, 2646, 2867, 2944, 3127, 3259, 3525, 4052, 4164, 4237, 4255, 4259, 4564, 4572, 4781, 4919, 5073]","[2073, 2867, 3525, 4164, 4572, 4919]","[122, 420, 1133, 1165, 1288, 1408, 1989, 2077, 2193, 2398, 2488, 2576, 2646, 2944, 3127, 3259, 4052, 4237, 4255, 4259, 4564, 4781, 5073]","[2073, 2867, 3525, 3881, 4164, 4572, 4919]",5498,29,5469,6,23,5468,1
3.0,HSLCATG,"[24, 57, 361, 863, 867, 991, 1261, 1352, 1576, 1590, 1620, 1629, 1636, 1672, 1704, 1881, 2076, 2149, 2171, 2266, 2305, 2574, 2609, 3577, 3893, 3895, 3973, 4200, 4283, 4458, 4654, 4790, 4812, 5051, 5147, 5320, 5331, 5372, 5638, 5649, 5873, 5914, 6028, 6060, 6184, 6357, 6402, 6420, 6574, 6705, 6743]","[991, 1881, 2076, 2266, 2574]","[24, 57, 361, 863, 867, 1261, 1352, 1576, 1590, 1620, 1629, 1636, 1672, 1704, 2149, 2171, 2305, 2609, 3577, 3893, 3895, 3973, 4200, 4283, 4458, 4654, 4790, 4812, 5051, 5147, 5320, 5331, 5372, 5638, 5649, 5873, 5914, 6028, 6060, 6184, 6357, 6402, 6420, 6574, 6705, 6743]","[991, 1881, 2076, 2266, 2574]",6893,51,6842,5,46,6842,0
3.0,HSMECDAG,"[93, 230, 387, 471, 716, 923, 999, 1153, 1198, 1393, 1430, 1456, 1641, 1805, 1988, 2149, 2208, 2352, 2439, 2517, 2584, 2588, 2593, 2597, 2601, 2616, 2776, 2870, 2966, 3072, 3090, 3162, 3170, 3202, 3245, 3353, 3544, 3661, 3673, 3852, 3939, 3986, 4095, 4361]","[1393, 2517, 2776, 2966, 3544, 3852]","[93, 230, 387, 471, 716, 923, 999, 1153, 1198, 1430, 1456, 1641, 1805, 1988, 2149, 2208, 2352, 2439, 2584, 2588, 2593, 2597, 2601, 2616, 2870, 3072, 3090, 3162, 3170, 3202, 3245, 3353, 3661, 3673, 3939, 3986, 4095, 4361]","[1393, 2517, 2776, 2966, 3544, 3852]",4362,44,4318,6,38,4318,0
3.0,HSMED,"[36, 52, 139, 277, 307, 360, 413, 466, 519, 619, 636, 789, 812, 896, 967, 1354, 1460, 1506, 1592, 1693, 1704, 1774, 1943, 1989, 1993, 1998, 2002, 2186, 2315, 3154, 3315, 3529, 3899, 4051, 4355, 4521, 4647, 4686, 4716, 4762, 4833, 5214, 5218]","[1354, 1943, 2315, 4716]","[36, 52, 139, 277, 307, 360, 413, 466, 519, 619, 636, 789, 812, 896, 967, 1460, 1506, 1592, 1693, 1704, 1774, 1989, 1993, 1998, 2002, 2186, 3154, 3315, 3529, 3899, 4051, 4355, 4521, 4647, 4686, 4762, 4833, 5214, 5218]","[1354, 1943, 2315, 4716]",5284,43,5241,4,39,5241,0
3.0,HSMT1H,"[20, 196, 396, 442, 544, 649, 816, 1128, 1475, 1518, 2125]","[816, 1475]","[20, 196, 396, 442, 544, 649, 1128, 1518, 2125]","[816, 1475]",2134,11,2123,2,9,2123,0
3.0,HSNCAMX1,"[188, 280, 638, 846, 1174, 1256, 1266, 1518, 1550, 1609, 1737, 1794, 2245, 2302, 2381, 2419, 2427, 2464, 2470, 2486, 2537, 2557, 2585, 2791, 2808, 2898, 2917, 2974, 3655, 3718, 3743, 3748, 4142, 4157, 4190, 4608, 4750, 4778, 5218, 5488, 5515, 5916, 6024, 6315, 6440, 6582, 6983, 7316, 7569, 7640, 7785, 7795, 7852, 8033, 8171, 8529, 8552, 8809, 9068, 9083, 9248, 9369, 9373, 9474, 9522, 9571, 9863, 10015, 10087, 10317, 10722, 10962, 11249, 11509, 11667, 11710, 11726, 11870, 12005, 12072, 12283, 12467, 12508, 12519, 12550, 12702, 12786, 12902, 12924, 13049, 13302, 13357, 13408, 13487, 13505, 13609, 13684, 13743, 13774, 13893, 13980, 14002, 14016, 15056, 15353, 15745, 15945]","[1609, 4142, 4778, 5218, 6315, 6582, 6983, 7316, 7569, 7852, 8529, 8809, 9068, 9373, 9571, 10015, 10317, 10722, 11667, 12072, 12283, 12550, 12786, 13049, 13487, 13893, 14002]","[188, 280, 638, 846, 1174, 1256, 1266, 1518, 1550, 1737, 1794, 2245, 2302, 2381, 2419, 2427, 2464, 2470, 2486, 2537, 2557, 2585, 2791, 2808, 2898, 2917, 2974, 3655, 3718, 3743, 3748, 4157, 4190, 4608, 4750, 5488, 5515, 5916, 6024, 6440, 7640, 7785, 7795, 8033, 8171, 8552, 9083, 9248, 9369, 9474, 9522, 9863, 10087, 10962, 11249, 11509, 11710, 11726, 11870, 12005, 12467, 12508, 12519, 12702, 12902, 12924, 13302, 13357, 13408, 13505, 13609, 13684, 13743, 13774, 13980, 14016, 15056, 15353, 15745, 15945]","[1609, 4142, 4778, 5218, 6315, 6582, 6983, 7316, 7569, 7852, 8529, 8809, 9068, 9373, 9571, 10015, 10317, 10722, 11667, 12072, 12283, 12550, 12786, 13049, 13487, 13893, 14002]",16280,107,16173,27,80,16173,0
3.0,HSNFM,"[56, 242, 417, 432, 606, 790, 1096, 1188, 1231, 1252, 1393, 1411, 1741, 1822, 2243, 2311, 2675, 2917, 3230, 3371, 3772, 3849, 3863, 3917, 4020, 4101, 4491, 4575, 4896, 4952, 5057, 5063, 5148, 5172, 5234, 5343, 5388, 5498, 5744]","[1822, 2675]","[56, 242, 417, 432, 606, 790, 1096, 1188, 1231, 1252, 1393, 1411, 1741, 2243, 2311, 2917, 3230, 3371, 3772, 3849, 3863, 3917, 4020, 4101, 4491, 4575, 4896, 4952, 5057, 5063, 5148, 5172, 5234, 5343, 5388, 5498, 5744]","[1822, 2675]",6228,39,6189,2,37,6189,0
3.0,HSODCG,"[213, 362, 455, 591, 735, 1002, 1361, 1494, 1589, 1938, 2374, 2393, 2483, 2561, 2612, 2649, 2751, 2829, 2847, 2912, 3007, 3140, 3411, 3454, 3567, 3745, 3826, 3968, 4192, 4426, 4433, 4445, 4649, 5028, 5282, 5421, 5558, 5633, 5815, 5893, 6164, 6211, 6298, 6336, 6378, 6597, 7002, 7111, 7208, 7285, 7306, 7501, 7614, 7618, 7836, 7881, 8052, 8090, 8214, 8758, 8842, 8854, 9013]","[4192, 4649, 5028, 5421, 5633, 5893, 7111, 7306, 7614]","[213, 362, 455, 591, 735, 1002, 1361, 1494, 1589, 1938, 2374, 2393, 2483, 2561, 2612, 2649, 2751, 2829, 2847, 2912, 3007, 3140, 3411, 3454, 3567, 3745, 3826, 3968, 4426, 4433, 4445, 5282, 5558, 5815, 6164, 6211, 6298, 6336, 6378, 6597, 7002, 7208, 7285, 7501, 7618, 7836, 7881, 8052, 8090, 8214, 8758, 8842, 8854, 9013]","[4192, 4649, 5028, 5421, 5633, 5893, 7111, 7306, 7614]",9035,63,8972,9,54,8972,0
3.0,HSODF2,"[4, 25, 97, 131, 158, 250, 269, 381, 722, 907, 913, 964, 993, 1375]",[],"[4, 25, 97, 131, 158, 250, 269, 381, 722, 907, 913, 964, 993, 1375]",[600],1422,14,1408,0,14,1407,1
3.0,HSPAT133,"[393, 558, 654, 762, 785, 794, 1126, 1173, 1447, 1578, 1666, 1707, 1782, 1801, 2366, 2531, 2627, 2995, 3085, 3711]",[1447],"[393, 558, 654, 762, 785, 794, 1126, 1173, 1578, 1666, 1707, 1782, 1801, 2366, 2531, 2627, 2995, 3085, 3711]",[1447],3712,20,3692,1,19,3692,0
3.0,HSPLAPL,"[24, 403, 593, 599, 603, 728, 808, 827, 889, 1192, 1225]","[403, 599, 827]","[24, 593, 603, 728, 808, 889, 1192, 1225]","[403, 599, 827]",1274,11,1263,3,8,1263,0
3.0,HSPRB3L,"[279, 356, 386, 415, 566, 616, 789, 896, 1103, 1412, 1537, 2934, 3083, 3376, 3584, 4014, 4236]","[566, 1537]","[279, 356, 386, 415, 616, 789, 896, 1103, 1412, 2934, 3083, 3376, 3584, 4014, 4236]","[566, 1537]",4508,17,4491,2,15,4491,0
3.0,HSPRB4S,"[97, 411, 487, 518, 542, 687, 693, 719, 741, 913, 1018, 1049, 1058, 1276, 1534, 1565, 1658, 2128, 2384, 2495, 2812, 2957, 3462, 3999, 5204]","[693, 1658]","[97, 411, 487, 518, 542, 687, 719, 741, 913, 1018, 1049, 1058, 1276, 1534, 1565, 2128, 2384, 2495, 2812, 2957, 3462, 3999, 5204]","[693, 1658]",5805,25,5780,2,23,5780,0
3.0,HSPSAG,"[46, 403, 447, 872, 1759, 1815, 1848, 2383, 2397, 2428, 2551, 2594, 2687, 2695, 2834, 3535, 3544, 3611, 3764, 3866, 3987, 4044, 4080, 4368, 4427, 4493, 4499, 4648, 4971, 5088, 5456, 5668]","[447, 1848, 3764, 4044]","[46, 403, 872, 1759, 1815, 2383, 2397, 2428, 2551, 2594, 2687, 2695, 2834, 3535, 3544, 3611, 3866, 3987, 4080, 4368, 4427, 4493, 4499, 4648, 4971, 5088, 5456, 5668]","[447, 1848, 3764, 4044]",5865,32,5833,4,28,5833,0
3.0,HSRPII145,"[23, 449, 467, 588, 908, 1071, 1086, 1097, 1102, 1157, 1181, 1233, 1302, 1350, 1378, 1535, 1598, 1610, 1615, 1619, 1641, 1688, 1729, 1894]","[449, 588, 908, 1071, 1233]","[23, 467, 1086, 1097, 1102, 1157, 1181, 1302, 1350, 1378, 1535, 1598, 1610, 1615, 1619, 1641, 1688, 1729, 1894]","[449, 588, 908, 1071, 1233]",2085,24,2061,5,19,2061,0
3.0,HSRPS7,"[21, 55, 115, 166, 264, 284, 404, 415, 516, 731, 1008, 1055, 1077, 1099, 1599, 1628, 1831, 1930, 2003, 2048, 2166, 2232, 2269, 2369, 2530, 2551, 2791, 3108, 3329, 3383, 3598, 3755, 4254, 4460, 4644, 4654, 5088, 5100, 5409, 5671, 5736, 5912, 6001, 6064, 6068, 6325, 6386, 6408, 6429, 6518, 6734, 6773, 7003, 7045, 7082, 7273]","[2166, 2369, 3108, 4254, 6734]","[21, 55, 115, 166, 264, 284, 404, 415, 516, 731, 1008, 1055, 1077, 1099, 1599, 1628, 1831, 1930, 2003, 2048, 2232, 2269, 2530, 2551, 2791, 3329, 3383, 3598, 3755, 4460, 4644, 4654, 5088, 5100, 5409, 5671, 5736, 5912, 6001, 6064, 6068, 6325, 6386, 6408, 6429, 6518, 6773, 7003, 7045, 7082, 7273]","[2166, 2369, 3108, 4254, 6734]",7505,56,7449,5,51,7449,0
3.0,HSSAA1B,"[13, 210, 349, 527, 862, 1009, 1064, 1151, 1543, 1831, 2345, 2367, 2467, 2484, 2753, 3121, 3182, 3214, 3845, 3876, 3988, 4007, 4013, 4171, 4267, 4403, 4571, 4697, 4712, 4744]","[1543, 3845]","[13, 210, 349, 527, 862, 1009, 1064, 1151, 1831, 2345, 2367, 2467, 2484, 2753, 3121, 3182, 3214, 3876, 3988, 4007, 4013, 4171, 4267, 4403, 4571, 4697, 4712, 4744]","[1543, 3845]",4815,30,4785,2,28,4785,0
3.0,HSSHBG,"[228, 472, 696, 1016, 1058, 1443, 1551, 1590, 1713, 1938, 2205, 2388, 2575, 2615, 2672, 2679, 2759, 2810, 2823, 2867, 2882, 3019, 3148, 3285, 3306, 3440]","[472, 696, 1058, 1551, 1938, 2205, 3148]","[228, 1016, 1443, 1590, 1713, 2388, 2575, 2615, 2672, 2679, 2759, 2810, 2823, 2867, 2882, 3019, 3285, 3306, 3440]","[472, 696, 1058, 1551, 1938, 2205, 3148]",3802,26,3776,7,19,3776,0
3.0,HSSSPN1AG,"[8, 152, 155, 399, 409, 418, 589, 1343, 1402, 1434, 1635, 1809, 2066, 2280, 2330, 2652, 2975, 3028, 3073, 3360, 3491, 3518, 3699, 3781, 3934, 4053, 4087]","[1343, 1635, 1809, 3360, 3491]","[8, 152, 155, 399, 409, 418, 589, 1402, 1434, 2066, 2280, 2330, 2652, 2975, 3028, 3073, 3518, 3699, 3781, 3934, 4053, 4087]","[1343, 1635, 1809, 3360, 3491]",4088,27,4061,5,22,4061,0
3.0,HSSURF3,"[200, 284, 288, 403, 566, 656, 743, 813, 1033, 1110, 1294, 1692, 2048, 2160, 2209, 2321, 2393, 2411, 2415, 2721, 2729, 2936, 3074, 3226]","[284, 1033, 1692, 2048, 2321, 2729, 3074]","[200, 288, 403, 566, 656, 743, 813, 1110, 1294, 2160, 2209, 2393, 2411, 2415, 2721, 2936, 3226]","[284, 1033, 1692, 2048, 2321, 2729, 3074]",3407,24,3383,7,17,3383,0
3.0,HSTNFB,"[143, 189, 372, 836, 980, 1202, 1309, 1375, 2506, 2691, 2888, 3015]",[1375],"[143, 189, 372, 836, 980, 1202, 1309, 2506, 2691, 2888, 3015]","[1375, 1567]",3029,12,3017,1,11,3016,1
3.0,HSTPI1G,"[123, 730, 746, 837, 919, 972, 1096, 1127, 1304, 1558, 1616, 1621, 1685, 1817, 2035, 2056, 2105, 2176, 2231, 2438, 2493, 2604, 2740, 2821, 3181, 3249, 3720, 3760, 3829, 3846, 4118, 4293, 4330, 4376, 4547, 4651, 4827, 4845, 4849, 4868]","[746, 2035, 2231, 2438, 2821, 3181]","[123, 730, 837, 919, 972, 1096, 1127, 1304, 1558, 1616, 1621, 1685, 1817, 2056, 2105, 2176, 2493, 2604, 2740, 3249, 3720, 3760, 3829, 3846, 4118, 4293, 4330, 4376, 4547, 4651, 4827, 4845, 4849, 4868]","[746, 2035, 2231, 2438, 2821, 3181]",4987,40,4947,6,34,4947,0
3.0,HSTUBAG,"[71, 96, 158, 536, 984, 1277, 1457, 1498, 1912, 2065, 2221, 2287, 2310, 2337, 2584, 3419, 3441, 3474, 3569, 3623, 3706, 3733, 3759, 3777, 3815, 3843, 3887]","[536, 2287, 2584]","[71, 96, 158, 984, 1277, 1457, 1498, 1912, 2065, 2221, 2310, 2337, 3419, 3441, 3474, 3569, 3623, 3706, 3733, 3759, 3777, 3815, 3843, 3887]","[536, 2287, 2584]",4079,27,4052,3,24,4052,0
3.0,HSU01102,"[192, 222, 275, 373, 668, 745, 817, 858, 1671, 1711, 1939, 1943, 2082, 2192, 2210, 2242, 2568, 2632, 2732, 2746, 2875, 3273, 3275, 3393, 3896, 4008, 4040, 4166, 4611, 4655]","[668, 3896]","[192, 222, 275, 373, 745, 817, 858, 1671, 1711, 1939, 1943, 2082, 2192, 2210, 2242, 2568, 2632, 2732, 2746, 2875, 3273, 3275, 3393, 4008, 4040, 4166, 4611, 4655]","[668, 3896]",4987,30,4957,2,28,4957,0
3.0,HSU04357,"[97, 123, 132, 192, 310, 366, 792, 800, 1107, 1201, 1239, 1342, 1650, 1882, 1953, 1963]","[97, 1342]","[123, 132, 192, 310, 366, 792, 800, 1107, 1201, 1239, 1650, 1882, 1953, 1963]","[97, 1342]",2074,16,2058,2,14,2058,0
3.0,HSU04636,"[97, 103, 176, 465, 673, 749, 852, 1018, 1449, 1856, 1935, 2199, 2262, 2426, 2440, 2561, 2605, 2761, 2996, 3000, 3143, 3264, 3426, 3608, 3849, 3965, 4024, 4362, 4424, 4677, 5359, 5719, 5723, 5870, 6008, 6340, 6533, 6653, 6706, 6760, 7357, 7768, 8108, 8301, 8483, 8640, 9044]","[1018, 1935, 2199, 2996, 3608, 4424, 5359, 6008]","[97, 103, 176, 465, 673, 749, 852, 1449, 1856, 2262, 2426, 2440, 2561, 2605, 2761, 3000, 3143, 3264, 3426, 3849, 3965, 4024, 4362, 4677, 5719, 5723, 5870, 6340, 6533, 6653, 6706, 6760, 7357, 7768, 8108, 8301, 8483, 8640, 9044]","[1018, 1935, 2199, 2996, 3608, 4424, 4790, 5359, 6008]",9445,47,9398,8,39,9397,1
3.0,HSU05259,"[164, 499, 632, 644, 655, 782, 814, 951, 1177, 1773, 1891, 2051, 2055, 2091, 2173, 2435, 2571, 2678, 2685, 2774, 2859, 3045, 3109, 3387, 3483, 3672, 3937, 4128, 4139, 4150, 4281, 4505, 4642, 4871, 5090, 5264]","[782, 2685, 3045, 4128]","[164, 499, 632, 644, 655, 814, 951, 1177, 1773, 1891, 2051, 2055, 2091, 2173, 2435, 2571, 2678, 2774, 2859, 3109, 3387, 3483, 3672, 3937, 4139, 4150, 4281, 4505, 4642, 4871, 5090, 5264]","[782, 2685, 3045, 4128]",5662,36,5626,4,32,5626,0
3.0,HSU07807,"[253, 454, 459, 484, 609, 614, 757, 1040, 1362, 1848, 1983, 1991, 2047, 2481, 2568, 2652, 2736, 2873, 3386, 3395, 3446, 3509, 3541, 3664, 4350, 4638, 4725]","[757, 3386]","[253, 454, 459, 484, 609, 614, 1040, 1362, 1848, 1983, 1991, 2047, 2481, 2568, 2652, 2736, 2873, 3395, 3446, 3509, 3541, 3664, 4350, 4638, 4725]","[757, 3386]",4831,27,4804,2,25,4804,0
3.0,HSU07983,"[101, 170, 283, 287, 354, 390, 406, 621, 1286]",[390],"[101, 170, 283, 287, 354, 406, 621, 1286]",[390],1418,9,1409,1,8,1409,0
3.0,HSU08198,"[139, 311, 583, 613, 645, 676, 707, 895, 1072, 1124, 1147, 1151, 1316, 1392, 1601, 1684, 1689, 1811, 1845, 1892, 1900, 2056]","[583, 895, 1124, 1316, 1689, 1811]","[139, 311, 613, 645, 676, 707, 1072, 1147, 1151, 1392, 1601, 1684, 1845, 1892, 1900, 2056]","[583, 895, 1124, 1316, 1689, 1811]",2336,22,2314,6,16,2314,0
3.0,HSU12421,"[6, 227, 311, 315, 444, 583, 945, 957, 999, 1044, 1384, 1400, 1706, 1854, 1882, 1941, 2080, 2158, 2255, 2291, 2334, 2434, 2517, 2624, 2668, 3216, 3242, 3287, 3349, 3573, 3577, 3705, 3740, 3747, 3822, 3869, 3910]","[311, 2080]","[6, 227, 315, 444, 583, 945, 957, 999, 1044, 1384, 1400, 1706, 1854, 1882, 1941, 2158, 2255, 2291, 2334, 2434, 2517, 2624, 2668, 3216, 3242, 3287, 3349, 3573, 3577, 3705, 3740, 3747, 3822, 3869, 3910]","[311, 2080]",4250,37,4213,2,35,4213,0
3.0,HSUBR,"[219, 251, 374, 417, 564, 957, 1080, 1518, 1549, 1589, 2316, 2324, 2489, 3005, 3124]","[1589, 2324]","[219, 251, 374, 417, 564, 957, 1080, 1518, 1549, 2316, 2489, 3005, 3124]","[1589, 2324]",3287,15,3272,2,13,3272,0
3.0,HSXBXVIII,"[343, 417, 442, 473, 529, 579, 644, 701, 1059, 1133, 1158, 1176, 1189, 1193, 1199, 1203, 1213, 1671, 2137, 2491, 2578, 2596, 2723, 2781, 2785, 2897, 3019, 3026, 3061, 3074, 3099, 3123, 3175, 3248, 3293, 3333, 3339, 3345, 3371, 3729, 3803, 3828, 3859, 3884, 3929, 4456, 4530, 4555, 4586, 5320, 5362, 5401, 5486, 5490, 6115, 6193, 6240, 6599, 6733, 6855, 7073, 7675, 8174, 8274, 8302, 8850, 8934, 8943, 9410, 9475, 9552, 9633, 10043, 10077, 10107, 10136, 10425, 10464, 10629, 10687, 10701, 10723, 10737, 10911, 10960, 11162, 11196, 11253, 11310, 11405, 11589, 11615, 11714, 11769, 11843, 11856, 11870, 12085, 12311, 12408, 12416, 12693]","[11405, 11589, 11843, 12085]","[343, 417, 442, 473, 529, 579, 644, 701, 1059, 1133, 1158, 1176, 1189, 1193, 1199, 1203, 1213, 1671, 2137, 2491, 2578, 2596, 2723, 2781, 2785, 2897, 3019, 3026, 3061, 3074, 3099, 3123, 3175, 3248, 3293, 3333, 3339, 3345, 3371, 3729, 3803, 3828, 3859, 3884, 3929, 4456, 4530, 4555, 4586, 5320, 5362, 5401, 5486, 5490, 6115, 6193, 6240, 6599, 6733, 6855, 7073, 7675, 8174, 8274, 8302, 8850, 8934, 8943, 9410, 9475, 9552, 9633, 10043, 10077, 10107, 10136, 10425, 10464, 10629, 10687, 10701, 10723, 10737, 10911, 10960, 11162, 11196, 11253, 11310, 11615, 11714, 11769, 11856, 11870, 12311, 12408, 12416, 12693]","[11405, 11589, 11843, 12085]",12630,102,12528,4,98,12528,0
3.0,HSZNGP1,"[445, 518, 565, 932, 997, 1142, 1307, 1673, 1684, 1765, 2672, 3191, 3270, 3608, 4109, 4312, 4718, 4777, 4886, 5026, 5073, 5295, 5589, 5594, 5623, 5666, 5752, 5805, 5990, 6022, 6144, 6347, 6402, 6435, 6586, 6632, 6665, 7275, 7410, 7454, 8313, 8588, 8597, 8603, 8615, 8762, 8986, 8991, 9067, 9113, 9300, 9762]","[518, 4718, 8313]","[445, 565, 932, 997, 1142, 1307, 1673, 1684, 1765, 2672, 3191, 3270, 3608, 4109, 4312, 4777, 4886, 5026, 5073, 5295, 5589, 5594, 5623, 5666, 5752, 5805, 5990, 6022, 6144, 6347, 6402, 6435, 6586, 6632, 6665, 7275, 7410, 7454, 8588, 8597, 8603, 8615, 8762, 8986, 8991, 9067, 9113, 9300, 9762]","[518, 4718, 8313]",9815,52,9763,3,49,9763,0
3.0,HUMADAG,"[8, 47, 73, 710, 1012, 1241, 1309, 1355, 1609, 1677, 1947, 1951, 2001, 2050, 2055, 2405, 2418, 2423, 2455, 2500, 2578, 2756, 2769, 2805, 3343, 3539, 3737, 3746, 4064, 4501, 4521, 4549, 4623, 4817, 4900, 5136, 5141, 5267, 5278, 5296, 5341, 5423, 5657, 5751, 5773, 5828, 5871, 6192, 6211, 6261, 6277, 6615, 6630, 6978, 7179, 7184, 7249, 7356, 7568, 7938, 7980, 7982, 8160, 8421, 8876, 8948, 8957, 9072, 9092, 9467, 9628, 9665, 9863, 9946, 9988, 10139, 10243, 10515, 10977, 11124, 11162, 11190, 11262, 11303, 11568, 11651, 11763, 11804, 11825, 12068, 12435, 12498, 12555, 12584, 13187, 13314, 13416, 13458, 13503, 13521, 13553, 14450, 14833, 15069, 15395, 15582, 15661, 15857, 15875, 15907, 15955, 16030, 16262, 17025, 17067, 17161, 17205, 17401, 17492, 17850, 18096, 18415, 18465, 18482, 18514, 18637, 19230, 19292, 19437, 19529, 19940, 20245, 20776, 21006, 21015, 21020, 21027, 21114, 21399, 21499, 22419, 22592, 22735, 22747, 22887, 23112, 23621, 23649, 23724, 23808, 23861, 24039, 24080, 24165, 24224, 24260, 24626, 24645, 24752, 25434, 25532, 25540, 25869, 26052, 26150, 26313, 26467, 26603, 26649, 26810, 26891, 26912, 27028, 27206, 27250, 27303, 27432, 27585, 28038, 28083, 28099, 28255, 28362, 28479, 28712, 28722, 28810, 28977, 28987, 28992, 29052, 29419, 29700, 29704, 29939, 30609, 30614, 30766, 30860, 31115, 31144, 31158, 31203, 31304, 31313, 31342, 31644, 31682, 32243, 32470, 32497, 32675, 32916, 33343, 33626, 33782, 33952, 33998, 34262, 34279, 34484, 34494, 34578, 34742, 35203, 35365, 36268, 36357, 36733]","[4064, 19292, 26467, 29052, 29939, 31304, 32497, 32675, 32916, 34484, 35203]","[8, 47, 73, 710, 1012, 1241, 1309, 1355, 1609, 1677, 1947, 1951, 2001, 2050, 2055, 2405, 2418, 2423, 2455, 2500, 2578, 2756, 2769, 2805, 3343, 3539, 3737, 3746, 4501, 4521, 4549, 4623, 4817, 4900, 5136, 5141, 5267, 5278, 5296, 5341, 5423, 5657, 5751, 5773, 5828, 5871, 6192, 6211, 6261, 6277, 6615, 6630, 6978, 7179, 7184, 7249, 7356, 7568, 7938, 7980, 7982, 8160, 8421, 8876, 8948, 8957, 9072, 9092, 9467, 9628, 9665, 9863, 9946, 9988, 10139, 10243, 10515, 10977, 11124, 11162, 11190, 11262, 11303, 11568, 11651, 11763, 11804, 11825, 12068, 12435, 12498, 12555, 12584, 13187, 13314, 13416, 13458, 13503, 13521, 13553, 14450, 14833, 15069, 15395, 15582, 15661, 15857, 15875, 15907, 15955, 16030, 16262, 17025, 17067, 17161, 17205, 17401, 17492, 17850, 18096, 18415, 18465, 18482, 18514, 18637, 19230, 19437, 19529, 19940, 20245, 20776, 21006, 21015, 21020, 21027, 21114, 21399, 21499, 22419, 22592, 22735, 22747, 22887, 23112, 23621, 23649, 23724, 23808, 23861, 24039, 24080, 24165, 24224, 24260, 24626, 24645, 24752, 25434, 25532, 25540, 25869, 26052, 26150, 26313, 26603, 26649, 26810, 26891, 26912, 27028, 27206, 27250, 27303, 27432, 27585, 28038, 28083, 28099, 28255, 28362, 28479, 28712, 28722, 28810, 28977, 28987, 28992, 29419, 29700, 29704, 30609, 30614, 30766, 30860, 31115, 31144, 31158, 31203, 31313, 31342, 31644, 31682, 32243, 32470, 33343, 33626, 33782, 33952, 33998, 34262, 34279, 34494, 34578, 34742, 35365, 36268, 36357, 36733]","[4064, 19292, 26467, 29052, 29939, 31304, 32497, 32675, 32916, 34484, 35203]",36733,229,36504,11,218,36504,0
3.0,HUMADPRF02,"[90, 277, 359, 514, 638, 1250, 1308, 1325, 1338, 1456, 1650, 1937, 2102, 2267, 2306, 2953, 2972, 3035, 3305, 3392, 3994, 4213, 4223, 4253, 4279, 4732, 4870, 5150]","[359, 1308, 1650]","[90, 277, 514, 638, 1250, 1325, 1338, 1456, 1937, 2102, 2267, 2306, 2953, 2972, 3035, 3305, 3392, 3994, 4213, 4223, 4253, 4279, 4732, 4870, 5150]","[359, 1308, 1650]",5159,28,5131,3,25,5131,0
3.0,HUMAPEXN,"[137, 349, 967, 1032, 1151, 1190, 1268, 1347, 1364, 1368, 1376, 1465, 1530, 1535, 1589, 1693, 1863, 2233, 2341, 2428, 2432, 2563, 2622, 2781, 2814, 2850]","[1465, 1863, 2622]","[137, 349, 967, 1032, 1151, 1190, 1268, 1347, 1364, 1368, 1376, 1530, 1535, 1589, 1693, 2233, 2341, 2428, 2432, 2563, 2781, 2814, 2850]","[1465, 1863, 2622]",3722,26,3696,3,23,3696,0
3.0,HUMAPOCII,"[70, 102, 184, 198, 349, 501, 547, 571, 589, 699, 811, 891, 930, 1075, 1107, 1147, 1230, 1263, 1434, 1557, 1778, 1789, 1837, 1856, 1980, 1985, 2187, 2219, 2255, 2305, 2321, 2353, 2405, 2467, 2630, 2642, 2760, 2995, 3223, 3279, 3321, 4263]","[2995, 3321]","[70, 102, 184, 198, 349, 501, 547, 571, 589, 699, 811, 891, 930, 1075, 1107, 1147, 1230, 1263, 1434, 1557, 1778, 1789, 1837, 1856, 1980, 1985, 2187, 2219, 2255, 2305, 2321, 2353, 2405, 2467, 2630, 2642, 2760, 3223, 3279, 4263]","[2995, 3321]",4332,42,4290,2,40,4290,0
3.0,HUMAPOE4,"[166, 281, 617, 1064, 1091, 1225, 1294, 1324, 1506, 1575, 1773, 1914, 2365, 2409, 2611, 3021, 3156, 3200, 3234, 3962, 4001, 4032, 4166, 4292, 4304, 4313, 4445, 5225]","[1914, 3200]","[166, 281, 617, 1064, 1091, 1225, 1294, 1324, 1506, 1575, 1773, 2365, 2409, 2611, 3021, 3156, 3234, 3962, 4001, 4032, 4166, 4292, 4304, 4313, 4445, 5225]","[1914, 3200]",5507,28,5479,2,26,5479,0
3.0,HUMATPGG,"[156, 203, 213, 285, 313, 676, 708, 831, 1290, 1445, 1727, 1762, 1902, 2553, 2601, 2648, 2677, 2819, 2891, 2905, 2937, 3025, 3180, 3446, 3691, 4064, 4114, 4293, 4578, 5307, 5627, 5833, 5882, 5919, 5953, 6009, 6118, 6191, 6323, 6534, 6749, 7311, 7456, 7488, 7833, 7885, 7908, 8017, 8198, 8227, 8620, 8710, 9179, 9271, 9299, 9308, 9315, 9436, 9672, 9691, 9778, 10001, 10015, 10190, 10208, 10354, 10406, 10478, 10624, 10635, 10770, 10861, 11018, 11405, 11435, 11928, 12001, 12074, 12415, 12511, 12549, 12987, 13136, 13458, 13592, 13775, 14032, 14100, 14110, 14276, 14470, 14537, 14755]","[1445, 1727, 1902, 2677, 4293, 5307, 6118, 6534, 6749, 7456, 8198, 9436, 9672, 10190, 11405, 12074, 14100, 14276]","[156, 203, 213, 285, 313, 676, 708, 831, 1290, 1762, 2553, 2601, 2648, 2819, 2891, 2905, 2937, 3025, 3180, 3446, 3691, 4064, 4114, 4578, 5627, 5833, 5882, 5919, 5953, 6009, 6191, 6323, 7311, 7488, 7833, 7885, 7908, 8017, 8227, 8620, 8710, 9179, 9271, 9299, 9308, 9315, 9691, 9778, 10001, 10015, 10208, 10354, 10406, 10478, 10624, 10635, 10770, 10861, 11018, 11435, 11928, 12001, 12415, 12511, 12549, 12987, 13136, 13458, 13592, 13775, 14032, 14110, 14470, 14537, 14755]","[1445, 1727, 1902, 2677, 4293, 4749, 5307, 6118, 6534, 6749, 7456, 8198, 9436, 9672, 9946, 10190, 11405, 12074, 13663, 14100, 14276]",15107,93,15014,18,75,15011,3
3.0,HUMBETGLOA,"[52, 351, 376, 601, 687, 920, 942, 958, 1176, 1264, 1311, 1395, 2016, 2475, 2559, 2931]","[958, 1311]","[52, 351, 376, 601, 687, 920, 942, 1176, 1264, 1395, 2016, 2475, 2559, 2931]","[958, 1311]",2994,16,2978,2,14,2978,0
3.0,HUMBETGLOB,"[52, 349, 374, 599, 685, 918, 940, 956, 1174, 1262, 1309, 1393, 2014, 2473, 2557, 2929]","[956, 1309]","[52, 349, 374, 599, 685, 918, 940, 1174, 1262, 1393, 2014, 2473, 2557, 2929]","[956, 1309]",2992,16,2976,2,14,2976,0
3.0,HUMBETGLOC,"[52, 351, 376, 601, 687, 920, 942, 958, 1176, 1264, 1311, 1395, 2016, 2475, 2559, 2931]","[958, 1311]","[52, 351, 376, 601, 687, 920, 942, 1176, 1264, 1395, 2016, 2475, 2559, 2931]","[958, 1311]",2994,16,2978,2,14,2978,0
3.0,HUMBETGLOD,"[52, 351, 376, 601, 687, 920, 942, 958, 1176, 1264, 1311, 1395, 2016, 2475, 2559, 2931]","[958, 1311]","[52, 351, 376, 601, 687, 920, 942, 1176, 1264, 1395, 2016, 2475, 2559, 2931]","[958, 1311]",2994,16,2978,2,14,2978,0
3.0,HUMBETGLOE,"[52, 349, 374, 599, 685, 918, 940, 956, 1174, 1262, 1309, 1393, 2014, 2473, 2557, 2929]","[956, 1309]","[52, 349, 374, 599, 685, 918, 940, 1174, 1262, 1393, 2014, 2473, 2557, 2929]","[956, 1309]",2992,16,2976,2,14,2976,0
3.0,HUMBETGLOF,"[52, 351, 376, 601, 687, 920, 942, 958, 1176, 1264, 1311, 1395, 2016, 2475, 2559, 2931]","[958, 1311]","[52, 351, 376, 601, 687, 920, 942, 1176, 1264, 1395, 2016, 2475, 2559, 2931]","[958, 1311]",2994,16,2978,2,14,2978,0
3.0,HUMBETGLOG,"[52, 351, 376, 601, 687, 920, 942, 958, 1176, 1264, 1311, 1395, 2016, 2475, 2559, 2931]","[958, 1311]","[52, 351, 376, 601, 687, 920, 942, 1176, 1264, 1395, 2016, 2475, 2559, 2931]","[958, 1311]",2994,16,2978,2,14,2978,0
3.0,HUMBETGLOH,"[52, 351, 376, 601, 687, 920, 942, 958, 1176, 1264, 1311, 1395, 2016, 2475, 2559, 2931]","[958, 1311]","[52, 351, 376, 601, 687, 920, 942, 1176, 1264, 1395, 2016, 2475, 2559, 2931]","[958, 1311]",2994,16,2978,2,14,2978,0
3.0,HUMBETGLOI,"[52, 349, 374, 599, 685, 918, 940, 956, 1174, 1262, 1309, 1393, 2014, 2473, 2557, 2929]","[956, 1309]","[52, 349, 374, 599, 685, 918, 940, 1174, 1262, 1393, 2014, 2473, 2557, 2929]","[956, 1309]",2992,16,2976,2,14,2976,0
3.0,HUMBETGLOJ,"[52, 349, 374, 599, 685, 918, 940, 956, 1174, 1262, 1309, 1393, 2014, 2473, 2557, 2929]","[956, 1309]","[52, 349, 374, 599, 685, 918, 940, 1174, 1262, 1393, 2014, 2473, 2557, 2929]","[956, 1309]",2992,16,2976,2,14,2976,0
3.0,HUMBETGLOK,"[52, 349, 374, 599, 685, 918, 940, 956, 1174, 1262, 1309, 1393, 2014, 2473, 2557, 2929]","[956, 1309]","[52, 349, 374, 599, 685, 918, 940, 1174, 1262, 1393, 2014, 2473, 2557, 2929]","[956, 1309]",2992,16,2976,2,14,2976,0
3.0,HUMBETGLOL,"[52, 349, 374, 599, 685, 918, 940, 956, 1174, 1262, 1309, 1393, 2014, 2473, 2557, 2929]","[956, 1309]","[52, 349, 374, 599, 685, 918, 940, 1174, 1262, 1393, 2014, 2473, 2557, 2929]","[956, 1309]",2992,16,2976,2,14,2976,0
3.0,HUMBETGLOM,"[52, 348, 373, 598, 684, 917, 939, 955, 1173, 1261, 1308, 1392, 2013, 2472, 2556, 2928]","[955, 1308]","[52, 348, 373, 598, 684, 917, 939, 1173, 1261, 1392, 2013, 2472, 2556, 2928]","[955, 1308]",2991,16,2975,2,14,2975,0
3.0,HUMBETGLON,"[52, 349, 374, 599, 685, 918, 940, 956, 1174, 1262, 1309, 1393, 2014, 2473, 2557, 2929]","[956, 1309]","[52, 349, 374, 599, 685, 918, 940, 1174, 1262, 1393, 2014, 2473, 2557, 2929]","[956, 1309]",2992,16,2976,2,14,2976,0
3.0,HUMBETGLOO,"[52, 349, 374, 599, 685, 918, 940, 956, 1174, 1262, 1309, 1393, 2014, 2473, 2557, 2929]","[956, 1309]","[52, 349, 374, 599, 685, 918, 940, 1174, 1262, 1393, 2014, 2473, 2557, 2929]","[956, 1309]",2992,16,2976,2,14,2976,0
3.0,HUMBETGLOP,"[52, 349, 374, 599, 685, 918, 940, 956, 1174, 1262, 1309, 1393, 2014, 2473, 2557, 2929]","[956, 1309]","[52, 349, 374, 599, 685, 918, 940, 1174, 1262, 1393, 2014, 2473, 2557, 2929]","[956, 1309]",2992,16,2976,2,14,2976,0
3.0,HUMBETGLOR,"[52, 349, 374, 599, 685, 918, 940, 956, 1174, 1262, 1309, 1393, 2014, 2473, 2557, 2929]","[956, 1309]","[52, 349, 374, 599, 685, 918, 940, 1174, 1262, 1393, 2014, 2473, 2557, 2929]","[956, 1309]",2992,16,2976,2,14,2976,0
3.0,HUMCBRG,"[80, 90, 167, 237, 305, 567, 704, 1220, 2123, 2689, 2715, 2848, 2897, 2901, 2950, 3041]","[567, 1220]","[80, 90, 167, 237, 305, 704, 2123, 2689, 2715, 2848, 2897, 2901, 2950, 3041]","[567, 1220]",3318,16,3302,2,14,3302,0
3.0,HUMCHYMASE,"[501, 510, 646, 969, 1185, 1277, 1379, 1826, 2315, 3135, 3165, 3252, 3406, 3463, 3765, 3982, 4038, 4104, 5028, 5216, 5602, 5644, 5723, 5779, 6037, 6922, 7220, 7255, 7363, 7455, 7463, 8006, 8052]","[5216, 6037, 6922, 7363]","[501, 510, 646, 969, 1185, 1277, 1379, 1826, 2315, 3135, 3165, 3252, 3406, 3463, 3765, 3982, 4038, 4104, 5028, 5602, 5644, 5723, 5779, 7220, 7255, 7455, 7463, 8006, 8052]","[5216, 6037, 6922, 7363]",8107,33,8074,4,29,8074,0
3.0,HUMCP21OH,"[92, 126, 185, 408, 435, 463, 505, 622, 626, 634, 644, 947, 994, 1134, 1259, 1321, 1357, 1566, 1571, 1600, 1780, 1970, 2158, 2167, 2528, 2580, 2845, 2907, 2931, 3094, 3242, 3403, 3481, 3509, 3589, 3659, 3844]","[947, 1134, 1571, 1780, 1970, 2158, 2528, 2907, 3094]","[92, 126, 185, 408, 435, 463, 505, 622, 626, 634, 644, 994, 1259, 1321, 1357, 1566, 1600, 2167, 2580, 2845, 2931, 3242, 3403, 3481, 3509, 3589, 3659, 3844]","[947, 1134, 1571, 1780, 1970, 2158, 2528, 2907, 3094]",4034,37,3997,9,28,3997,0
3.0,HUMCP21OHC,"[92, 126, 185, 408, 435, 506, 623, 627, 635, 645, 948, 995, 1135, 1260, 1322, 1358, 1567, 1572, 1601, 1781, 1971, 2159, 2529, 2581, 2846, 2908, 2933, 3096, 3244, 3405, 3483, 3511, 3591, 3661, 3846]","[948, 1135, 1572, 1781, 1971, 2159, 2529, 2908, 3096]","[92, 126, 185, 408, 435, 506, 623, 627, 635, 645, 995, 1260, 1322, 1358, 1567, 1601, 2581, 2846, 2933, 3244, 3405, 3483, 3511, 3591, 3661, 3846]","[948, 1135, 1572, 1781, 1971, 2159, 2529, 2908, 3096]",4036,35,4001,9,26,4001,0
3.0,HUMCS1,"[85, 148, 304, 310, 429, 565, 669, 991, 1010, 1016, 1334, 1496, 1591, 1679, 1726, 2095, 2196, 2210]","[565, 991, 1334, 1591]","[85, 148, 304, 310, 429, 669, 1010, 1016, 1496, 1679, 1726, 2095, 2196, 2210]","[565, 991, 1334, 1591]",2293,18,2275,4,14,2275,0
3.0,HUMCS3,"[87, 150, 306, 312, 431, 566, 671, 991, 1010, 1016, 1120, 1334, 1493, 1588, 1724, 2098, 2200, 2214, 2520, 2728]","[566, 991, 1334, 1588]","[87, 150, 306, 312, 431, 671, 1010, 1016, 1120, 1493, 1724, 2098, 2200, 2214, 2520, 2728]","[566, 991, 1334, 1588]",2732,20,2712,4,16,2712,0
3.0,HUMCSN2A,"[122, 546, 591, 912, 1451, 1819, 1845, 2107, 2228, 2287, 2520, 3194, 3235, 3480, 3776, 4104, 4184, 4368, 4855, 5391, 5620, 5742, 5747, 6144, 6244, 6276, 6302, 6682, 6747, 6810, 6887, 6959, 7171, 7210, 7234, 7474, 7789, 8522, 8564, 8683, 8805, 9482, 10040]","[4855, 5747, 6747, 6887, 8522]","[122, 546, 591, 912, 1451, 1819, 1845, 2107, 2228, 2287, 2520, 3194, 3235, 3480, 3776, 4104, 4184, 4368, 5391, 5620, 5742, 6144, 6244, 6276, 6302, 6682, 6810, 6959, 7171, 7210, 7234, 7474, 7789, 8564, 8683, 8805, 9482, 10040]","[4855, 5747, 6747, 6887, 8522]",10600,43,10557,5,38,10557,0
3.0,HUMCSPA,"[455, 494, 982, 1239, 1883, 2216, 2276, 2372, 2477, 2929, 3026, 3200, 3392, 3455, 3608, 3691, 3819, 3837, 4526]","[982, 2276, 2929, 3392]","[455, 494, 1239, 1883, 2216, 2372, 2477, 3026, 3200, 3455, 3608, 3691, 3819, 3837, 4526]","[982, 2276, 2929, 3392]",4783,19,4764,4,15,4764,0
3.0,HUMCTLA1,"[440, 701, 705, 988, 1184, 1332, 1812, 1976, 2119, 2179, 2297, 2336, 2349, 2360, 2770, 3041, 3122, 3236, 3532, 3550, 3695, 3777, 4099]","[988, 2179, 2770, 3236]","[440, 701, 705, 1184, 1332, 1812, 1976, 2119, 2297, 2336, 2349, 2360, 3041, 3122, 3532, 3550, 3695, 3777, 4099]","[988, 2179, 2770, 3236]",4520,23,4497,4,19,4497,0
3.0,HUMDEF5A,"[97, 159, 296, 500, 677, 923, 980, 1387, 1571, 1719, 1922, 2196, 2276, 2299, 2323, 2601, 2618]",[1571],"[97, 159, 296, 500, 677, 923, 980, 1387, 1719, 1922, 2196, 2276, 2299, 2323, 2601, 2618]",[1571],2872,17,2855,1,16,2855,0
3.0,HUMDZA2G,"[24, 296, 333, 595, 631, 680, 691, 727, 829, 849, 1160, 1425, 1531, 1645, 1747, 1973, 1982, 2003, 2013, 2239, 2353, 2928, 3711, 3763, 3775, 3942, 4027, 4262, 4294, 4436, 4857, 5316, 5389, 5436, 5803, 5868, 6013, 6178, 6544, 6555, 6636, 7542, 8063, 8142, 8480, 8981, 9184, 9590, 9649, 9758, 9898, 9945, 10166, 10461, 10466, 10495, 10538, 10624, 10677, 10862, 10894, 11016, 11212, 11267, 11300, 11451, 11530, 12139, 12274, 12318, 13183, 13458, 13467, 13473, 13485, 13632, 13857, 13862, 13938, 13984, 14171, 14633]","[5389, 9590, 13183]","[24, 296, 333, 595, 631, 680, 691, 727, 829, 849, 1160, 1425, 1531, 1645, 1747, 1973, 1982, 2003, 2013, 2239, 2353, 2928, 3711, 3763, 3775, 3942, 4027, 4262, 4294, 4436, 4857, 5316, 5436, 5803, 5868, 6013, 6178, 6544, 6555, 6636, 7542, 8063, 8142, 8480, 8981, 9184, 9649, 9758, 9898, 9945, 10166, 10461, 10466, 10495, 10538, 10624, 10677, 10862, 10894, 11016, 11212, 11267, 11300, 11451, 11530, 12139, 12274, 12318, 13458, 13467, 13473, 13485, 13632, 13857, 13862, 13938, 13984, 14171, 14633]","[5389, 9590, 13183]",14686,82,14604,3,79,14604,0
3.0,HUMELAFIN,"[208, 326, 338, 557, 786, 802, 839, 1089, 1351, 1456, 1461, 1517, 1534, 1559]",[326],"[208, 338, 557, 786, 802, 839, 1089, 1351, 1456, 1461, 1517, 1534, 1559]",[326],1870,14,1856,1,13,1856,0
3.0,HUMEPOHYDD,"[504, 776, 845, 1048, 1107, 1351, 1470, 1724, 1863, 1951, 2121, 2164, 2190, 2283, 2289, 2464, 2523, 2801, 2972, 2990, 3022, 3069, 3143, 3327, 3443, 3451, 3635, 3680, 4151, 4407, 4725, 4900, 4996, 5057, 5656, 5700, 5814, 5979, 5997, 6103, 6115, 6277, 6289, 6389, 6422, 6537, 6542, 6599, 6758, 6950, 7098, 7261, 7946, 8217, 8650, 8696, 8728, 9045, 9091, 9132, 9213, 9328, 9470, 9489, 9564, 9709, 10042, 10184, 10319, 10351, 10392, 10475, 10621, 10778, 10872, 10965, 11088, 11192, 11282, 11772, 11832, 12105, 12409, 12570, 12625, 12819, 12924, 12928, 13058, 13103, 13241, 13279, 13322, 13416, 13651, 13804, 13810, 13815, 13924, 14095, 14107, 14168, 14420, 14606, 15062, 15197, 15227, 15415, 15620, 15666, 15705, 15831, 15858, 16085, 16105, 16172, 16324, 16708, 16771, 16775, 16885, 17075, 17080, 17170, 17238, 17489, 17789, 17805, 17810, 17870, 18254, 18296, 18298, 18395, 18573, 18823, 18887, 18944, 19118, 19204, 19373, 19698, 19814, 19867, 19920, 20118, 20318, 20545, 20674, 20683, 20720, 20857, 20883, 20926, 20954, 20979, 20994, 20998, 21354, 21468, 21539, 21648, 21715, 21772, 21941, 21945, 22251, 22539, 22603, 22856, 22952, 22980, 23010, 23217, 23497, 23652, 23927, 24312, 24408, 24469, 24481, 24592, 24629, 24773]","[5656, 8696, 15620, 16085, 16775, 19204, 21354]","[504, 776, 845, 1048, 1107, 1351, 1470, 1724, 1863, 1951, 2121, 2164, 2190, 2283, 2289, 2464, 2523, 2801, 2972, 2990, 3022, 3069, 3143, 3327, 3443, 3451, 3635, 3680, 4151, 4407, 4725, 4900, 4996, 5057, 5700, 5814, 5979, 5997, 6103, 6115, 6277, 6289, 6389, 6422, 6537, 6542, 6599, 6758, 6950, 7098, 7261, 7946, 8217, 8650, 8728, 9045, 9091, 9132, 9213, 9328, 9470, 9489, 9564, 9709, 10042, 10184, 10319, 10351, 10392, 10475, 10621, 10778, 10872, 10965, 11088, 11192, 11282, 11772, 11832, 12105, 12409, 12570, 12625, 12819, 12924, 12928, 13058, 13103, 13241, 13279, 13322, 13416, 13651, 13804, 13810, 13815, 13924, 14095, 14107, 14168, 14420, 14606, 15062, 15197, 15227, 15415, 15666, 15705, 15831, 15858, 16105, 16172, 16324, 16708, 16771, 16885, 17075, 17080, 17170, 17238, 17489, 17789, 17805, 17810, 17870, 18254, 18296, 18298, 18395, 18573, 18823, 18887, 18944, 19118, 19373, 19698, 19814, 19867, 19920, 20118, 20318, 20545, 20674, 20683, 20720, 20857, 20883, 20926, 20954, 20979, 20994, 20998, 21468, 21539, 21648, 21715, 21772, 21941, 21945, 22251, 22539, 22603, 22856, 22952, 22980, 23010, 23217, 23497, 23652, 23927, 24312, 24408, 24469, 24481, 24592, 24629, 24773]","[5656, 8696, 15620, 16085, 16775, 19204, 21354]",24782,184,24598,7,177,24598,0
3.0,HUMG0S24B,"[91, 103, 631, 658, 812, 855, 1005, 1133, 1182, 1264, 1331, 1415, 2413, 2598, 2785, 3102]",[631],"[91, 103, 658, 812, 855, 1005, 1133, 1182, 1264, 1331, 1415, 2413, 2598, 2785, 3102]",[631],3127,16,3111,1,15,3111,0
3.0,HUMG0S8PP,"[91, 216, 401, 545, 660, 743, 784, 942, 1230, 1379, 1523, 2148, 2152, 2682, 2744, 2826, 2842, 2853, 3036, 3166, 3170, 3467, 3558, 3768, 3836, 3840, 3932, 4113, 4399, 4646, 5361, 5877, 6062, 6236, 7286]","[2682, 3768, 3932, 4646]","[91, 216, 401, 545, 660, 743, 784, 942, 1230, 1379, 1523, 2148, 2152, 2744, 2826, 2842, 2853, 3036, 3166, 3170, 3467, 3558, 3836, 3840, 4113, 4399, 5361, 5877, 6062, 6236, 7286]","[2682, 3768, 3932, 4646]",7337,35,7302,4,31,7302,0
3.0,HUMGAD45A,"[11, 392, 628, 927, 1042, 1114, 1215, 1292, 1321, 1425, 1558, 1628, 1761, 2266, 2457, 2461, 2596, 2655, 2968, 3006, 3092, 3184, 3639, 3645, 3730, 3734, 3880, 4167, 4171, 4396, 4402, 4427, 4828, 4956, 5015]","[2596, 3184, 3645]","[11, 392, 628, 927, 1042, 1114, 1215, 1292, 1321, 1425, 1558, 1628, 1761, 2266, 2457, 2461, 2655, 2968, 3006, 3092, 3639, 3730, 3734, 3880, 4167, 4171, 4396, 4402, 4427, 4828, 4956, 5015]","[2596, 3184, 3645]",5370,35,5335,3,32,5335,0
3.0,HUMGARE,"[20, 25, 71, 309, 322, 590, 598, 609, 633, 810, 964, 1056, 1121, 1467, 1537, 1641, 1872, 1881, 2239, 2243, 2330, 2411, 2455, 2611, 2653, 2861, 2960, 2998, 3118, 3133, 3207, 3213, 3254, 3259, 3507, 3993, 4469, 4718]","[810, 2239, 2653, 3118]","[20, 25, 71, 309, 322, 590, 598, 609, 633, 964, 1056, 1121, 1467, 1537, 1641, 1872, 1881, 2243, 2330, 2411, 2455, 2611, 2861, 2960, 2998, 3133, 3207, 3213, 3254, 3259, 3507, 3993, 4469, 4718]","[810, 2239, 2653, 3118]",4746,38,4708,4,34,4708,0
3.0,HUMGCK,"[304, 506, 573, 634, 725, 916, 1188, 1514, 1542, 1582, 1989, 2345, 2454, 2647, 2971, 3096, 3108, 3123, 3197, 3248, 3360, 3370, 3684, 3774, 3783, 3789, 3799, 3882, 3954, 4288, 4312, 4503, 4558, 4806, 4942, 4999, 5011, 5015, 5088, 5092, 5118, 5341, 5442, 5452, 5584, 5623, 5637, 5808, 5848, 5956, 5964, 5981, 6475, 6500, 6630, 6651, 6744, 6765, 6921, 6933, 6946, 7127, 7155, 7591]","[1188, 3360, 3882, 4312, 4806, 5015, 5452, 5964, 6475]","[304, 506, 573, 634, 725, 916, 1514, 1542, 1582, 1989, 2345, 2454, 2647, 2971, 3096, 3108, 3123, 3197, 3248, 3370, 3684, 3774, 3783, 3789, 3799, 3954, 4288, 4503, 4558, 4942, 4999, 5011, 5088, 5092, 5118, 5341, 5442, 5584, 5623, 5637, 5808, 5848, 5956, 5981, 6500, 6630, 6651, 6744, 6765, 6921, 6933, 6946, 7127, 7155, 7591]","[1188, 3360, 3882, 4312, 4806, 5015, 5452, 5964, 6475]",7519,64,7455,9,55,7455,0
3.0,HUMGFP40H,"[4, 11, 243, 278, 910, 1058, 1140, 1173, 1731, 1748, 1846, 1870, 1943, 2361, 2486, 2551, 2593, 2646, 2752, 2781, 3126, 3261, 3263, 3295, 3426, 3615, 3833, 4025, 4290, 4337]","[910, 1058, 1173, 2593]","[4, 11, 243, 278, 1140, 1731, 1748, 1846, 1870, 1943, 2361, 2486, 2551, 2646, 2752, 2781, 3126, 3261, 3263, 3295, 3426, 3615, 3833, 4025, 4290, 4337]","[910, 1058, 1173, 2593]",4371,30,4341,4,26,4341,0
3.0,HUMGHG,"[40, 79, 689, 946, 1590, 1923, 1983, 2079, 2184, 2636, 2733, 2907, 3099, 3162, 3315, 3398, 3526, 3544, 4218]","[689, 1983, 2636, 3099]","[40, 79, 946, 1590, 1923, 2079, 2184, 2733, 2907, 3162, 3315, 3398, 3526, 3544, 4218]","[689, 1983, 2636, 3099]",4444,19,4425,4,15,4425,0
3.0,HUMGHN,"[85, 144, 148, 199, 307, 313, 434, 569, 673, 1008, 1316, 1574, 2181, 2439, 2583]","[569, 1316, 1574]","[85, 144, 148, 199, 307, 313, 434, 673, 1008, 2181, 2439, 2583]","[569, 989, 1316, 1574]",2649,15,2634,3,12,2633,1
3.0,HUMGHV,"[86, 149, 198, 306, 312, 432, 464, 566, 1010, 1017, 1136, 1328, 1351, 1580, 1584, 2087, 2188, 2207, 2443, 2485]","[566, 1328, 1584]","[86, 149, 198, 306, 312, 432, 464, 1010, 1017, 1136, 1351, 1580, 2087, 2188, 2207, 2443, 2485]","[566, 998, 1328, 1584]",2652,20,2632,3,17,2631,1
3.0,HUMGSTM4A,"[116, 516, 777, 781, 813, 1139, 1272, 1535, 1631, 1844, 2024, 2098, 2124, 2225, 2565, 2573, 2880, 2888, 2925, 3023, 3262, 3463, 3700, 3753, 3933, 3996, 4072, 4160, 4225, 4279, 4306, 4311, 4425, 4760, 4791, 4798, 4913, 4991, 5152, 5226, 5262, 5623, 5629]","[777, 1139, 1631, 2024, 2225, 3262, 3463]","[116, 516, 781, 813, 1272, 1535, 1844, 2098, 2124, 2565, 2573, 2880, 2888, 2925, 3023, 3700, 3753, 3933, 3996, 4072, 4160, 4225, 4279, 4306, 4311, 4425, 4760, 4791, 4798, 4913, 4991, 5152, 5226, 5262, 5623, 5629]","[777, 1139, 1631, 2024, 2225, 3262, 3463]",6074,43,6031,7,36,6031,0
3.0,HUMHMGIY,"[310, 654, 720, 1075, 1337, 1472, 1557, 1961, 1967, 2136, 2388, 2558, 2578, 2704, 3280, 3749, 3875, 3978, 3983, 4055, 4410, 4416, 4529, 4627, 4648, 4660, 4711, 4773, 4781, 4785, 5150, 5444, 5461, 5496, 5569, 5619, 5722, 6012, 6274, 6422, 6544, 6673, 6687, 6776, 7016, 7038, 7089, 7102, 7133, 7166, 7270, 7274, 7315, 7420, 7449, 7463, 7629, 7781, 7962, 8043, 8047, 8361, 8374, 8507, 9134, 9199, 9286, 9390, 9424, 9791, 9823, 9995, 10022]","[4660, 6544, 7270]","[310, 654, 720, 1075, 1337, 1472, 1557, 1961, 1967, 2136, 2388, 2558, 2578, 2704, 3280, 3749, 3875, 3978, 3983, 4055, 4410, 4416, 4529, 4627, 4648, 4711, 4773, 4781, 4785, 5150, 5444, 5461, 5496, 5569, 5619, 5722, 6012, 6274, 6422, 6673, 6687, 6776, 7016, 7038, 7089, 7102, 7133, 7166, 7274, 7315, 7420, 7449, 7463, 7629, 7781, 7962, 8043, 8047, 8361, 8374, 8507, 9134, 9199, 9286, 9390, 9424, 9791, 9823, 9995, 10022]","[4660, 6544, 7270]",10098,73,10025,3,70,10025,0
3.0,HUMHOX13G,"[336, 380, 503, 811, 1102, 1131, 1451, 1653, 2083, 2405, 2502, 2576, 2652, 2796, 2828]",[811],"[336, 380, 503, 1102, 1131, 1451, 1653, 2083, 2405, 2502, 2576, 2652, 2796, 2828]",[811],3062,15,3047,1,14,3047,0
3.0,HUMHPARS1,"[20, 338, 573, 779, 967, 1046, 1113, 1300, 1320, 1655, 1886, 1907, 1961, 2005, 2105, 2327, 2362, 2449, 2475, 2632, 2648, 2984, 3020, 3096, 3337, 3496, 3855, 4015, 4708, 4744, 4820, 5061, 5220, 5577, 5730, 6373, 6499, 6620, 6790, 6889, 6948, 7164, 7217, 7221, 7231, 7510, 7569, 7692, 7696, 7752, 8126, 8485, 8703, 8717, 8728, 8994, 9085, 9189, 9344, 9570, 9649, 9904, 9924, 10183, 10406, 10408, 10466, 10488, 10563, 10607, 10668, 10772, 11363, 11385, 11460, 11502]","[1046, 2632, 3020, 3855, 4744, 5577]","[20, 338, 573, 779, 967, 1113, 1300, 1320, 1655, 1886, 1907, 1961, 2005, 2105, 2327, 2362, 2449, 2475, 2648, 2984, 3096, 3337, 3496, 4015, 4708, 4820, 5061, 5220, 5730, 6373, 6499, 6620, 6790, 6889, 6948, 7164, 7217, 7221, 7231, 7510, 7569, 7692, 7696, 7752, 8126, 8485, 8703, 8717, 8728, 8994, 9085, 9189, 9344, 9570, 9649, 9904, 9924, 10183, 10406, 10408, 10466, 10488, 10563, 10607, 10668, 10772, 11363, 11385, 11460, 11502]","[1046, 2632, 3020, 3855, 4744, 5577]",11543,76,11467,6,70,11467,0
3.0,HUMIBP3,"[182, 297, 854, 1260, 1284, 1409, 1473, 1556, 1685, 1701, 1718, 2149, 2221, 2441, 2457, 2584, 2687, 2715, 2845, 2849, 2935, 2951, 3048, 3142, 3149, 3153, 3356, 3635, 3924, 3984, 4247, 4262, 4304, 4342, 4358, 4406, 4476, 4713, 4924, 5122, 5197, 5323, 5394, 5534, 5553, 5586, 5735, 6064, 6375, 6425, 6617, 6621, 6764, 7087, 7184, 7377, 7471, 7842, 8250, 8353, 8677, 8756, 9118, 9458, 9873, 9945, 10031, 10425, 10602]","[2441, 6617]","[182, 297, 854, 1260, 1284, 1409, 1473, 1556, 1685, 1701, 1718, 2149, 2221, 2457, 2584, 2687, 2715, 2845, 2849, 2935, 2951, 3048, 3142, 3149, 3153, 3356, 3635, 3924, 3984, 4247, 4262, 4304, 4342, 4358, 4406, 4476, 4713, 4924, 5122, 5197, 5323, 5394, 5534, 5553, 5586, 5735, 6064, 6375, 6425, 6621, 6764, 7087, 7184, 7377, 7471, 7842, 8250, 8353, 8677, 8756, 9118, 9458, 9873, 9945, 10031, 10425, 10602]","[2441, 5953, 6617]",10876,69,10807,2,67,10806,1
3.0,HUMIDS,"[296, 372, 636, 672, 1160, 1685, 1797, 1972, 2038, 2060, 2064, 2248, 2356, 2376, 2769, 2860, 2882, 3140, 3216, 3243, 3321, 3374, 3731, 4119, 4174, 4684, 4778, 4865, 5244, 5385, 5446, 5641, 5850, 5864, 5876, 5927, 6071, 6173, 6178, 6964, 7093, 7095, 7368, 7784, 8086, 8266, 8277, 8364, 8494, 8557, 8721, 8796, 9161, 9282, 9286, 9391, 9526, 9541, 9554, 9819, 9847, 9897, 9965, 10120, 10170, 10235, 10734, 10877, 10987, 11136, 11158, 11182, 11397, 11401, 11928, 12302, 12325, 12329, 12855, 13103, 13812, 13919, 13969, 14036, 14124, 14169, 14418, 14645, 14655, 14702, 14808, 14980, 15205, 15210, 15473, 15575, 15579, 15596, 15654, 15803, 15879, 15901, 15968, 16084, 16088, 16829, 16844, 16993, 17881, 18130, 18292, 18335, 18552, 18689, 18976, 19046, 19095, 19268, 19301, 19483, 19537, 19599, 19657, 19747, 19916, 20032, 20044, 20114, 21158, 21216, 21250, 21311, 21624, 21640, 21795, 21930, 22055, 22264, 22309, 22369, 22455, 22524, 22536, 22809, 22814, 23415, 23494, 24330, 24724, 24865, 24873, 25403, 25482, 25514, 25554, 25810, 25819, 26308, 26943, 26975, 27097, 27785, 27983, 28311, 28627, 28773, 28973, 29043, 29070, 29300, 29338, 29400, 29441, 29518, 29555, 29710, 29830, 30034, 30255, 30261, 30339, 30410, 30436, 30535, 30554, 30602, 30612, 30773, 30999, 31004, 31038, 31046, 31147, 31179, 31515, 31914, 32027, 32099, 32333, 33318, 33667, 33900, 34107, 34423, 34645, 34665, 35521, 35535, 35761, 35766, 35777, 35860, 35958, 36195, 36682, 36718, 36726]","[1160, 2038, 2882, 5244, 8086, 9847, 15879, 19268]","[296, 372, 636, 672, 1685, 1797, 1972, 2060, 2064, 2248, 2356, 2376, 2769, 2860, 3140, 3216, 3243, 3321, 3374, 3731, 4119, 4174, 4684, 4778, 4865, 5385, 5446, 5641, 5850, 5864, 5876, 5927, 6071, 6173, 6178, 6964, 7093, 7095, 7368, 7784, 8266, 8277, 8364, 8494, 8557, 8721, 8796, 9161, 9282, 9286, 9391, 9526, 9541, 9554, 9819, 9897, 9965, 10120, 10170, 10235, 10734, 10877, 10987, 11136, 11158, 11182, 11397, 11401, 11928, 12302, 12325, 12329, 12855, 13103, 13812, 13919, 13969, 14036, 14124, 14169, 14418, 14645, 14655, 14702, 14808, 14980, 15205, 15210, 15473, 15575, 15579, 15596, 15654, 15803, 15901, 15968, 16084, 16088, 16829, 16844, 16993, 17881, 18130, 18292, 18335, 18552, 18689, 18976, 19046, 19095, 19301, 19483, 19537, 19599, 19657, 19747, 19916, 20032, 20044, 20114, 21158, 21216, 21250, 21311, 21624, 21640, 21795, 21930, 22055, 22264, 22309, 22369, 22455, 22524, 22536, 22809, 22814, 23415, 23494, 24330, 24724, 24865, 24873, 25403, 25482, 25514, 25554, 25810, 25819, 26308, 26943, 26975, 27097, 27785, 27983, 28311, 28627, 28773, 28973, 29043, 29070, 29300, 29338, 29400, 29441, 29518, 29555, 29710, 29830, 30034, 30255, 30261, 30339, 30410, 30436, 30535, 30554, 30602, 30612, 30773, 30999, 31004, 31038, 31046, 31147, 31179, 31515, 31914, 32027, 32099, 32333, 33318, 33667, 33900, 34107, 34423, 34645, 34665, 35521, 35535, 35761, 35766, 35777, 35860, 35958, 36195, 36682, 36718, 36726]","[1160, 2038, 2882, 5244, 8086, 9847, 15879, 19268]",36837,217,36620,8,209,36620,0
3.0,HUMIGERA,"[68, 106, 147, 627, 831, 1072, 1089, 1261, 1342, 1403, 1418, 1601, 1664, 1797, 2173, 2574, 3105, 3141, 3309, 3340, 3416, 3471, 3683, 4124, 4527, 4653, 4792, 4971, 5005, 5024, 5043, 5105, 5168, 5176, 5622, 5626, 5681, 5709, 6083, 6188, 6281, 6676, 7019, 7275]","[1342, 1797, 3105, 5168]","[68, 106, 147, 627, 831, 1072, 1089, 1261, 1403, 1418, 1601, 1664, 2173, 2574, 3141, 3309, 3340, 3416, 3471, 3683, 4124, 4527, 4653, 4792, 4971, 5005, 5024, 5043, 5105, 5176, 5622, 5626, 5681, 5709, 6083, 6188, 6281, 6676, 7019, 7275]","[1342, 1797, 3105, 5168]",7651,44,7607,4,40,7607,0
3.0,HUMIL2RGA,"[7, 11, 28, 203, 231, 735, 772, 817, 840, 1232, 1260, 1476, 1519, 1646, 1914, 1957, 1980, 2087, 2162, 2176, 2402, 2683, 2783, 2794, 2841, 3031, 3126, 3353, 3718, 3781, 4026]","[203, 735, 1476, 2402, 3031, 3353]","[7, 11, 28, 231, 772, 817, 840, 1232, 1260, 1519, 1646, 1914, 1957, 1980, 2087, 2162, 2176, 2683, 2783, 2794, 2841, 3126, 3718, 3781, 4026]","[203, 735, 1128, 1476, 2402, 3031, 3353]",4030,31,3999,6,25,3998,1
3.0,HUMIL4A,"[59, 67, 189, 290, 328, 407, 491, 596, 989, 1306, 1344, 1496, 1626, 1644, 1918, 2072, 2726, 2810, 3021, 3035, 3234, 3254, 3354, 3380, 3433, 3469, 3861, 3877, 4037, 4326, 4460, 4465, 4541, 4830, 4997, 5549, 5720, 6460, 6557, 6702, 6914, 7003, 7350, 7433, 7514, 7518, 7574, 7646, 7915, 7981, 8041, 8135, 8159, 8208, 8316, 8362, 8391, 8407, 8461, 8466, 8512, 8605, 8686, 8706, 9000, 9169, 9292, 9369, 9400, 9501, 9622]","[1306, 1626, 7003]","[59, 67, 189, 290, 328, 407, 491, 596, 989, 1344, 1496, 1644, 1918, 2072, 2726, 2810, 3021, 3035, 3234, 3254, 3354, 3380, 3433, 3469, 3861, 3877, 4037, 4326, 4460, 4465, 4541, 4830, 4997, 5549, 5720, 6460, 6557, 6702, 6914, 7350, 7433, 7514, 7518, 7574, 7646, 7915, 7981, 8041, 8135, 8159, 8208, 8316, 8362, 8391, 8407, 8461, 8466, 8512, 8605, 8686, 8706, 9000, 9169, 9292, 9369, 9400, 9501, 9622]","[1306, 1626, 7003]",9892,71,9821,3,68,9821,0
3.0,HUMIRBPG,"[509, 553, 786, 791, 964, 1285, 1420, 1487, 1516, 1819, 1823, 1861, 2338, 2419, 2428, 2593, 2776, 2935, 2944, 3181, 3221, 3263, 3550, 3837, 3861, 3995, 4331, 4554, 4599, 4606, 4612, 4672, 4677, 4686, 4736, 5069, 5157, 5171, 5340, 5556, 5568, 5575, 5579, 5838, 6337, 6592, 6975, 7160, 7261, 7759, 7948, 8440, 8713, 8766, 8885, 9086, 9193, 9262, 9308]","[3181, 5157, 7160]","[509, 553, 786, 791, 964, 1285, 1420, 1487, 1516, 1819, 1823, 1861, 2338, 2419, 2428, 2593, 2776, 2935, 2944, 3221, 3263, 3550, 3837, 3861, 3995, 4331, 4554, 4599, 4606, 4612, 4672, 4677, 4686, 4736, 5069, 5171, 5340, 5556, 5568, 5575, 5579, 5838, 6337, 6592, 6975, 7261, 7759, 7948, 8440, 8713, 8766, 8885, 9086, 9193, 9262, 9308]","[3181, 5157, 7160]",9703,59,9644,3,56,9644,0
3.0,HUMLHDC,"[166, 258, 262, 304, 697, 766, 791, 843, 1011, 1727, 1763, 2138, 2859, 3070, 3735, 3820, 4192, 4598, 4641, 4925, 5217, 5520, 5561, 5931, 6016, 6140, 6172, 6257, 6295, 6432, 6492, 6793, 7357, 7415, 7475, 7949, 8024, 8171, 8200, 8690, 8814, 8890, 8894, 8992, 9550, 9773, 9823, 10127, 10261, 10331, 10421, 10512, 10795, 11067, 11183, 11221, 11591, 11685, 11761, 11765, 11770, 11774, 11797, 12252, 12323, 12347, 12354, 12416, 12607, 12756, 12947, 13017, 13049, 13087, 13467, 13608, 13768, 14169, 14605, 14811, 15091, 15099, 15103, 15584, 15896, 15970, 16003, 16240, 16327, 16409, 16490, 16729, 16774, 17237, 17363, 17536, 18253, 18382, 18413, 18464, 18468, 18782, 18827, 18855, 18932, 19019, 19108, 19140, 19312, 19588, 19687, 19692, 19835, 19921, 19951, 20075, 20118, 20137, 20143, 20300, 20482, 20508, 20559, 20857, 20957, 21206, 21593, 21661, 21813, 21867, 22046, 22090, 22140, 22219, 22928, 23120, 23450, 23457, 23463, 23696, 23701, 23866, 24054, 24086, 24318, 24453, 24636, 24666, 24767, 25000, 25106, 25206, 25233, 25246, 25488, 25563, 25569, 25846, 25895, 26119, 26636, 27104, 27699, 27752, 28034, 28067, 28133, 28177, 28191, 28493, 28499, 28537, 28671, 28843, 29151, 29174, 29183, 29672, 29773, 30408, 30438, 30867, 30871, 31191, 31391, 31558, 31702, 31819, 31856, 32156, 32346]","[7415, 9773, 14605, 15584, 18382, 18782, 19312, 20300, 20482, 24666, 29773]","[166, 258, 262, 304, 697, 766, 791, 843, 1011, 1727, 1763, 2138, 2859, 3070, 3735, 3820, 4192, 4598, 4641, 4925, 5217, 5520, 5561, 5931, 6016, 6140, 6172, 6257, 6295, 6432, 6492, 6793, 7357, 7475, 7949, 8024, 8171, 8200, 8690, 8814, 8890, 8894, 8992, 9550, 9823, 10127, 10261, 10331, 10421, 10512, 10795, 11067, 11183, 11221, 11591, 11685, 11761, 11765, 11770, 11774, 11797, 12252, 12323, 12347, 12354, 12416, 12607, 12756, 12947, 13017, 13049, 13087, 13467, 13608, 13768, 14169, 14811, 15091, 15099, 15103, 15896, 15970, 16003, 16240, 16327, 16409, 16490, 16729, 16774, 17237, 17363, 17536, 18253, 18413, 18464, 18468, 18827, 18855, 18932, 19019, 19108, 19140, 19588, 19687, 19692, 19835, 19921, 19951, 20075, 20118, 20137, 20143, 20508, 20559, 20857, 20957, 21206, 21593, 21661, 21813, 21867, 22046, 22090, 22140, 22219, 22928, 23120, 23450, 23457, 23463, 23696, 23701, 23866, 24054, 24086, 24318, 24453, 24636, 24767, 25000, 25106, 25206, 25233, 25246, 25488, 25563, 25569, 25846, 25895, 26119, 26636, 27104, 27699, 27752, 28034, 28067, 28133, 28177, 28191, 28493, 28499, 28537, 28671, 28843, 29151, 29174, 29183, 29672, 30408, 30438, 30867, 30871, 31191, 31391, 31558, 31702, 31819, 31856, 32156, 32346]","[7415, 9773, 14605, 15584, 18382, 18782, 19312, 20300, 20482, 24666, 29773]",32343,191,32152,11,180,32152,0
3.0,HUMLUCT,"[108, 324, 1358, 1550, 1818, 1877, 2369, 2505, 2861, 3004]","[1550, 2505, 2861]","[108, 324, 1358, 1818, 1877, 2369, 3004]","[1550, 2505, 2861]",3288,10,3278,3,7,3278,0
3.0,HUMLYTOXBB,"[393, 540, 677, 855, 1097, 1235, 1357, 1395, 1917, 2109, 2157, 2184, 2202, 2275, 2657, 2694, 2734, 2859, 2934, 3048, 3150, 3207, 3229, 3274, 3330, 3376, 3631, 4298, 4333, 4402, 4472, 4477, 4491, 4498, 4504, 4665, 4677, 4830, 4948, 5005, 5291, 5345, 5349, 5530, 6032, 6167, 6179]","[2934, 3376, 3631]","[393, 540, 677, 855, 1097, 1235, 1357, 1395, 1917, 2109, 2157, 2184, 2202, 2275, 2657, 2694, 2734, 2859, 3048, 3150, 3207, 3229, 3274, 3330, 4298, 4333, 4402, 4472, 4477, 4491, 4498, 4504, 4665, 4677, 4830, 4948, 5005, 5291, 5345, 5349, 5530, 6032, 6167, 6179]","[2934, 3376, 3631]",6297,47,6250,3,44,6250,0
3.0,HUMMCHEMP,"[159, 280, 674, 790, 812, 984, 988, 1065, 1077, 1328, 1590, 2023, 2540]","[674, 1590]","[159, 280, 790, 812, 984, 988, 1065, 1077, 1328, 2023, 2540]","[674, 1590]",2756,13,2743,2,11,2743,0
3.0,HUMMET2,"[505, 615, 866, 1128, 1167, 1233]","[866, 1233]","[505, 615, 1128, 1167]","[866, 1233]",1695,6,1689,2,4,1689,0
3.0,HUMMGPA,"[4, 333, 845, 1045, 1050, 1288, 1299, 1628, 2041, 2295, 2484, 2515, 3022, 3076, 3137, 3516, 3748, 4493, 4586, 5093, 5401, 6334, 7349, 7617]","[3516, 5093, 6334]","[4, 333, 845, 1045, 1050, 1288, 1299, 1628, 2041, 2295, 2484, 2515, 3022, 3076, 3137, 3748, 4493, 4586, 5401, 7349, 7617]","[3516, 5093, 6334]",7726,24,7702,3,21,7702,0
3.0,HUMMIF,"[580, 700, 713, 753, 825, 903, 912, 997, 1129, 1643, 1893, 1988, 2123]",[1643],"[580, 700, 713, 753, 825, 903, 912, 997, 1129, 1893, 1988, 2123]","[1281, 1643]",2159,13,2146,1,12,2145,1
3.0,HUMMIS,"[527, 623, 669, 778, 1358, 1474, 1489, 1639, 1887, 2044, 2832, 2962]","[623, 1358, 1639, 1887]","[527, 669, 778, 1474, 1489, 2044, 2832, 2962]","[623, 1358, 1639, 1887]",3092,12,3080,4,8,3080,0
3.0,HUMMKXX,"[471, 614, 679, 870, 1040, 1168, 1264, 1290, 1415, 1574, 1652, 1699, 1737, 1887, 2019, 2078, 2202, 2463, 2985, 3142, 3172, 3194, 3262]","[1415, 1737, 2019]","[471, 614, 679, 870, 1040, 1168, 1264, 1290, 1574, 1652, 1699, 1887, 2078, 2202, 2463, 2985, 3142, 3172, 3194, 3262]","[1415, 1737, 2019]",3300,23,3277,3,20,3277,0
3.0,HUMNKG5PRO,"[214, 298, 345, 362, 389, 666, 843, 964, 1055, 1118, 1150, 1505, 1644, 1865, 2262, 2357, 2431, 2567, 2639, 2715, 2721, 2788, 2915, 2940, 2978, 3111, 3215, 3283, 3314, 3387, 3580, 3584, 3848, 3912, 3982, 4048, 4473, 4968, 5043, 5180, 5323, 5379, 5435, 5468, 5480, 6072, 6237, 6576, 6599]","[2262, 3215, 3848, 5468]","[214, 298, 345, 362, 389, 666, 843, 964, 1055, 1118, 1150, 1505, 1644, 1865, 2357, 2431, 2567, 2639, 2715, 2721, 2788, 2915, 2940, 2978, 3111, 3283, 3314, 3387, 3580, 3584, 3912, 3982, 4048, 4473, 4968, 5043, 5180, 5323, 5379, 5435, 5480, 6072, 6237, 6576, 6599]","[2262, 3215, 3848, 5468]",6738,49,6689,4,45,6689,0
3.0,HUMNTRI,"[10, 575, 668, 893, 998, 1247, 1349, 1385, 1483, 1629, 2145, 2342, 2412, 2615, 2802, 3141, 3151, 3675]",[2802],"[10, 575, 668, 893, 998, 1247, 1349, 1385, 1483, 1629, 2145, 2342, 2412, 2615, 3141, 3151, 3675]",[2802],3702,18,3684,1,17,3684,0
3.0,HUMNTRIII,"[10, 575, 668, 893, 998, 1247, 1349, 1385, 1483, 1629, 2145, 2342, 2412, 2615, 2802, 3141, 3151, 3675]",[2802],"[10, 575, 668, 893, 998, 1247, 1349, 1385, 1483, 1629, 2145, 2342, 2412, 2615, 3141, 3151, 3675]",[2802],3702,18,3684,1,17,3684,0
3.0,HUMOSTP,"[214, 965, 970, 1549, 1581, 2162, 2358, 3054, 3385, 3509, 3657, 3890, 3909, 4438, 4738, 5862, 6004, 6322, 6327, 6420, 6480, 6496, 6679, 6986, 7239, 7813, 7897, 8035, 8287, 8349, 8520, 8832, 8884, 9372, 10025, 10030, 10352, 10617, 10776, 10814]","[3509, 3657, 6679, 6986, 8349]","[214, 965, 970, 1549, 1581, 2162, 2358, 3054, 3385, 3890, 3909, 4438, 4738, 5862, 6004, 6322, 6327, 6420, 6480, 6496, 7239, 7813, 7897, 8035, 8287, 8520, 8832, 8884, 9372, 10025, 10030, 10352, 10617, 10776, 10814]","[3509, 3657, 6679, 6986, 8349]",10714,40,10674,5,35,10674,0
3.0,HUMPAP,"[167, 440, 641, 673, 1012, 1410, 1490, 1495, 1644, 1676, 1737, 1970, 2089, 2115, 2354, 2414, 2450, 3062, 3167, 3336, 3342, 3477, 3574, 3907, 4164, 4270, 4366, 4478]","[1410, 2089, 2414, 3167]","[167, 440, 641, 673, 1012, 1490, 1495, 1644, 1676, 1737, 1970, 2115, 2354, 2450, 3062, 3336, 3342, 3477, 3574, 3907, 4164, 4270, 4366, 4478]","[1410, 2089, 2414, 3167]",4489,28,4461,4,24,4461,0
3.0,HUMPCI,"[284, 308, 312, 511, 803, 914, 1118, 1538, 1823, 1978, 2078, 2124, 2208, 2226, 2298, 2586, 2671, 2784, 2812, 2930, 2957, 3129, 3238, 3307, 3477, 3536, 3545, 3575, 3636, 3685, 3914, 4332, 4672, 4697, 4718, 4859, 4906, 4943, 5210, 5533, 5543, 5864, 6192, 6315, 6350, 6409, 6723, 7088, 7199, 7255, 7570, 7858, 8054, 8156, 8384, 8546, 8568, 8664, 8725, 9094, 9187, 9209, 9603, 9704, 9820, 9964, 10139, 10273, 10698, 10704, 10819, 10839, 10855, 10898, 10982, 11275, 11483, 12583, 12688, 12792, 12825, 12966, 13606, 13706, 14117, 14121, 14247, 14264, 14272, 14446, 14452, 14488, 14982, 15018, 15064, 15146, 15150]","[8568, 10898, 11483]","[284, 308, 312, 511, 803, 914, 1118, 1538, 1823, 1978, 2078, 2124, 2208, 2226, 2298, 2586, 2671, 2784, 2812, 2930, 2957, 3129, 3238, 3307, 3477, 3536, 3545, 3575, 3636, 3685, 3914, 4332, 4672, 4697, 4718, 4859, 4906, 4943, 5210, 5533, 5543, 5864, 6192, 6315, 6350, 6409, 6723, 7088, 7199, 7255, 7570, 7858, 8054, 8156, 8384, 8546, 8664, 8725, 9094, 9187, 9209, 9603, 9704, 9820, 9964, 10139, 10273, 10698, 10704, 10819, 10839, 10855, 10982, 11275, 12583, 12688, 12792, 12825, 12966, 13606, 13706, 14117, 14121, 14247, 14264, 14272, 14446, 14452, 14488, 14982, 15018, 15064, 15146, 15150]","[8568, 10898, 11483]",15563,97,15466,3,94,15466,0
3.0,HUMPEM,"[65, 244, 296, 499, 693, 700, 789, 934, 948, 993, 1033, 1123, 1472, 1537, 2101, 2266, 2421, 2504, 2614, 2707, 2850, 2973, 3203, 3297, 3314, 3352, 3590, 3676, 3691, 3745, 3904, 3921, 4170, 4210]","[934, 2266, 2421, 2707, 2973, 3203]","[65, 244, 296, 499, 693, 700, 789, 948, 993, 1033, 1123, 1472, 1537, 2101, 2504, 2614, 2850, 3297, 3314, 3352, 3590, 3676, 3691, 3745, 3904, 3921, 4170, 4210]","[934, 2266, 2421, 2707, 2973, 3203]",4235,34,4201,6,28,4201,0
3.0,HUMPEPYYA,"[7, 20, 25, 95, 647, 727, 734, 766, 854, 904, 1201, 1307, 1388, 1516, 1537, 1658, 1699, 1763, 1824, 2196, 2243, 2254]","[1201, 1388]","[7, 20, 25, 95, 647, 727, 734, 766, 854, 904, 1307, 1516, 1537, 1658, 1699, 1763, 1824, 2196, 2243, 2254]","[1201, 1388]",2370,22,2348,2,20,2348,0
3.0,HUMPF4V1A,"[11, 46, 199, 381, 509, 607, 755, 785, 826]","[381, 826]","[11, 46, 199, 509, 607, 755, 785]","[381, 826]",1460,9,1451,2,7,1451,0
3.0,HUMPHOSA,"[87, 233, 312, 425, 536, 604, 850, 919, 1164, 1286, 1300, 1494, 1555, 1709, 1713, 1810, 2185, 2279, 2323, 2348, 2469, 2988, 3209, 3252, 3729, 4449, 4516, 4789, 4821]","[233, 850, 1494, 1810, 2323, 2988, 3209, 3729]","[87, 312, 425, 536, 604, 919, 1164, 1286, 1300, 1555, 1709, 1713, 2185, 2279, 2348, 2469, 3252, 4449, 4516, 4789, 4821]","[233, 850, 1494, 1810, 2323, 2988, 3209, 3729]",4884,29,4855,8,21,4855,0
3.0,HUMPRCA,"[55, 130, 488, 498, 684, 1048, 1687, 1916, 2114, 2201, 2304, 2309, 2354, 2761, 3044, 3181, 3438, 3499, 3631, 3676, 3703, 3856, 3879, 3995, 4175, 4184, 4572, 4634, 4778, 5114, 5118, 5122, 5213, 5348, 5452, 5512, 5585, 5624, 6604, 6648, 6777, 6827, 6933, 6948, 7002, 7100, 7252, 7256, 7418, 7719, 8011, 8015, 8396, 8524, 8580, 8584, 9206, 9387, 9430, 9479, 9620, 10003, 10055, 10376, 10395, 10440, 10444, 10968, 10977, 10987, 11461, 11602]","[2201, 3631, 5118, 5348, 5585, 8396, 9387]","[55, 130, 488, 498, 684, 1048, 1687, 1916, 2114, 2304, 2309, 2354, 2761, 3044, 3181, 3438, 3499, 3676, 3703, 3856, 3879, 3995, 4175, 4184, 4572, 4634, 4778, 5114, 5122, 5213, 5452, 5512, 5624, 6604, 6648, 6777, 6827, 6933, 6948, 7002, 7100, 7252, 7256, 7418, 7719, 8011, 8015, 8524, 8580, 8584, 9206, 9430, 9479, 9620, 10003, 10055, 10376, 10395, 10440, 10444, 10968, 10977, 10987, 11461, 11602]","[2201, 3631, 5118, 5348, 5585, 8396, 9387]",11717,72,11645,7,65,11645,0
3.0,HUMPREELAS,"[91, 180, 274, 478, 596, 608, 826, 1054, 1070, 1107, 1357, 1619, 1724, 1729, 1785, 1802, 1827, 2240]",[596],"[91, 180, 274, 478, 608, 826, 1054, 1070, 1107, 1357, 1619, 1724, 1729, 1785, 1802, 1827, 2240]",[596],2291,18,2273,1,17,2273,0
3.0,HUMPRPHX,"[71, 292, 317, 568, 778, 963, 1143, 1299, 1346, 1475, 1551, 1560, 1777, 1838, 1911, 2127, 2140, 2357, 2502, 2523, 2532, 2550, 2594, 2652, 2742, 2841, 2869, 3173, 3322, 3633, 3719, 3914, 4221, 4225, 4319]","[1346, 1838, 2127, 2652, 2869, 3173, 3322, 3633]","[71, 292, 317, 568, 778, 963, 1143, 1299, 1475, 1551, 1560, 1777, 1911, 2140, 2357, 2502, 2523, 2532, 2550, 2594, 2742, 2841, 3719, 3914, 4221, 4225, 4319]","[1346, 1838, 2127, 2652, 2869, 3173, 3322, 3633]",4524,35,4489,8,27,4489,0
3.0,HUMRCC1,"[108, 246, 486, 560, 638, 654, 781, 973, 1017, 1099, 1186, 1608, 1708, 2437, 2711, 3051, 3451, 4068, 4242, 4304, 4379, 4555, 4654, 4681, 4733, 4737, 4787, 4872, 4991, 5129, 5210, 5479, 5539, 5545, 5562, 5741, 6061, 6493, 6765, 7214, 7271, 7529, 7642, 7644, 8110, 8572, 8620, 8701, 8862, 8986, 9143, 9297, 9448, 9869, 9960, 10003, 10130, 10178, 10252, 10366, 10460, 10535, 10597, 10711, 10754, 11003, 11120, 11134, 11329, 11364, 11415, 12204, 12573, 12616, 12705, 12731, 13006, 13360, 13471, 13510, 13805, 13819, 14069, 14112, 14114, 14368, 14604, 14619, 14697, 14702, 14708, 14936, 15108, 15126, 15158, 15324, 15385, 15440, 15532, 15548, 15580, 15704, 15894, 16280, 16316, 16328, 16362, 16465, 16526, 16574, 16796, 16836, 17016, 17025, 17060, 17164, 17556, 17659, 17950, 18304, 18348, 18716, 18795, 19037, 19131, 19296, 19490, 19784, 19855, 19892, 20442, 20525, 20685, 20849, 20918, 21036, 21092, 21282, 21296, 21303, 21316, 21493, 21774, 22033, 22051, 22193, 22205, 22297, 22395, 22531, 22579, 22748, 22826, 22868, 23423, 23588, 23681, 23725, 23960, 24194, 24201, 24227, 24233, 24622, 24839, 25071, 25287, 25727, 25729, 25857, 26108, 26218, 26579, 26669, 26679, 26701, 26808, 26950, 26989, 27447, 27798, 27923, 27973, 27994, 28010, 28154, 28244, 28523, 28693, 28756, 28793, 28858, 28893, 29020, 29198, 29247, 29419, 29746, 29766, 29965, 30000, 30085, 30108, 30235, 30284, 30438, 30443, 30575, 30648, 31313, 31610, 31672, 31987, 32040, 32435, 33137, 33187, 33278, 33404, 33439, 33503, 33636, 34138, 34406, 34481, 34597, 34599]","[24201, 26218, 26579, 28010, 28244, 28893, 29247, 29766]","[108, 246, 486, 560, 638, 654, 781, 973, 1017, 1099, 1186, 1608, 1708, 2437, 2711, 3051, 3451, 4068, 4242, 4304, 4379, 4555, 4654, 4681, 4733, 4737, 4787, 4872, 4991, 5129, 5210, 5479, 5539, 5545, 5562, 5741, 6061, 6493, 6765, 7214, 7271, 7529, 7642, 7644, 8110, 8572, 8620, 8701, 8862, 8986, 9143, 9297, 9448, 9869, 9960, 10003, 10130, 10178, 10252, 10366, 10460, 10535, 10597, 10711, 10754, 11003, 11120, 11134, 11329, 11364, 11415, 12204, 12573, 12616, 12705, 12731, 13006, 13360, 13471, 13510, 13805, 13819, 14069, 14112, 14114, 14368, 14604, 14619, 14697, 14702, 14708, 14936, 15108, 15126, 15158, 15324, 15385, 15440, 15532, 15548, 15580, 15704, 15894, 16280, 16316, 16328, 16362, 16465, 16526, 16574, 16796, 16836, 17016, 17025, 17060, 17164, 17556, 17659, 17950, 18304, 18348, 18716, 18795, 19037, 19131, 19296, 19490, 19784, 19855, 19892, 20442, 20525, 20685, 20849, 20918, 21036, 21092, 21282, 21296, 21303, 21316, 21493, 21774, 22033, 22051, 22193, 22205, 22297, 22395, 22531, 22579, 22748, 22826, 22868, 23423, 23588, 23681, 23725, 23960, 24194, 24227, 24233, 24622, 24839, 25071, 25287, 25727, 25729, 25857, 26108, 26669, 26679, 26701, 26808, 26950, 26989, 27447, 27798, 27923, 27973, 27994, 28154, 28523, 28693, 28756, 28793, 28858, 29020, 29198, 29419, 29746, 29965, 30000, 30085, 30108, 30235, 30284, 30438, 30443, 30575, 30648, 31313, 31610, 31672, 31987, 32040, 32435, 33137, 33187, 33278, 33404, 33439, 33503, 33636, 34138, 34406, 34481, 34597, 34599]","[24201, 26218, 26579, 28010, 28244, 28893, 29247, 29766]",34633,227,34406,8,219,34406,0
3.0,HUMREGHOM,"[52, 274, 335, 410, 527, 684, 1107, 1170, 1419, 1423, 1459, 1602, 1864, 1909, 2002, 2023, 2506, 2739, 2825, 2974]","[684, 1419, 1864, 2739]","[52, 274, 335, 410, 527, 1107, 1170, 1423, 1459, 1602, 1909, 2002, 2023, 2506, 2825, 2974]","[684, 1419, 1864, 2739]",3403,20,3383,4,16,3383,0
3.0,HUMROD1X,"[92, 218, 321, 454, 526, 980, 1063, 1096, 1146, 1170, 1194, 1223, 1242, 1804, 1876, 2015, 2227, 2288, 2343, 2611, 2638, 2695, 2720]","[1242, 1876]","[92, 218, 321, 454, 526, 980, 1063, 1096, 1146, 1170, 1194, 1223, 1804, 2015, 2227, 2288, 2343, 2611, 2638, 2695, 2720]","[1242, 1876]",2833,23,2810,2,21,2810,0
3.0,HUMRPIB2,"[310, 356, 435, 472, 510, 622, 899, 1121, 1182, 1257, 1374, 1531, 1954, 2017, 2268, 2272, 2308, 2451, 2713, 2758, 2851, 2872, 3355, 3588, 3674, 3823]","[1531, 2268, 2713, 3588]","[310, 356, 435, 472, 510, 622, 899, 1121, 1182, 1257, 1374, 1954, 2017, 2272, 2308, 2451, 2758, 2851, 2872, 3355, 3674, 3823]","[1531, 2268, 2713, 3588]",4329,26,4303,4,22,4303,0
3.0,HUMRPS6B,"[359, 363, 478, 634, 784, 1012, 1045, 1059, 1083, 1101, 1168, 1205, 1232, 1543, 1721, 1838, 2146, 2178, 2651, 2799, 2866, 2933, 2943, 3072, 3084, 3535, 3893, 4051, 4432, 4655, 4838]","[359, 1059, 1838, 2178, 4051]","[363, 478, 634, 784, 1012, 1045, 1083, 1101, 1168, 1205, 1232, 1543, 1721, 2146, 2651, 2799, 2866, 2933, 2943, 3072, 3084, 3535, 3893, 4432, 4655, 4838]","[359, 1059, 1838, 2178, 4051]",4964,31,4933,5,26,4933,0
3.0,HUMSEMI,"[121, 306, 578, 614, 681, 793, 806, 975, 1458, 1511, 1583, 1636, 1655, 2015, 2159, 2362, 2394, 2519, 2547, 2682, 2979, 3074, 3167, 3496, 3849, 3886, 4061]",[793],"[121, 306, 578, 614, 681, 806, 975, 1458, 1511, 1583, 1636, 1655, 2015, 2159, 2362, 2394, 2519, 2547, 2682, 2979, 3074, 3167, 3496, 3849, 3886, 4061]",[793],4156,27,4129,1,26,4129,0
3.0,HUMSEMIIB,"[121, 493, 528, 697, 765, 1127, 1274, 1281, 1298, 1316, 1389, 1490, 1524, 1530, 1642, 1790, 1889, 1988, 2155, 2444, 2489, 2515, 2616, 2746, 2979, 3011, 3135, 3352, 3769, 3843, 4271, 4486, 4499, 4660, 4667, 5203, 5275, 5328, 5527, 5640, 5820, 6000, 6304, 6446, 6477, 6514, 7012, 7038, 7146, 7527, 7944, 8014]",[4486],"[121, 493, 528, 697, 765, 1127, 1274, 1281, 1298, 1316, 1389, 1490, 1524, 1530, 1642, 1790, 1889, 1988, 2155, 2444, 2489, 2515, 2616, 2746, 2979, 3011, 3135, 3352, 3769, 3843, 4271, 4499, 4660, 4667, 5203, 5275, 5328, 5527, 5640, 5820, 6000, 6304, 6446, 6477, 6514, 7012, 7038, 7146, 7527, 7944, 8014]",[4486],8216,52,8164,1,51,8164,0
3.0,HUMSTATH2,"[49, 353, 911, 1035, 1140, 1197, 1553, 1675, 1820, 2025, 2056, 2131, 2151, 2312, 2322, 2403, 2530, 2627, 2733, 2848, 3239, 3361, 3474, 4320, 4472, 4592, 4629]","[353, 1553, 1675]","[49, 911, 1035, 1140, 1197, 1820, 2025, 2056, 2131, 2151, 2312, 2322, 2403, 2530, 2627, 2733, 2848, 3239, 3361, 3474, 4320, 4472, 4592, 4629]","[353, 1553, 1675]",4715,27,4688,3,24,4688,0
3.0,HUMTBGA,"[362, 377, 451, 460, 654, 854, 1021, 1156, 1435, 1469, 1646, 1651, 2099, 2681, 2792, 2911, 3107, 3244, 3355, 3634, 3744, 4216, 4529, 4941, 5032, 5164, 5177, 5231, 5236, 5469, 5475, 5530, 5782, 5875, 6296, 6314, 6606, 6627, 6841, 6960, 7144, 7172, 7254, 7395, 7417, 7419, 7441, 7909, 7960, 8219, 8362]","[4941, 7144]","[362, 377, 451, 460, 654, 854, 1021, 1156, 1435, 1469, 1646, 1651, 2099, 2681, 2792, 2911, 3107, 3244, 3355, 3634, 3744, 4216, 4529, 5032, 5164, 5177, 5231, 5236, 5469, 5475, 5530, 5782, 5875, 6296, 6314, 6606, 6627, 6841, 6960, 7172, 7254, 7395, 7417, 7419, 7441, 7909, 7960, 8219, 8362]","[4941, 6265, 7144]",8761,51,8710,2,49,8709,1
3.0,HUMTCRBRA,"[63, 128, 132, 199, 278, 318, 405, 469, 505, 561]",[278],"[63, 128, 132, 199, 318, 405, 469, 505, 561]",[278],728,10,718,1,9,718,0
3.0,HUMTHROMA,"[159, 323, 583, 643, 743, 787, 800, 818, 1277, 1428, 1464, 1605, 1696, 1985, 2131, 2344, 2384, 2717, 3117, 4129, 4222, 4266, 4362, 4394, 4430, 4772, 4817, 4965, 5134, 5715, 5836]","[1985, 2344, 2717, 4817]","[159, 323, 583, 643, 743, 787, 800, 818, 1277, 1428, 1464, 1605, 1696, 2131, 2384, 3117, 4129, 4222, 4266, 4362, 4394, 4430, 4772, 4965, 5134, 5715, 5836]","[1985, 2344, 2717, 4817]",6155,31,6124,4,27,6124,0
3.0,HUMTNP2SS,"[51, 80, 86, 93, 177, 658, 673, 725, 814, 941, 1617, 1748]",[658],"[51, 80, 86, 93, 177, 673, 725, 814, 941, 1617, 1748]",[658],1774,12,1762,1,11,1762,0
3.0,HUMTPALBU,"[313, 722, 872, 942, 1094, 1228, 1359, 1402, 1407, 1559, 1621, 1708, 1778, 1850, 1887, 2455, 2682, 2692, 2741, 2932, 2941, 3168, 3352, 3377, 3412, 3421, 3425, 3620, 3781, 3856, 3989, 4153, 4361, 4400, 4587, 4707, 4720, 5066, 5992, 5999, 6086, 6127]","[1094, 1621, 2741, 3425, 4361]","[313, 722, 872, 942, 1228, 1359, 1402, 1407, 1559, 1708, 1778, 1850, 1887, 2455, 2682, 2692, 2932, 2941, 3168, 3352, 3377, 3412, 3421, 3620, 3781, 3856, 3989, 4153, 4400, 4587, 4707, 4720, 5066, 5992, 5999, 6086, 6127]","[1094, 1621, 2741, 3425, 4361]",6164,42,6122,5,37,6122,0
3.0,HUMTRHYAL,"[69, 192, 197, 201, 301, 562, 827, 1120, 1557, 1645, 1793, 2232, 2236, 2340, 2679, 2837, 4658, 5091, 6019, 6083, 6556, 7415, 7814, 8437, 8441, 8581, 8774]",[1645],"[69, 192, 197, 201, 301, 562, 827, 1120, 1557, 1793, 2232, 2236, 2340, 2679, 2837, 4658, 5091, 6019, 6083, 6556, 7415, 7814, 8437, 8441, 8581, 8774]",[1645],9543,27,9516,1,26,9516,0
3.0,HUMTSHB2,"[187, 780, 872]",[187],"[780, 872]",[187],978,3,975,1,2,975,0
3.0,HUMV2R,"[261, 287, 296, 357, 475, 531, 957, 965, 1272, 1366, 1404, 1507, 1815, 2047, 2118, 2128]","[261, 1507]","[287, 296, 357, 475, 531, 957, 965, 1272, 1366, 1404, 1815, 2047, 2118, 2128]","[261, 1507]",2274,16,2258,2,14,2258,0
3.0,HYPSCGH,"[41, 337, 806, 837, 889, 1039, 1252, 1624]","[41, 1039, 1624]","[337, 806, 837, 889, 1252]","[41, 451, 1039, 1624]",2476,8,2468,3,5,2467,1
3.0,LAYEGLOBIN,"[222, 238, 272, 470, 584, 600, 1055, 1061, 1167, 1185, 1197, 1215, 1265, 1312, 1373, 1410, 1421, 1466]","[238, 584]","[222, 272, 470, 600, 1055, 1061, 1167, 1185, 1197, 1215, 1265, 1312, 1373, 1410, 1421, 1466]","[238, 584]",1694,18,1676,2,16,1676,0
3.0,LEBGLOB,"[67, 94, 104, 142, 157, 401, 658, 662, 672, 1373, 1501, 1539, 1561, 1577, 1663, 1791, 1812, 1828, 1926, 2206, 2307, 2555, 2847, 2928, 3171, 3177, 3208, 3565]","[1577, 1926]","[67, 94, 104, 142, 157, 401, 658, 662, 672, 1373, 1501, 1539, 1561, 1663, 1791, 1812, 1828, 2206, 2307, 2555, 2847, 2928, 3171, 3177, 3208, 3565]","[1577, 1926]",3638,28,3610,2,26,3610,0
3.0,LNOEGLOBIN,"[220, 236, 270, 345, 473, 587, 603, 724, 1056, 1062, 1167, 1185, 1197, 1215, 1265, 1293, 1312, 1406, 1417, 1462]","[236, 587]","[220, 270, 345, 473, 603, 724, 1056, 1062, 1167, 1185, 1197, 1215, 1265, 1293, 1312, 1406, 1417, 1462]","[236, 587]",1690,20,1670,2,18,1670,0
3.0,MACHBGA1,"[32, 283, 457, 495, 505, 727, 794, 841, 937, 1008, 1188, 1252, 1370, 1420, 1460, 1643, 1740]","[495, 841]","[32, 283, 457, 505, 727, 794, 937, 1008, 1188, 1252, 1370, 1420, 1460, 1643, 1740]","[495, 841]",2097,17,2080,2,15,2080,0
3.0,MACHBGA2,"[20, 32, 281, 455, 493, 503, 725, 792, 839, 935, 1006, 1185, 1249, 1367, 1417, 1441, 1461, 1644, 1741, 2017, 2089]","[493, 839]","[20, 32, 281, 455, 503, 725, 792, 935, 1006, 1185, 1249, 1367, 1417, 1441, 1461, 1644, 1741, 2017, 2089]","[493, 839]",2100,21,2079,2,19,2079,0
3.0,MAMGLUTRA,"[34, 424, 484, 488, 657, 663, 821, 1073, 1082, 1255, 1474, 1627, 1718, 1819, 1944, 2152, 2360, 2406, 2558, 2598, 2745, 2938, 3059, 3175, 4252, 4272, 4642, 4967, 4974, 5131, 5135, 5187, 5213, 5243, 5320, 5870, 6065]","[484, 821, 1255, 1627, 1819, 2745, 2938]","[34, 424, 488, 657, 663, 1073, 1082, 1474, 1718, 1944, 2152, 2360, 2406, 2558, 2598, 3059, 3175, 4252, 4272, 4642, 4967, 4974, 5131, 5135, 5187, 5213, 5243, 5320, 5870, 6065]","[484, 821, 1255, 1627, 1819, 2745, 2938]",6287,37,6250,7,30,6250,0
3.0,MAU09941,"[11, 239, 401, 613, 705, 749, 778, 1031, 1166, 1480, 1566, 1803, 1830, 1846, 2406, 2427, 2514, 2667, 2761, 2932, 2968, 3124, 3134, 3239, 3263, 3521, 3697]",[1830],"[11, 239, 401, 613, 705, 749, 778, 1031, 1166, 1480, 1566, 1803, 1846, 2406, 2427, 2514, 2667, 2761, 2932, 2968, 3124, 3134, 3239, 3263, 3521, 3697]",[1830],3798,27,3771,1,26,3771,0
3.0,MFAPOA2A,"[53, 69, 133, 153, 155, 226, 379, 462, 571, 575, 587, 720, 785, 1422, 1445]","[379, 785]","[53, 69, 133, 153, 155, 226, 462, 571, 575, 587, 720, 1422, 1445]","[379, 785]",1489,15,1474,2,13,1474,0
3.0,MFAPOC3A,"[115, 232, 622, 642, 870, 913, 1155, 1172, 1239, 1264, 1402, 1530, 1715, 1993, 2190, 2232, 2384, 2689, 3068, 3213, 3240, 3244]","[913, 1172]","[115, 232, 622, 642, 870, 1155, 1239, 1264, 1402, 1530, 1715, 1993, 2190, 2232, 2384, 2689, 3068, 3213, 3240, 3244]","[913, 1172]",3254,22,3232,2,20,3232,0
3.0,MMA2IXCOA,"[584, 599, 619, 682, 798, 859, 878, 908, 1297, 1383, 1389, 1439, 1757, 1800, 1812, 1866, 1881, 1925, 2183, 2552, 2870, 2935, 3105, 3132, 3286, 3652, 3826, 4386, 4697, 4857, 5665, 5682, 5831, 6014, 6054, 6266, 6355, 6359, 6481, 6628, 6635, 6930, 6954, 7102, 7161, 7250, 7371, 7472, 7658, 7684, 8064, 8135, 8216, 8255, 8401, 8539, 8843, 8882, 9179, 9209, 9322, 9437, 9467, 9573, 9609, 9626, 9702, 9793, 10270, 10282, 10304, 10930, 11077, 11374, 11426, 11555, 11611, 12074, 12150, 12406, 12792, 12952, 12989, 13033, 13111, 13361, 13447, 13726, 13786, 13824, 13840, 13912, 14540, 14575, 14635, 14663, 15021, 15210, 15231, 15338, 15441, 15597, 15746, 15933, 16114, 16123, 16240, 16474, 16522, 16811, 17100, 17106, 17145, 17244, 17275, 17333, 17647, 18032, 18243, 18283, 19220, 19408, 19461]","[3132, 4386, 5682, 5831, 7102, 7250, 7371, 7684, 8064, 8216, 8401, 8539, 8882, 9322, 9467, 9626, 13033, 13447, 13726, 14575, 15021, 15338, 15597, 15746, 15933, 16114, 16240, 16522, 16811, 17275, 17647]","[584, 599, 619, 682, 798, 859, 878, 908, 1297, 1383, 1389, 1439, 1757, 1800, 1812, 1866, 1881, 1925, 2183, 2552, 2870, 2935, 3105, 3286, 3652, 3826, 4697, 4857, 5665, 6014, 6054, 6266, 6355, 6359, 6481, 6628, 6635, 6930, 6954, 7161, 7472, 7658, 8135, 8255, 8843, 9179, 9209, 9437, 9573, 9609, 9702, 9793, 10270, 10282, 10304, 10930, 11077, 11374, 11426, 11555, 11611, 12074, 12150, 12406, 12792, 12952, 12989, 13111, 13361, 13786, 13824, 13840, 13912, 14540, 14635, 14663, 15210, 15231, 15441, 16123, 16474, 17100, 17106, 17145, 17244, 17333, 18032, 18243, 18283, 19220, 19408, 19461]","[3132, 4386, 5682, 5831, 7102, 7250, 7371, 7684, 8064, 8216, 8401, 8539, 8882, 9322, 9467, 9626, 13033, 13447, 13726, 14575, 15021, 15338, 15597, 15746, 15933, 16114, 16240, 16522, 16811, 17275, 17647]",19471,123,19348,31,92,19348,0
3.0,MMACLGNA,"[146, 412, 474, 499, 541, 553, 889, 918, 1192, 1458, 1499, 1731, 2397, 2537, 2666, 2734, 2923, 2933, 2957, 3107, 3143, 3178]","[474, 3178]","[146, 412, 499, 541, 553, 889, 918, 1192, 1458, 1499, 1731, 2397, 2537, 2666, 2734, 2923, 2933, 2957, 3107, 3143]","[474, 3178]",3873,22,3851,2,20,3851,0
3.0,MMAPOG,"[143, 265, 536, 669, 728, 806, 860, 876, 1186, 1456, 1501, 1567, 1935, 1940, 2056, 2146]","[536, 806]","[143, 265, 669, 728, 860, 876, 1186, 1456, 1501, 1567, 1935, 1940, 2056, 2146]","[536, 806]",2168,16,2152,2,14,2152,0
3.0,MMASM1G,"[439, 1088, 1092, 1141, 1294, 1364, 1492, 1591, 1742, 2065, 2244, 2668, 2830, 2928, 2961, 3168, 3245, 3367, 3599, 3619, 3745, 3749, 4681]","[1088, 2244, 2928, 3245, 3745]","[439, 1092, 1141, 1294, 1364, 1492, 1591, 1742, 2065, 2668, 2830, 2961, 3168, 3367, 3599, 3619, 3749, 4681]","[1088, 2244, 2928, 3245, 3745]",4767,23,4744,5,18,4744,0
3.0,MMCASEIB,"[15, 508, 599, 1113, 1412, 1488, 1589, 1889, 2857, 2974, 3141, 3145, 3158, 3289, 3445, 3742, 3746, 3769, 4901, 4916, 5519, 5615, 5877, 6252, 6305, 6603, 6611, 6905, 6932, 7023, 7155, 7160, 7964, 8126, 8222, 8252, 8413, 8664, 8851, 9203, 9803, 9851, 10443, 10796, 10861, 11133, 11712, 11758, 11765, 11838, 12014, 12187, 12235, 12573, 12928, 13000]","[6252, 7023, 7160, 8126, 8252, 9803]","[15, 508, 599, 1113, 1412, 1488, 1589, 1889, 2857, 2974, 3141, 3145, 3158, 3289, 3445, 3742, 3746, 3769, 4901, 4916, 5519, 5615, 5877, 6305, 6603, 6611, 6905, 6932, 7155, 7964, 8222, 8413, 8664, 8851, 9203, 9851, 10443, 10796, 10861, 11133, 11712, 11758, 11765, 11838, 12014, 12187, 12235, 12573, 12928, 13000]","[6252, 7023, 7160, 8126, 8252, 9803]",13046,56,12990,6,50,12990,0
3.0,MMCD24A,"[198, 233, 274, 287, 477, 1126, 1273, 1286, 1450, 1660, 1670, 1804, 1969, 2172, 2195, 2214, 2259, 2300, 2486, 2555, 2594, 2860, 3016, 3068, 3158, 3412, 3693, 3805, 3828, 3911, 3949, 4043, 4140, 4224, 5379, 5478, 5793, 6260, 6430, 6441, 7063, 7475]",[2486],"[198, 233, 274, 287, 477, 1126, 1273, 1286, 1450, 1660, 1670, 1804, 1969, 2172, 2195, 2214, 2259, 2300, 2555, 2594, 2860, 3016, 3068, 3158, 3412, 3693, 3805, 3828, 3911, 3949, 4043, 4140, 4224, 5379, 5478, 5793, 6260, 6430, 6441, 7063, 7475]",[2486],7632,42,7590,1,41,7590,0
3.0,MMCFOS,"[99, 385, 491, 844, 965, 1025, 1244, 1248, 1646, 1790, 1850, 2137, 2162, 2208, 2363, 3118, 3414]","[844, 1850, 2363]","[99, 385, 491, 965, 1025, 1244, 1248, 1646, 1790, 2137, 2162, 2208, 3118, 3414]","[844, 1850, 2363]",3959,17,3942,3,14,3942,0
3.0,MMCOL10A,"[30, 560, 714, 1070, 1193, 1518, 1719, 1802, 1964, 2390, 2540, 2829, 2887, 2931, 3292, 3514, 3918, 4222, 4672, 4716, 4779, 4974, 5092, 5105, 5203, 5224, 5555, 5660, 5729, 5765, 5846, 5888, 6020, 6146, 6263, 6290, 6371, 6389, 6407, 6479, 6704, 6754, 6833, 6895, 6933, 7009, 7059, 7101, 7192, 7278, 7282, 7335, 7656, 7726, 8029, 8246, 8394, 9050, 9284, 9322]",[1802],"[30, 560, 714, 1070, 1193, 1518, 1719, 1964, 2390, 2540, 2829, 2887, 2931, 3292, 3514, 3918, 4222, 4672, 4716, 4779, 4974, 5092, 5105, 5203, 5224, 5555, 5660, 5729, 5765, 5846, 5888, 6020, 6146, 6263, 6290, 6371, 6389, 6407, 6479, 6704, 6754, 6833, 6895, 6933, 7009, 7059, 7101, 7192, 7278, 7282, 7335, 7656, 7726, 8029, 8246, 8394, 9050, 9284, 9322]",[1802],9323,60,9263,1,59,9263,0
3.0,MMCRPG,"[32, 375, 523, 824, 929, 1011, 1167]",[375],"[32, 523, 824, 929, 1011, 1167]",[375],2132,7,2125,1,6,2125,0
3.0,MMCYTOKNA,"[810, 1089, 1123, 1339, 1393, 1580, 1881, 1983, 2432, 2549, 2553]",[810],"[1089, 1123, 1339, 1393, 1580, 1881, 1983, 2432, 2549, 2553]","[810, 1559]",2551,11,2540,1,10,2539,1
3.0,MMDM2RR,"[104, 665, 680, 854, 878, 1305, 1439, 1651, 1846, 2004, 2156, 2171, 2247, 2407, 2702, 2727, 3017, 3262, 3378, 3509, 3526, 3701, 3962, 4028, 4033, 4134, 4663, 4793, 4925, 5134, 5321, 5928, 6015, 6030, 6048, 6476, 6591]","[665, 854, 1305, 1651, 2702, 3701, 3962, 4925, 5134]","[104, 680, 878, 1439, 1846, 2004, 2156, 2171, 2247, 2407, 2727, 3017, 3262, 3378, 3509, 3526, 4028, 4033, 4134, 4663, 4793, 5321, 5928, 6015, 6030, 6048, 6476, 6591]","[665, 854, 1305, 1651, 2702, 3701, 3962, 4925, 5134]",6632,37,6595,9,28,6595,0
3.0,MMDNAASFA,"[542, 855, 859, 914, 918, 1241, 1497, 1576, 1823, 2084, 2135, 2194, 2357, 2406, 2491, 2695, 2996, 3221, 3239, 3306, 3517, 3558, 4082, 4175, 4306]","[855, 1241, 1576, 1823, 2135, 2357, 2695]","[542, 859, 914, 918, 1497, 2084, 2194, 2406, 2491, 2996, 3221, 3239, 3306, 3517, 3558, 4082, 4175, 4306]","[855, 1241, 1576, 1823, 2135, 2357, 2695]",4307,25,4282,7,18,4282,0
3.0,MMEZGL,"[161, 589, 613, 621, 637, 715, 802, 852, 910, 1167, 1276, 1599, 1625, 1658]","[589, 1599]","[161, 613, 621, 637, 715, 802, 852, 910, 1167, 1276, 1625, 1658]","[589, 1599]",1945,14,1931,2,12,1931,0
3.0,MMG37,"[87, 213, 265, 332, 348, 381, 414, 489, 788, 999, 1049, 1091, 1303, 1358, 1700, 1706, 1901, 2119, 2275, 2363, 2570, 2771, 2788]","[332, 788, 1303, 2119, 2363, 2570]","[87, 213, 265, 348, 381, 414, 489, 999, 1049, 1091, 1358, 1700, 1706, 1901, 2275, 2771, 2788]","[332, 788, 1303, 2119, 2363, 2570]",3065,23,3042,6,17,3042,0
3.0,MMGBCRYA,"[165, 169, 188, 332, 671, 1003, 1094, 1412, 1416, 1702, 1718, 1754, 1966, 2175, 2261, 2662]","[671, 1003]","[165, 169, 188, 332, 1094, 1412, 1416, 1702, 1718, 1754, 1966, 2175, 2261, 2662]","[671, 1003]",2653,16,2637,2,14,2637,0
3.0,MMGCCRYA,"[417, 701, 721, 1056, 1430, 1473, 1478, 1687, 1716, 1790, 1807, 2488, 2650, 2655]","[721, 1056]","[417, 701, 1430, 1473, 1478, 1687, 1716, 1790, 1807, 2488, 2650, 2655]","[721, 1056]",2884,14,2870,2,12,2870,0
3.0,MMGFAPD,"[88, 108, 713, 741, 976, 990, 1035, 1175, 1298, 1340, 1500, 1624, 1646, 1901, 2179, 2277, 2449, 2760, 2995, 3128, 3351, 3473, 3660, 3711, 4335, 4730, 4868, 4874, 5245, 5452, 5702, 6297, 6333, 6370, 6406, 6547, 6584, 6620, 6656, 6692, 6728, 6765, 6837, 6873, 6909, 7117, 7192, 7198, 7253, 7605, 7620, 7877, 7902, 7907, 8031, 8227, 8409, 8598, 8630, 9093, 9301, 9474, 9788]","[713, 1624, 1901, 2995, 4335, 5452, 7907]","[88, 108, 741, 976, 990, 1035, 1175, 1298, 1340, 1500, 1646, 2179, 2277, 2449, 2760, 3128, 3351, 3473, 3660, 3711, 4730, 4868, 4874, 5245, 5702, 6297, 6333, 6370, 6406, 6547, 6584, 6620, 6656, 6692, 6728, 6765, 6837, 6873, 6909, 7117, 7192, 7198, 7253, 7605, 7620, 7877, 7902, 8031, 8227, 8409, 8598, 8630, 9093, 9301, 9474, 9788]","[713, 1624, 1901, 2995, 3906, 4335, 5452, 7907]",9963,63,9900,7,56,9899,1
3.0,MMGGLINE,"[157, 204, 279, 441, 1465, 1487, 1787, 1827, 2076, 2250, 2288, 2298, 2520, 2587, 2634, 2730, 2801, 2980, 3044, 3162, 3212, 3236, 3256, 3439, 3536, 3811, 3883, 3948, 3977, 4209, 4400, 4417, 4429, 4790, 4813, 4824, 4883, 4949, 5098, 5624, 5706, 6352, 6374, 6664, 6706, 6955, 7129, 7167, 7177, 7399, 7466, 7513, 7609, 7680, 7859, 7923, 8041, 8091, 8131, 8314, 8411, 8852, 9096, 9162, 9179, 9263, 9567, 9578, 9641, 9714, 9849, 10407, 10420, 10781, 10978, 11009, 11052]","[7167, 7513]","[157, 204, 279, 441, 1465, 1487, 1787, 1827, 2076, 2250, 2288, 2298, 2520, 2587, 2634, 2730, 2801, 2980, 3044, 3162, 3212, 3236, 3256, 3439, 3536, 3811, 3883, 3948, 3977, 4209, 4400, 4417, 4429, 4790, 4813, 4824, 4883, 4949, 5098, 5624, 5706, 6352, 6374, 6664, 6706, 6955, 7129, 7177, 7399, 7466, 7609, 7680, 7859, 7923, 8041, 8091, 8131, 8314, 8411, 8852, 9096, 9162, 9179, 9263, 9567, 9578, 9641, 9714, 9849, 10407, 10420, 10781, 10978, 11009, 11052]","[7167, 7513]",11278,77,11201,2,75,11201,0
3.0,MMGK5,"[30, 244, 446, 695, 1439, 1690, 1805, 1809, 1890, 2626, 2768, 2825, 2845, 2850, 2986, 3239, 3269, 3287, 3465, 3525]","[695, 1805, 2825]","[30, 244, 446, 1439, 1690, 1809, 1890, 2626, 2768, 2845, 2850, 2986, 3239, 3269, 3287, 3465, 3525]","[695, 1805, 2595, 2825]",3602,20,3582,3,17,3581,1
3.0,MMH2D4Q5,"[159, 345, 644, 839, 1055]","[159, 644]","[345, 839, 1055]","[159, 644]",1100,5,1095,2,3,1095,0
3.0,MMHOX13,"[325, 369, 492, 800, 1037, 1135, 1147, 1440, 1455, 1570, 1574, 1647, 1651, 1716, 2076, 2407, 2504, 2583, 2658, 2798]",[800],"[325, 369, 492, 1037, 1135, 1147, 1440, 1455, 1570, 1574, 1647, 1651, 1716, 2076, 2407, 2504, 2583, 2658, 2798]",[800],2827,20,2807,1,19,2807,0
3.0,MMHOX24I,"[50, 72, 705, 730, 837, 868, 896, 914, 1160, 1264, 1719]",[837],"[50, 72, 705, 730, 868, 896, 914, 1160, 1264, 1719]",[837],1915,11,1904,1,10,1904,0
3.0,MMIL1BG,"[121, 572, 1356, 1364, 1567, 1803, 1938, 2470, 2803, 3095, 3239, 3249, 3333, 3680, 4271, 4398, 4651, 4844, 4988, 5080, 5679, 5954, 6172, 6443, 6509, 6610, 6670]","[1356, 1938, 3680, 4398, 5679]","[121, 572, 1364, 1567, 1803, 2470, 2803, 3095, 3239, 3249, 3333, 4271, 4651, 4844, 4988, 5080, 5954, 6172, 6443, 6509, 6610, 6670]","[1356, 1938, 3680, 4398, 5679]",7092,27,7065,5,22,7065,0
3.0,MMIL3G,"[112, 129, 188, 469, 686, 732, 745, 824, 1034, 1913, 1992, 2090, 2583]","[686, 824, 1913, 2090]","[112, 129, 188, 469, 732, 745, 1034, 1992, 2583]","[686, 824, 1913, 2090]",3482,13,3469,4,9,3469,0
3.0,MMIL5G,"[21, 87, 151, 184, 218, 731, 818, 980, 1473, 1593, 1625, 1971, 2123, 2262, 2448, 2708, 2874, 3123, 3418, 3597, 3792, 4000, 4434, 4702, 4754, 4774, 4806, 4899, 4929, 5051, 5217, 5303, 5318, 5441, 5742, 6026, 6478, 6608]","[731, 1593, 3597]","[21, 87, 151, 184, 218, 818, 980, 1473, 1625, 1971, 2123, 2262, 2448, 2708, 2874, 3123, 3418, 3792, 4000, 4434, 4702, 4754, 4774, 4806, 4899, 4929, 5051, 5217, 5303, 5318, 5441, 5742, 6026, 6478, 6608]","[731, 1593, 3597]",6719,38,6681,3,35,6681,0
3.0,MMKFGF,"[47, 493, 542, 566, 693, 961, 976, 1040, 1045, 1086, 1254, 1259, 1279, 1337, 1548, 1556, 1574, 1624, 2012, 2079, 2322, 2484, 2548, 2561, 2607, 2731, 2857, 2886, 3185, 3596, 3801, 3818, 3835]","[542, 1045]","[47, 493, 566, 693, 961, 976, 1040, 1086, 1254, 1259, 1279, 1337, 1548, 1556, 1574, 1624, 2012, 2079, 2322, 2484, 2548, 2561, 2607, 2731, 2857, 2886, 3185, 3596, 3801, 3818, 3835]","[542, 1045]",3981,33,3948,2,31,3948,0
3.0,MMLDHAG,"[105, 571, 901, 1012, 1052, 1081, 1180, 1378, 1782, 1906, 2096, 2132, 2186, 2305, 2429, 2616, 2774, 2825, 2852, 2946, 2978, 3291, 3649, 3670, 3772, 4089, 4167, 4226, 4330, 4377, 4577, 4649, 4824, 5138, 5333, 5458, 5919, 6038, 6042, 6123, 6154, 6597, 7171, 7208, 7224, 7338, 7668, 7780, 7959, 7963, 8206, 8280, 8315, 8327, 8336, 8380, 8402, 8414, 8597, 8833, 8981, 9652, 9818, 9897, 9999, 10037, 10447, 10503, 10590, 10704, 10855, 11076, 11308, 11452, 11532, 11655, 11915, 11977, 12060, 12155, 12262, 12598, 12721]","[4577, 5919, 7171, 7668, 8597, 10704]","[105, 571, 901, 1012, 1052, 1081, 1180, 1378, 1782, 1906, 2096, 2132, 2186, 2305, 2429, 2616, 2774, 2825, 2852, 2946, 2978, 3291, 3649, 3670, 3772, 4089, 4167, 4226, 4330, 4377, 4649, 4824, 5138, 5333, 5458, 6038, 6042, 6123, 6154, 6597, 7208, 7224, 7338, 7780, 7959, 7963, 8206, 8280, 8315, 8327, 8336, 8380, 8402, 8414, 8833, 8981, 9652, 9818, 9897, 9999, 10037, 10447, 10503, 10590, 10855, 11076, 11308, 11452, 11532, 11655, 11915, 11977, 12060, 12155, 12262, 12598, 12721]","[4577, 5919, 7171, 7668, 8597, 10704]",12843,83,12760,6,77,12760,0
3.0,MMMMP9A,"[11, 70, 561, 967, 1476, 1508, 1562, 1600, 1631, 1734, 1890, 1949, 2008, 2031, 2068, 2293, 2331, 2375, 2550, 2665, 2781, 2849, 3064, 3222, 3230, 3359, 3395, 3418, 3808, 3945, 4051, 4206, 4321, 4492, 4851, 4864, 4944, 5301, 5695, 5708, 5716, 5936, 6087, 6215, 6282, 6356, 6564, 7049, 7141, 7374, 7402, 7445, 7632, 7752, 7770, 7791, 7939, 7954]","[2008, 2375, 2781, 3064, 3418, 3945, 4206, 5695, 5936, 6356, 6564]","[11, 70, 561, 967, 1476, 1508, 1562, 1600, 1631, 1734, 1890, 1949, 2031, 2068, 2293, 2331, 2550, 2665, 2849, 3222, 3230, 3359, 3395, 3808, 4051, 4321, 4492, 4851, 4864, 4944, 5301, 5708, 5716, 6087, 6215, 6282, 7049, 7141, 7374, 7402, 7445, 7632, 7752, 7770, 7791, 7939, 7954]","[1341, 2008, 2375, 2781, 3064, 3418, 3945, 4206, 5695, 5936, 6356, 6564]",8182,58,8124,11,47,8123,1
3.0,MMMRPS24,"[40, 217, 266, 353, 404, 645, 670, 836, 959, 1106, 1196, 1460, 1518, 1761, 1994, 2108, 2253, 2406, 2669, 2683, 2928, 2987, 3095, 3137, 3192, 3263, 3713, 3731, 3934, 4371, 4905, 4917, 4969, 5070, 5091, 5228, 5435]","[404, 1460, 1761, 3137]","[40, 217, 266, 353, 645, 670, 836, 959, 1106, 1196, 1518, 1994, 2108, 2253, 2406, 2669, 2683, 2928, 2987, 3095, 3192, 3263, 3713, 3731, 3934, 4371, 4905, 4917, 4969, 5070, 5091, 5228, 5435]","[404, 1460, 1761, 3137]",5491,37,5454,4,33,5454,0
3.0,MMMTIX,"[402, 706, 758, 951, 1355, 1515]","[402, 951]","[706, 758, 1355, 1515]","[402, 951]",1552,6,1546,2,4,1546,0
3.0,MMMUPBS6,"[79, 449, 731, 792, 861, 1203, 1246, 1298, 1451, 1614, 1714, 1901, 2027, 2045, 2425, 2793, 3236, 3366, 3445, 3685, 3883, 4527]","[731, 1203, 2045, 2793, 3236]","[79, 449, 792, 861, 1246, 1298, 1451, 1614, 1714, 1901, 2027, 2425, 3366, 3445, 3685, 3883, 4527]","[731, 1203, 2045, 2793, 3236]",4614,22,4592,5,17,4592,0
3.0,MMMYCL,"[26, 256, 270, 337, 369, 580, 806, 840, 898, 919, 1044, 1170, 1615, 1787, 1951, 1955, 2009, 2042, 2350, 2419, 2554, 2785, 3292, 3810, 4161, 4613, 4673, 4744, 4948, 4970, 5420, 5883, 6229, 6468, 6484, 6619, 6752, 7147, 7436, 7477, 7560, 7565, 7635, 7927, 8161]",[1787],"[26, 256, 270, 337, 369, 580, 806, 840, 898, 919, 1044, 1170, 1615, 1951, 1955, 2009, 2042, 2350, 2419, 2554, 2785, 3292, 3810, 4161, 4613, 4673, 4744, 4948, 4970, 5420, 5883, 6229, 6468, 6484, 6619, 6752, 7147, 7436, 7477, 7560, 7565, 7635, 7927, 8161]",[1787],8308,45,8263,1,44,8263,0
3.0,MMNFMG,"[50, 59, 97, 120, 243, 274, 352, 421, 638, 993, 1043, 1205, 1223, 1319, 1553, 1634, 1791, 2336, 2340, 2534, 2540, 2631, 2878, 3175, 3339, 3452, 3597, 3793, 3876, 4040, 4409, 4448, 4619, 4693, 4753, 4777, 4798, 4804, 4855, 4886, 5044, 5110, 5236]","[1634, 2540]","[50, 59, 97, 120, 243, 274, 352, 421, 638, 993, 1043, 1205, 1223, 1319, 1553, 1791, 2336, 2340, 2534, 2631, 2878, 3175, 3339, 3452, 3597, 3793, 3876, 4040, 4409, 4448, 4619, 4693, 4753, 4777, 4798, 4804, 4855, 4886, 5044, 5110, 5236]","[1634, 2540]",5463,43,5420,2,41,5420,0
3.0,MMNMYC,"[749, 869, 970, 1163, 1210, 1253, 1355, 1584, 1609, 1732, 1921, 2053, 2756, 2791, 3124, 3257, 3278, 3549, 3611, 3661, 3902, 3996, 4204, 4261]",[1163],"[749, 869, 970, 1210, 1253, 1355, 1584, 1609, 1732, 1921, 2053, 2756, 2791, 3124, 3257, 3278, 3549, 3611, 3661, 3902, 3996, 4204, 4261]",[1163],4799,24,4775,1,23,4775,0
3.0,MMNUCLEO,"[184, 540, 622, 665, 669, 784, 863, 1033, 1160, 1803, 1911, 1932, 2027, 2042, 2309, 2311, 2423, 2563, 2680, 2859, 3040, 3141, 3456, 3984, 4029, 4071, 4293, 4319, 4464, 4694, 4715, 4729, 4879, 5198, 5305, 5351, 5605, 5879, 6221, 6230, 6399, 6530, 6879, 7043, 7135, 7203, 7215, 7250, 7705, 8122, 8304, 8349, 8458, 8614, 8794, 8928, 9050, 9279, 9352, 9387, 9572, 9781, 9881, 10068, 10179, 10235, 10325, 10436, 10506, 10946, 11016, 11089, 11413]","[2042, 3141, 4293, 4694, 4879, 5198, 6230, 8122, 9050, 9881, 10436]","[184, 540, 622, 665, 669, 784, 863, 1033, 1160, 1803, 1911, 1932, 2027, 2309, 2311, 2423, 2563, 2680, 2859, 3040, 3456, 3984, 4029, 4071, 4319, 4464, 4715, 4729, 5305, 5351, 5605, 5879, 6221, 6399, 6530, 6879, 7043, 7135, 7203, 7215, 7250, 7705, 8304, 8349, 8458, 8614, 8794, 8928, 9279, 9352, 9387, 9572, 9781, 10068, 10179, 10235, 10325, 10506, 10946, 11016, 11089, 11413]","[2042, 3141, 4293, 4694, 4879, 5198, 6230, 7517, 8122, 8738, 9050, 9881, 10436]",11470,73,11397,11,62,11395,2
3.0,MMODC2,"[80, 124, 331, 454, 689, 737, 944, 966, 1053, 1182, 1369, 1374, 1557, 1801, 1892, 2271, 2399, 2508, 2523, 2532, 2681, 2702, 2728, 2886, 2999, 3003, 3130, 3416, 3433, 4219]","[331, 737, 1053, 1374, 1557, 1801, 2508, 2702, 2999]","[80, 124, 454, 689, 944, 966, 1182, 1369, 1892, 2271, 2399, 2523, 2532, 2681, 2728, 2886, 3003, 3130, 3416, 3433, 4219]","[331, 737, 1053, 1374, 1557, 1801, 2508, 2702, 2999]",4252,30,4222,9,21,4222,0
3.0,MMOESTEOP,"[510, 993, 997, 1091, 1127, 1662, 1666, 1800, 2027, 2283, 2605, 2609, 2742, 2821, 3332, 3523, 4039, 4101, 4452, 4637, 4834, 5104, 5308, 5456, 5607]","[993, 1127, 2283, 2821, 4101]","[510, 997, 1091, 1662, 1666, 1800, 2027, 2605, 2609, 2742, 3332, 3523, 4039, 4452, 4637, 4834, 5104, 5308, 5456, 5607]","[993, 1127, 2283, 2821, 4101]",5774,25,5749,5,20,5749,0
3.0,MMPO,"[324, 475, 561, 825, 857, 1313, 1686, 1709, 1716, 1800, 1950, 2193, 2232, 2446, 2553, 2860, 2948, 3035, 3054, 3336, 3503, 3719, 3728, 3749, 4385, 4769, 4816, 4831, 4902, 5261, 5312, 5575, 5641, 5673, 5809, 5814, 6010, 6250, 6384, 6478, 6555, 6582, 6620, 6637, 6672, 6716, 6805, 6833, 6901, 6911, 6982, 7167, 7756, 7842, 8043, 8109, 8440, 8691, 8907, 9079, 9156, 9226, 9240, 9244, 9454, 9464, 9476, 9712, 9716, 9730, 9809, 9903, 9938, 10001, 10055, 10756, 10894, 10970, 10983, 11076, 11636, 11901]","[2193, 2446, 2948, 3503, 3728, 4769, 7167, 8440, 8907, 9903]","[324, 475, 561, 825, 857, 1313, 1686, 1709, 1716, 1800, 1950, 2232, 2553, 2860, 3035, 3054, 3336, 3719, 3749, 4385, 4816, 4831, 4902, 5261, 5312, 5575, 5641, 5673, 5809, 5814, 6010, 6250, 6384, 6478, 6555, 6582, 6620, 6637, 6672, 6716, 6805, 6833, 6901, 6911, 6982, 7756, 7842, 8043, 8109, 8691, 9079, 9156, 9226, 9240, 9244, 9454, 9464, 9476, 9712, 9716, 9730, 9809, 9938, 10001, 10055, 10756, 10894, 10970, 10983, 11076, 11636, 11901]","[2193, 2446, 2948, 3503, 3728, 4018, 4769, 7167, 8440, 8907, 9903]",11905,82,11823,10,72,11822,1
3.0,MMPPSOMA,"[124, 133, 251, 411, 447, 562, 608, 706, 722, 1034, 1208, 1248, 1301, 2049, 2196, 2491]",[1034],"[124, 133, 251, 411, 447, 562, 608, 706, 722, 1208, 1248, 1301, 2049, 2196, 2491]",[1034],2556,16,2540,1,15,2540,0
3.0,MMPROP2,"[78, 631]",[],"[78, 631]",[289],712,2,710,0,2,709,1
3.0,MMPROT1,"[312, 452, 478, 590, 759, 797, 937, 1094]",[759],"[312, 452, 478, 590, 797, 937, 1094]",[759],1178,8,1170,1,7,1170,0
3.0,MMPROT2,"[311, 361, 508, 615, 658, 771, 880, 915, 987, 1128, 1218, 1357, 1469]",[1218],"[311, 361, 508, 615, 658, 771, 880, 915, 987, 1128, 1357, 1469]",[1218],1568,13,1555,1,12,1555,0
3.0,MMSAP,"[441, 601, 794, 1200, 1550, 1558, 1805]",[441],"[601, 794, 1200, 1550, 1558, 1805]",[441],1868,7,1861,1,6,1861,0
3.0,MMSCIMIP,"[415, 578, 600, 1017, 1054, 1066, 1153, 1946]","[415, 1017]","[578, 600, 1054, 1066, 1153, 1946]","[415, 1017]",1980,8,1972,2,6,1972,0
3.0,MMSYNDE1A,"[48, 190, 526, 762, 816, 1054, 1345, 1483, 1992, 2151, 2198, 2272, 2289, 2365, 2623, 3132, 3556, 3570, 3706, 3831, 3981, 4124, 4826, 4867, 4952, 5018, 5043, 5366, 5420, 5616, 5700, 5772, 5923, 5970, 6090, 6256, 6275, 6622, 6741, 6769, 6996, 7075, 7317, 7622, 7683, 7733, 7805, 7828, 7914, 7931, 8043, 8056, 8412, 8442, 8522, 8765, 9076, 9182, 9320, 9519, 9739, 9867, 9919, 10045, 10122, 10340, 10903, 11099, 11249, 11397, 11495, 11583, 11823, 11858, 11900, 11920, 11930, 12128, 12132, 12407, 12515, 12647, 12651, 12803, 12879, 13095, 13180, 13198, 13426, 13599, 13642, 13646, 13723, 13761, 13851, 14080, 14113, 14178, 14182, 14254, 14410, 14429, 14553, 14623, 14634, 14704, 14812, 14843, 14948, 15011, 15081, 15172, 15203, 15299, 15641, 15674, 15696, 15704, 15845, 15929, 15955, 16427, 16639, 16744, 16770, 16849, 17246, 17281, 17647, 17663, 17701, 17717, 17951, 17984, 18655, 18754, 18837, 19009, 19057, 19286, 19424, 19440, 19542, 19726, 19767, 19903, 20385, 20460, 20515, 20556, 20604, 20626, 20657, 20735, 20900, 20942, 20958, 20990, 21008, 21030, 21888, 22028, 22081, 22120, 22241, 22488, 22707, 22802, 23203]","[1345, 19009, 20385, 20942]","[48, 190, 526, 762, 816, 1054, 1483, 1992, 2151, 2198, 2272, 2289, 2365, 2623, 3132, 3556, 3570, 3706, 3831, 3981, 4124, 4826, 4867, 4952, 5018, 5043, 5366, 5420, 5616, 5700, 5772, 5923, 5970, 6090, 6256, 6275, 6622, 6741, 6769, 6996, 7075, 7317, 7622, 7683, 7733, 7805, 7828, 7914, 7931, 8043, 8056, 8412, 8442, 8522, 8765, 9076, 9182, 9320, 9519, 9739, 9867, 9919, 10045, 10122, 10340, 10903, 11099, 11249, 11397, 11495, 11583, 11823, 11858, 11900, 11920, 11930, 12128, 12132, 12407, 12515, 12647, 12651, 12803, 12879, 13095, 13180, 13198, 13426, 13599, 13642, 13646, 13723, 13761, 13851, 14080, 14113, 14178, 14182, 14254, 14410, 14429, 14553, 14623, 14634, 14704, 14812, 14843, 14948, 15011, 15081, 15172, 15203, 15299, 15641, 15674, 15696, 15704, 15845, 15929, 15955, 16427, 16639, 16744, 16770, 16849, 17246, 17281, 17647, 17663, 17701, 17717, 17951, 17984, 18655, 18754, 18837, 19057, 19286, 19424, 19440, 19542, 19726, 19767, 19903, 20460, 20515, 20556, 20604, 20626, 20657, 20735, 20900, 20958, 20990, 21008, 21030, 21888, 22028, 22081, 22120, 22241, 22488, 22707, 22802, 23203]","[1345, 19009, 20385, 20942]",23592,169,23423,4,165,23423,0
3.0,MMTHY1G,"[80, 183, 616, 629, 696, 720, 854, 1009, 1156, 1586, 1833, 1837, 1943, 2174, 2181]","[80, 1009]","[183, 616, 629, 696, 720, 854, 1156, 1586, 1833, 1837, 1943, 2174, 2181]","[80, 1009]",2682,15,2667,2,13,2667,0
3.0,MMTLAC,"[140, 299, 449, 494, 539, 748, 864, 912, 917, 925, 1171, 1335, 2743, 2858, 2874, 3092, 3338, 3467, 3509, 3836, 4297, 4373, 4591, 4651, 4774, 4783, 4830, 4939, 5339]","[299, 748, 1171, 3092, 3338]","[140, 449, 494, 539, 864, 912, 917, 925, 1335, 2743, 2858, 2874, 3467, 3509, 3836, 4297, 4373, 4591, 4651, 4774, 4783, 4830, 4939, 5339]","[299, 748, 1171, 3092, 3338]",5239,29,5210,5,24,5210,0
3.0,MMTNFBG,"[315, 524, 734, 813, 1196, 1553, 1558, 1728, 2136, 2415, 2419, 2456, 2999]",[1728],"[315, 524, 734, 813, 1196, 1553, 1558, 2136, 2415, 2419, 2456, 2999]","[1728, 1911]",3211,13,3198,1,12,3197,1
3.0,MMTROPIB,"[183, 656, 1092, 1261, 1276, 1307, 1568, 1697, 1744, 1749, 1772, 1832, 1932, 1939, 1956, 1977, 2033, 2038, 2185, 2274, 2279, 2300, 2327, 2421, 2522, 2534, 2656, 2673, 2677, 2761, 3037, 3564, 3690, 4269, 4493, 4580, 4604, 4620, 4748, 4865, 4950, 5379, 5561]","[1697, 1932, 2185, 2656, 3037, 3564, 4604]","[183, 656, 1092, 1261, 1276, 1307, 1568, 1744, 1749, 1772, 1832, 1939, 1956, 1977, 2033, 2038, 2274, 2279, 2300, 2327, 2421, 2522, 2534, 2673, 2677, 2761, 3690, 4269, 4493, 4580, 4620, 4748, 4865, 4950, 5379, 5561]","[1697, 1932, 2185, 2656, 3037, 3564, 4604]",5683,43,5640,7,36,5640,0
3.0,MMTUM198,"[70, 120, 347, 611, 709, 891, 1084, 1216, 1717, 1729, 1750, 1849, 1954, 1986, 2808, 2818, 2899, 3098, 3313, 3328, 3338, 3587, 3818, 3836, 3845, 4087, 4180, 4220]","[2818, 3098, 3313, 3587, 3818, 4180]","[70, 120, 347, 611, 709, 891, 1084, 1216, 1717, 1729, 1750, 1849, 1954, 1986, 2808, 2899, 3328, 3338, 3836, 3845, 4087, 4220]","[1692, 2818, 3098, 3313, 3587, 3818, 4180]",4376,28,4348,6,22,4347,1
3.0,MMU01530,"[76, 358, 636, 891, 924, 956, 1080, 1164, 1180, 1357, 1458, 1576, 1589, 1903, 1955, 2027, 2244, 2269, 2298, 2581, 2853, 3094, 3188, 3231, 3536, 3729, 3803, 4167, 4263, 4412, 4904, 5260, 5405, 5602, 5885, 6029, 6039, 6229, 6394, 6423, 6546, 6611]","[3094, 3231]","[76, 358, 636, 891, 924, 956, 1080, 1164, 1180, 1357, 1458, 1576, 1589, 1903, 1955, 2027, 2244, 2269, 2298, 2581, 2853, 3188, 3536, 3729, 3803, 4167, 4263, 4412, 4904, 5260, 5405, 5602, 5885, 6029, 6039, 6229, 6394, 6423, 6546, 6611]","[3094, 3231]",6694,42,6652,2,40,6652,0
3.0,MMU02278,"[75, 342, 348, 888, 1041, 1135, 1537, 1542, 1638, 1858, 1949, 2159, 2312, 2344, 3100, 3368, 3433, 3593, 3669, 3779, 3873, 3967]",[1638],"[75, 342, 348, 888, 1041, 1135, 1537, 1542, 1858, 1949, 2159, 2312, 2344, 3100, 3368, 3433, 3593, 3669, 3779, 3873, 3967]",[1638],3973,22,3951,1,21,3951,0
3.0,MMU02298,"[475, 603, 685, 1099, 1180, 1508, 1639, 2102, 2413, 2618, 2874, 3047, 3067, 3116, 3347, 3442, 3893, 3911, 3920, 4270, 4343, 4351, 4749, 4794, 4897, 5502, 5527, 5550]","[1180, 2413]","[475, 603, 685, 1099, 1508, 1639, 2102, 2618, 2874, 3047, 3067, 3116, 3347, 3442, 3893, 3911, 3920, 4270, 4343, 4351, 4749, 4794, 4897, 5502, 5527, 5550]","[1180, 2413]",5851,28,5823,2,26,5823,0
3.0,MMU02884,"[214, 220, 512, 668, 711, 814, 875, 1025, 1372, 1576, 1630, 1761, 1930, 2107, 2340, 2382, 2441, 2484, 2785, 3386, 3526, 3665, 3669, 3865, 4056, 4706, 4798, 4831, 5217, 5244, 5291, 5517, 5806, 6022, 6026, 6642, 6740, 6836, 7208, 7219, 7309, 7527, 7562, 7567, 7708, 7866, 7896, 7973, 8590, 8612]","[1630, 5244, 6836]","[214, 220, 512, 668, 711, 814, 875, 1025, 1372, 1576, 1761, 1930, 2107, 2340, 2382, 2441, 2484, 2785, 3386, 3526, 3665, 3669, 3865, 4056, 4706, 4798, 4831, 5217, 5291, 5517, 5806, 6022, 6026, 6642, 6740, 7208, 7219, 7309, 7527, 7562, 7567, 7708, 7866, 7896, 7973, 8590, 8612]","[1630, 5244, 6836]",8757,50,8707,3,47,8707,0
3.0,MMU04056,"[186, 231, 265, 321, 387, 901, 1227, 1326, 1331, 1382, 1450, 1461, 1472, 1502, 1513, 1644, 1800, 1857, 1865, 2046, 2088, 2135, 2183, 2377, 2490, 2509, 2667, 2711, 2747, 2902, 2960, 3291, 3530, 3725, 4688, 4769, 5105, 5218, 5459, 5594, 6264, 6477, 6772, 7101, 7111, 7199, 7683, 7710, 7979, 8069, 8501, 8633, 8664, 8680, 8732, 8895, 9012, 9216, 9517, 9807, 10200, 10288, 10317, 10744, 10794, 10876, 10998, 11259, 11441, 11578, 11797, 12088, 12211, 13211, 13344, 13391, 13400, 13933, 14104, 14226, 14478, 14615, 14896, 15011, 15214, 15270, 15365, 15417, 15502, 15506, 15545, 15620, 15870, 15971, 15993, 16157, 16230, 16348, 16561, 16710, 16734, 16843, 16994, 17017, 17245, 17765, 17822, 17826, 17992, 18100, 19830, 19860, 19864, 20025, 20066, 20131, 20243, 20314, 20501, 20602, 20633, 20804, 20937, 21185, 21351, 21514, 21625, 21633]","[1382, 3530, 4688, 7979, 8895, 10317, 10876, 11259, 12211, 16230, 16561]","[186, 231, 265, 321, 387, 901, 1227, 1326, 1331, 1450, 1461, 1472, 1502, 1513, 1644, 1800, 1857, 1865, 2046, 2088, 2135, 2183, 2377, 2490, 2509, 2667, 2711, 2747, 2902, 2960, 3291, 3725, 4769, 5105, 5218, 5459, 5594, 6264, 6477, 6772, 7101, 7111, 7199, 7683, 7710, 8069, 8501, 8633, 8664, 8680, 8732, 9012, 9216, 9517, 9807, 10200, 10288, 10744, 10794, 10998, 11441, 11578, 11797, 12088, 13211, 13344, 13391, 13400, 13933, 14104, 14226, 14478, 14615, 14896, 15011, 15214, 15270, 15365, 15417, 15502, 15506, 15545, 15620, 15870, 15971, 15993, 16157, 16348, 16710, 16734, 16843, 16994, 17017, 17245, 17765, 17822, 17826, 17992, 18100, 19830, 19860, 19864, 20025, 20066, 20131, 20243, 20314, 20501, 20602, 20633, 20804, 20937, 21185, 21351, 21514, 21625, 21633]","[1382, 3530, 4688, 7979, 8895, 10317, 10876, 11259, 12211, 13491, 16230, 16561]",21710,128,21582,11,117,21581,1
3.0,MMU04827,"[70, 105, 689, 1299, 1649, 2179, 2246, 2280, 2512, 2767, 2828, 3095, 3551, 3555, 3684, 3933, 4276, 4281, 4301, 4969, 5174, 5286, 5444, 5675, 5771, 6145, 6871, 7133, 7252, 7291, 7369, 7579, 7592]","[3684, 4281, 4969]","[70, 105, 689, 1299, 1649, 2179, 2246, 2280, 2512, 2767, 2828, 3095, 3551, 3555, 3933, 4276, 4301, 5174, 5286, 5444, 5675, 5771, 6145, 6871, 7133, 7252, 7291, 7369, 7579, 7592]","[3684, 4281, 4969]",7600,33,7567,3,30,7567,0
3.0,MMU07568,"[84, 253, 267, 482, 527]","[84, 267, 482]","[253, 527]","[84, 267, 482]",743,5,738,3,2,738,0
3.0,MMU07808,"[61, 183, 404, 542, 547, 664, 673, 677, 876, 987, 1019, 1087, 1179, 1208, 1697, 1762, 1918, 2384, 2395]","[673, 1697]","[61, 183, 404, 542, 547, 664, 677, 876, 987, 1019, 1087, 1179, 1208, 1762, 1918, 2384, 2395]","[673, 1697]",2840,19,2821,2,17,2821,0
3.0,MMU09741,"[245, 654, 1076, 1094, 1230, 1293, 1426, 1537, 1655, 1679, 2034, 2116, 2675]","[245, 1230]","[654, 1076, 1094, 1293, 1426, 1537, 1655, 1679, 2034, 2116, 2675]","[245, 1230]",2844,13,2831,2,11,2831,0
3.0,MMU09964,"[26, 45, 49, 157, 321, 375, 510, 803, 811, 857, 917, 1295, 1299, 1305, 1968, 2115, 2317, 2375, 2490, 2671, 2680, 2693, 2697, 2970, 3414, 3428, 3432, 3448, 3779, 3796, 3933, 4126, 4303, 4598, 4607, 4657, 4788, 4962, 5091, 5375, 5667, 5726, 5730, 5747, 5754, 5793, 5816, 5820, 5824, 5828, 5832, 5836, 5840, 5844, 5977, 6240, 6447, 6524, 6612, 6741, 6890, 7044, 7151, 7423, 7434, 7525, 7667, 7760, 7962, 8162, 8192, 8455, 8460, 8601, 9017, 9311, 9576, 9898, 9952, 9980, 10001, 10328, 10357, 10363, 10372, 10378, 10429, 10434, 10875, 10991, 11050, 11127, 11186, 11246]","[1968, 3428, 4303, 4607, 7962, 8162, 8601, 9017, 9311, 10875]","[26, 45, 49, 157, 321, 375, 510, 803, 811, 857, 917, 1295, 1299, 1305, 2115, 2317, 2375, 2490, 2671, 2680, 2693, 2697, 2970, 3414, 3432, 3448, 3779, 3796, 3933, 4126, 4598, 4657, 4788, 4962, 5091, 5375, 5667, 5726, 5730, 5747, 5754, 5793, 5816, 5820, 5824, 5828, 5832, 5836, 5840, 5844, 5977, 6240, 6447, 6524, 6612, 6741, 6890, 7044, 7151, 7423, 7434, 7525, 7667, 7760, 8192, 8455, 8460, 9576, 9898, 9952, 9980, 10001, 10328, 10357, 10363, 10372, 10378, 10429, 10434, 10991, 11050, 11127, 11186, 11246]","[1968, 3428, 4303, 4607, 7962, 8162, 8601, 9017, 9311, 10875]",11454,94,11360,10,84,11360,0
3.0,MMU10098,"[517, 593, 695, 1098, 1155, 1165, 1173, 1383, 1425, 1436, 1624, 1632, 1956, 2158, 3145, 3266, 3270, 3325, 3509, 3562, 3596, 4659, 4699, 4929, 5292, 5352, 5565, 5593, 5609, 5695, 5812]","[1173, 3509]","[517, 593, 695, 1098, 1155, 1165, 1383, 1425, 1436, 1624, 1632, 1956, 2158, 3145, 3266, 3270, 3325, 3562, 3596, 4659, 4699, 4929, 5292, 5352, 5565, 5593, 5609, 5695, 5812]","[1173, 3509]",6117,31,6086,2,29,6086,0
3.0,MMU11054,"[23, 185, 204, 383, 457, 729, 1833, 1839, 1996, 2037, 2250, 2330, 2515]","[457, 1996]","[23, 185, 204, 383, 729, 1833, 1839, 2037, 2250, 2330, 2515]","[457, 1418, 1996]",2564,13,2551,2,11,2550,1
3.0,MMU11713,"[250, 288, 520, 587, 634, 694, 996, 1270, 1288, 1365, 1485]","[288, 634]","[250, 520, 587, 694, 996, 1270, 1288, 1365, 1485]","[288, 634]",1759,11,1748,2,9,1748,0
3.0,MMU12029,"[17, 51, 297, 342, 381, 507, 582, 879, 1264, 1309, 1347, 1385, 1410, 1450, 1741, 1897, 2030, 2036, 2082]","[582, 1264]","[17, 51, 297, 342, 381, 507, 879, 1309, 1347, 1385, 1410, 1450, 1741, 1897, 2030, 2036, 2082]","[582, 1264]",2255,19,2236,2,17,2236,0
3.0,MMU12273,"[38, 247, 283, 358, 384, 389, 496, 680, 769, 915, 970, 1085, 1434, 1550, 1740, 1871, 1904, 1940]","[680, 1085, 1740]","[38, 247, 283, 358, 384, 389, 496, 769, 915, 970, 1434, 1550, 1871, 1904, 1940]","[680, 1085, 1740]",2575,18,2557,3,15,2557,0
3.0,MMU12559,"[62, 247, 264, 822]",[247],"[62, 264, 822]",[247],918,4,914,1,3,914,0
3.0,MMU12560,"[62, 247, 257]",[247],"[62, 257]",[247],920,3,917,1,2,917,0
3.0,MMU12561,"[62, 247, 384, 420, 820]",[247],"[62, 384, 420, 820]",[247],916,5,911,1,4,911,0
3.0,MMU12562,"[9, 62, 247, 590]",[247],"[9, 62, 590]",[247],918,4,914,1,3,914,0
3.0,MMU12565,"[62, 247, 396, 630, 866]",[247],"[62, 396, 630, 866]",[247],1043,5,1038,1,4,1038,0
3.0,MMU13921,"[10, 162, 289, 329, 337, 585, 692, 820, 856, 952, 1034, 1402, 1607, 1745, 1862, 1867, 2003, 2197, 2354, 2693, 2930, 3036, 3132, 3401, 3525, 3630, 3794, 3990, 4034, 4226, 4514]","[952, 2003, 2354, 2693, 2930, 3990]","[10, 162, 289, 329, 337, 585, 692, 820, 856, 1034, 1402, 1607, 1745, 1862, 1867, 2197, 3036, 3132, 3401, 3525, 3630, 3794, 4034, 4226, 4514]","[952, 2003, 2354, 2693, 2930, 3241, 3990]",4670,31,4639,6,25,4638,1
3.0,MMU14421,"[250, 255, 282, 511, 819, 1078, 1089, 1183, 1322, 1867, 1887, 1952, 2041, 2454, 3681, 3685, 3788, 3799, 3848, 3861, 3867, 3916, 3920, 4195, 4237, 4413, 4429, 4470, 4506, 4528, 4560, 4566, 4613, 4669, 4941, 5034, 5599, 5864, 5941]",[4237],"[250, 255, 282, 511, 819, 1078, 1089, 1183, 1322, 1867, 1887, 1952, 2041, 2454, 3681, 3685, 3788, 3799, 3848, 3861, 3867, 3916, 3920, 4195, 4413, 4429, 4470, 4506, 4528, 4560, 4566, 4613, 4669, 4941, 5034, 5599, 5864, 5941]","[3668, 4237, 4502, 4814]",6254,39,6215,1,38,6212,3
3.0,MMVITRO,"[8, 14, 131, 689, 725, 738, 788, 1025, 1263, 1425, 1845, 1861, 1883, 1892, 2054, 2071, 2075, 2219, 2249, 2474, 2490, 2585, 2693, 2718, 2783, 2826, 3279, 3703, 3733, 3755, 3812, 3820, 3855, 3863, 4355, 4445, 4780, 4867, 4941, 4985, 4996]","[1845, 2054, 2474, 2693, 3279, 4355]","[8, 14, 131, 689, 725, 738, 788, 1025, 1263, 1425, 1861, 1883, 1892, 2071, 2075, 2219, 2249, 2490, 2585, 2718, 2783, 2826, 3703, 3733, 3755, 3812, 3820, 3855, 3863, 4445, 4780, 4867, 4941, 4985, 4996]","[1845, 2054, 2474, 2693, 3017, 3279, 4355]",4996,41,4955,6,35,4954,1
3.0,MMVPREB2,"[104, 172, 214, 323, 379, 587, 908, 930]",[379],"[104, 172, 214, 323, 587, 908, 930]",[379],1045,8,1037,1,7,1037,0
3.0,MMVPREB3,"[104, 172, 214, 323, 379, 587, 908]",[379],"[104, 172, 214, 323, 587, 908]",[379],1045,7,1038,1,6,1038,0
3.0,MNKEGLOBIM,"[221, 237, 271, 469, 583, 599, 1054, 1060, 1166, 1184, 1196, 1264, 1409, 1420, 1465]","[237, 583]","[221, 271, 469, 599, 1054, 1060, 1166, 1184, 1196, 1264, 1409, 1420, 1465]","[237, 583]",1693,15,1678,2,13,1678,0
3.0,MNKEGLOBIN,"[221, 237, 271, 469, 583, 599, 1052, 1058, 1164, 1182, 1194, 1262, 1407, 1418, 1463]","[237, 583]","[221, 271, 469, 599, 1052, 1058, 1164, 1182, 1194, 1262, 1407, 1418, 1463]","[237, 583]",1691,15,1676,2,13,1676,0
3.0,MNKHGBGGAG,"[75, 92, 249, 287, 297, 519, 586, 633, 702, 879, 1064, 1123, 1282, 1338, 1342, 1440, 1485]","[287, 633]","[75, 92, 249, 297, 519, 586, 702, 879, 1064, 1123, 1282, 1338, 1342, 1440, 1485]","[287, 633]",1697,17,1680,2,15,1680,0
3.0,MNPROP2,"[64, 620]",[],"[64, 620]",[278],696,2,694,0,2,693,1
3.0,MUS8HS20,"[135, 257, 271, 280, 305, 329, 503, 545, 617, 638, 940, 962, 1015, 1360, 1625, 2133, 2311, 2530, 2562]",[940],"[135, 257, 271, 280, 305, 329, 503, 545, 617, 638, 962, 1015, 1360, 1625, 2133, 2311, 2530, 2562]",[940],2622,19,2603,1,18,2603,0
3.0,MUSAP,"[58, 110, 443, 499, 657, 810, 814, 931, 1012, 1076, 1423, 2291, 2551, 2617, 2656, 2686, 2766, 2774, 2845, 2868, 3186, 3236, 3245, 3264, 3438, 3574, 3815, 3844, 3950, 4034, 4160, 4345, 4509, 4528, 4539, 4740, 4780, 4927, 4946, 4971, 5092, 5211, 5230, 5290, 5369, 5529, 5547, 5619, 5952, 6013, 6067, 6071, 6406, 6494, 6525, 6554, 6610, 6709, 6929, 6986, 7174, 7201, 7229, 7890, 8019]","[3574, 3815, 4034, 4509, 4740, 4971, 5290, 5619, 5952, 6406, 6709]","[58, 110, 443, 499, 657, 810, 814, 931, 1012, 1076, 1423, 2291, 2551, 2617, 2656, 2686, 2766, 2774, 2845, 2868, 3186, 3236, 3245, 3264, 3438, 3844, 3950, 4160, 4345, 4528, 4539, 4780, 4927, 4946, 5092, 5211, 5230, 5369, 5529, 5547, 6013, 6067, 6071, 6494, 6525, 6554, 6610, 6929, 6986, 7174, 7201, 7229, 7890, 8019]","[3574, 3815, 4034, 4509, 4740, 4971, 5290, 5619, 5952, 6406, 6709]",8086,65,8021,11,54,8021,0
3.0,MUSAP5A,"[259, 354, 551, 651, 697, 786, 853, 920, 958, 996, 1315, 1696, 1768, 1853, 1889, 2064, 2222, 2428, 2454, 2463, 2681, 2759, 2842, 3332, 3355, 3527, 3744, 3752, 3852, 4614, 4657, 4709, 4971, 5224, 5226, 5253, 5257, 5266, 5353, 5487, 5825, 6195, 6254, 6321, 6668, 6685, 6816]","[2428, 2759, 4614]","[259, 354, 551, 651, 697, 786, 853, 920, 958, 996, 1315, 1696, 1768, 1853, 1889, 2064, 2222, 2454, 2463, 2681, 2842, 3332, 3355, 3527, 3744, 3752, 3852, 4657, 4709, 4971, 5224, 5226, 5253, 5257, 5266, 5353, 5487, 5825, 6195, 6254, 6321, 6668, 6685, 6816]","[2428, 2759, 4614]",6821,47,6774,3,44,6774,0
3.0,MUSAPEX,"[300, 372, 412, 604, 768, 1042, 1251, 1287, 1363, 1389, 1394, 1500, 1684, 1773, 1919, 1974, 2089, 2436, 2552, 2742, 2873, 2906, 2942, 3602, 3882, 4006]","[1684, 2089, 2742]","[300, 372, 412, 604, 768, 1042, 1251, 1287, 1363, 1389, 1394, 1500, 1773, 1919, 1974, 2436, 2552, 2873, 2906, 2942, 3602, 3882, 4006]","[1684, 2089, 2742]",4034,26,4008,3,23,4008,0
3.0,MUSAPOAII,"[75, 112, 404, 474, 495, 499, 559, 575, 723, 760, 940, 956, 1155, 1543, 1562, 1772, 1887, 2016, 2309, 2327, 2361, 2621]","[723, 1155]","[75, 112, 404, 474, 495, 499, 559, 575, 760, 940, 956, 1543, 1562, 1772, 1887, 2016, 2309, 2327, 2361, 2621]","[723, 1155]",2952,22,2930,2,20,2930,0
3.0,MUSAPOIVA,"[63, 358, 470, 529, 560, 588, 975, 1029, 1226, 1235, 1256, 1385, 1415, 1676, 1759, 2149, 2299, 2365, 2629, 2774, 2859, 2898, 2914, 2929]","[588, 975]","[63, 358, 470, 529, 560, 1029, 1226, 1235, 1256, 1385, 1415, 1676, 1759, 2149, 2299, 2365, 2629, 2774, 2859, 2898, 2914, 2929]","[588, 975]",3012,24,2988,2,22,2988,0
3.0,MUSBMP4,"[221, 336, 441, 510, 660, 664, 768, 1064, 1068, 1080, 1847, 2008, 2095, 2149, 2413, 2434, 2473, 2683, 2820, 2888, 2960, 3208, 3212, 3307, 3697, 3791, 3806, 3967, 4135, 4160, 4310, 4471, 4495, 4594, 4806, 5132, 5289, 5497, 5725, 5890, 5988, 6380, 6626, 6645, 6816, 7157, 7179, 7212, 7237, 7951, 8211, 8267, 8446, 8462, 8525, 9429, 9626]",[7179],"[221, 336, 441, 510, 660, 664, 768, 1064, 1068, 1080, 1847, 2008, 2095, 2149, 2413, 2434, 2473, 2683, 2820, 2888, 2960, 3208, 3212, 3307, 3697, 3791, 3806, 3967, 4135, 4160, 4310, 4471, 4495, 4594, 4806, 5132, 5289, 5497, 5725, 5890, 5988, 6380, 6626, 6645, 6816, 7157, 7212, 7237, 7951, 8211, 8267, 8446, 8462, 8525, 9429, 9626]",[7179],9660,57,9603,1,56,9603,0
3.0,MUSBNP,"[225, 336, 412, 488, 680, 753, 903, 1057, 1449]","[336, 753]","[225, 412, 488, 680, 903, 1057, 1449]","[336, 753]",1460,9,1451,2,7,1451,0
3.0,MUSCD14A,"[176, 543, 639, 777, 1002, 1122, 1454]",[176],"[543, 639, 777, 1002, 1122, 1454]",[176],1865,7,1858,1,6,1858,0
3.0,MUSCRKNB,"[96, 460, 668, 815, 917, 1219, 1440, 1493, 1807, 1824, 1904, 1989, 2058, 2110, 2245, 2455, 2466, 2658, 2796, 2829, 2879, 3056, 3192, 3505, 3842, 3862, 3876, 3925, 3949, 4356]","[1904, 2245, 2455, 2796, 3505, 3842]","[96, 460, 668, 815, 917, 1219, 1440, 1493, 1807, 1824, 1989, 2058, 2110, 2466, 2658, 2829, 2879, 3056, 3192, 3862, 3876, 3925, 3949, 4356]","[1904, 2245, 2455, 2796, 3505, 3842]",4513,30,4483,6,24,4483,0
3.0,MUSCYTCOVB,"[48, 479, 724, 928, 935, 1064, 1081, 1319, 1585, 1679, 1808, 1925, 1946, 2066, 2168, 2234]","[724, 1319, 1585]","[48, 479, 928, 935, 1064, 1081, 1679, 1808, 1925, 1946, 2066, 2168, 2234]","[724, 1319, 1585]",2532,16,2516,3,13,2516,0
3.0,MUSENDOBA,"[59, 135, 299, 333, 382, 807, 923, 1066, 1276, 1500, 1507, 1701, 2117, 2130, 2462, 2614, 2743, 3027, 3115, 3222, 3350, 3618, 3707, 3816, 3892, 4049, 4342, 4346, 4371, 4430, 4853, 4898, 4920, 5090, 5527, 5589, 5616, 5660, 5696, 5700, 5721, 5817, 5969, 6258, 6301, 6358, 6506, 6929, 6980, 6992, 7007, 7151, 7548, 7585, 7841]","[2743, 3618, 4049, 4853, 5090, 5589]","[59, 135, 299, 333, 382, 807, 923, 1066, 1276, 1500, 1507, 1701, 2117, 2130, 2462, 2614, 3027, 3115, 3222, 3350, 3707, 3816, 3892, 4342, 4346, 4371, 4430, 4898, 4920, 5527, 5616, 5660, 5696, 5700, 5721, 5817, 5969, 6258, 6301, 6358, 6506, 6929, 6980, 6992, 7007, 7151, 7548, 7585, 7841]","[2743, 3618, 4049, 4853, 5090, 5589]",7871,55,7816,6,49,7816,0
3.0,MUSFAUA,"[506, 544, 760, 783, 790, 846, 925, 988, 1216, 1249, 1496, 1530, 1535, 1645, 1799, 2068, 2103, 2110, 2124, 2169, 2220, 2275, 2650]","[1249, 1496, 2124]","[506, 544, 760, 783, 790, 846, 925, 988, 1216, 1530, 1535, 1645, 1799, 2068, 2103, 2110, 2169, 2220, 2275, 2650]","[1249, 1496, 2124]",2842,23,2819,3,20,2819,0
3.0,MUSFERHC,"[393, 483, 526, 713, 910, 1103, 1417, 1597, 1827, 1944, 2000, 2185, 2319, 2428]","[483, 1827, 2185]","[393, 526, 713, 910, 1103, 1417, 1597, 1944, 2000, 2319, 2428]","[483, 1827, 2185]",2782,14,2768,3,11,2768,0
3.0,MUSFKBP13X,"[321, 736, 764, 904, 928, 1070, 1247, 1282, 1358, 1556]","[321, 736, 904, 1282]","[764, 928, 1070, 1247, 1358, 1556]","[321, 736, 904, 1282]",1573,10,1563,4,6,1563,0
3.0,MUSGAD45,"[559, 807, 935, 1034, 1091, 1099, 1126, 1187, 1309, 1347, 1452, 1458, 1542, 1563, 1595, 1755, 1898, 2170, 2472, 2647, 3023]","[935, 1126, 1458]","[559, 807, 1034, 1091, 1099, 1187, 1309, 1347, 1452, 1542, 1563, 1595, 1755, 1898, 2170, 2472, 2647, 3023]","[935, 1126, 1458]",3092,21,3071,3,18,3071,0
3.0,MUSGFJE,"[378, 624, 709, 1098, 1194, 1323, 1489, 1839, 2167, 2217, 2275]","[624, 1489]","[378, 709, 1098, 1194, 1323, 1839, 2167, 2217, 2275]","[624, 1489]",2403,11,2392,2,9,2392,0
3.0,MUSGPOAD,"[349, 430, 461, 890, 1044, 1048, 1169, 1324, 1328, 1737, 2306, 2538, 2898, 3046, 3337, 3408, 4023, 4168, 4403, 4816, 4881, 4916, 5083, 5245, 5250, 5328, 5342, 5400, 5647, 5826, 5859, 5944, 6149, 6515, 6573, 6779, 7258, 7403, 7850, 7929, 7980, 7998]","[1044, 2306, 4403, 4916]","[349, 430, 461, 890, 1048, 1169, 1324, 1328, 1737, 2538, 2898, 3046, 3337, 3408, 4023, 4168, 4816, 4881, 5083, 5245, 5250, 5328, 5342, 5400, 5647, 5826, 5859, 5944, 6149, 6515, 6573, 6779, 7258, 7403, 7850, 7929, 7980, 7998]","[1044, 2306, 4403, 4916]",8068,42,8026,4,38,8026,0
3.0,MUSHBBH0,"[163, 184, 365, 651, 914, 1012, 1112, 1265, 1487, 1566, 1783, 2081]","[365, 914]","[163, 184, 651, 1012, 1112, 1265, 1487, 1566, 1783, 2081]","[365, 914]",2127,12,2115,2,10,2115,0
3.0,MUSHBBH1,"[97, 249, 270, 451, 733, 780, 975, 1062, 1417, 1493, 1651, 1675]","[451, 780]","[97, 249, 270, 733, 975, 1062, 1417, 1493, 1651, 1675]","[451, 780]",1918,12,1906,2,10,1906,0
3.0,MUSHES1,"[76, 355, 556, 784, 1108, 1121, 1159, 1351, 1367, 1400, 1406, 1488, 1698, 1797, 1819, 1839, 2208]","[556, 784, 1108]","[76, 355, 1121, 1159, 1351, 1367, 1400, 1406, 1488, 1698, 1797, 1819, 1839, 2208]","[556, 784, 1108]",2817,17,2800,3,14,2800,0
3.0,MUSHOX35A,"[48, 232, 281, 597, 612, 773, 1062, 1308, 1715, 1721, 2007, 2012, 2372, 2512, 2577, 2661, 2850, 3045, 3119, 3150, 3209, 3398, 3464, 3519, 3524, 3545]",[1308],"[48, 232, 281, 597, 612, 773, 1062, 1715, 1721, 2007, 2012, 2372, 2512, 2577, 2661, 2850, 3045, 3119, 3150, 3209, 3398, 3464, 3519, 3524, 3545]",[1308],3847,26,3821,1,25,3821,0
3.0,MUSIL1RN,"[168, 309, 512, 632, 886, 1445, 1676, 1736, 1922, 2186, 2224, 2289, 2483, 2552, 2789, 3076, 3116, 3147, 3549, 3883, 3938, 4482, 4744, 4785, 5269, 5875, 6210]","[512, 2483, 3549]","[168, 309, 632, 886, 1445, 1676, 1736, 1922, 2186, 2224, 2289, 2552, 2789, 3076, 3116, 3147, 3883, 3938, 4482, 4744, 4785, 5269, 5875, 6210]","[512, 2483, 3549]",6342,27,6315,3,24,6315,0
3.0,MUSKE3A,"[21, 340, 349, 365, 544, 657, 788, 840, 981, 1088, 1215, 1328, 1377, 1402, 1410, 1545, 1562, 1569, 1604, 1620, 1645, 1881, 1948, 2052, 2194, 2659, 2665, 2794, 3218, 3339, 3400, 3405, 3409, 3515, 3553]","[21, 544, 3218, 3400]","[340, 349, 365, 657, 788, 840, 981, 1088, 1215, 1328, 1377, 1402, 1410, 1545, 1562, 1569, 1604, 1620, 1645, 1881, 1948, 2052, 2194, 2659, 2665, 2794, 3339, 3405, 3409, 3515, 3553]","[21, 544, 3218, 3400]",3612,35,3577,4,31,3577,0
3.0,MUSLMP7A,"[287, 429, 487, 535, 903, 1193, 1318, 1354, 1364, 1407, 1570, 1876, 1978, 2153, 2157, 2269, 2293, 2297, 2454, 3029, 3046, 3178, 3674, 4005]","[1318, 2153, 2454, 3029, 3674]","[287, 429, 487, 535, 903, 1193, 1354, 1364, 1407, 1570, 1876, 1978, 2157, 2269, 2293, 2297, 3046, 3178, 4005]","[1318, 2153, 2454, 3029, 3674]",4259,24,4235,5,19,4235,0
3.0,MUSLTA,"[530, 830, 1207, 1632, 1637, 1807, 2114, 2217, 2496, 2500, 2537, 3073, 3164]",[1807],"[530, 830, 1207, 1632, 1637, 2114, 2217, 2496, 2500, 2537, 3073, 3164]","[1807, 1990]",3286,13,3273,1,12,3272,1
3.0,MUSMC26,"[155, 539, 634, 646, 687, 816, 843, 1581, 1884, 1906, 2071, 2419, 2475, 3046, 3075, 3190, 3331, 3415, 3666, 3682, 3716, 3870, 3964, 3982, 4144, 4182, 4322, 4669]","[2419, 3190, 4144]","[155, 539, 634, 646, 687, 816, 843, 1581, 1884, 1906, 2071, 2475, 3046, 3075, 3331, 3415, 3666, 3682, 3716, 3870, 3964, 3982, 4182, 4322, 4669]","[2419, 3190, 4144]",5386,28,5358,3,25,5358,0
3.0,MUSOGC,"[113, 290, 460, 489, 522, 631, 742, 814, 920]","[113, 290, 489]","[460, 522, 631, 742, 814, 920]","[113, 290, 489]",941,9,932,3,6,932,0
3.0,MUSOGCA,"[214, 285, 356, 367, 464, 479, 866, 1043, 1213, 1242, 1275, 1567, 1673]","[866, 1043, 1242]","[214, 285, 356, 367, 464, 479, 1213, 1275, 1567, 1673]","[866, 1043, 1242]",1694,13,1681,3,10,1681,0
3.0,MUSOGCB,"[113, 290, 461, 490, 523, 632, 743, 815, 921]","[113, 290, 490]","[461, 523, 632, 743, 815, 921]","[113, 290, 490]",942,9,933,3,6,933,0
3.0,MUSPNMT,"[85, 276, 547, 694, 955, 1076, 1123, 1221, 1523, 1665, 1713, 1881, 2135, 2343, 2372, 2450, 2491, 2599, 2703, 2755, 2884, 2890, 2892]","[1665, 2343]","[85, 276, 547, 694, 955, 1076, 1123, 1221, 1523, 1713, 1881, 2135, 2372, 2450, 2491, 2599, 2703, 2755, 2884, 2890, 2892]","[1665, 2343]",3136,23,3113,2,21,3113,0
3.0,MUSPROTA,"[421, 585, 660, 945, 1213, 1250, 1945, 2033, 2069, 2530, 2585, 2604, 3119, 3224, 3555, 3621, 3663, 4024, 4105, 4600]","[1945, 2585, 3224, 3663]","[421, 585, 660, 945, 1213, 1250, 2033, 2069, 2530, 2604, 3119, 3555, 3621, 4024, 4105, 4600]","[1945, 2585, 3224, 3663]",4636,20,4616,4,16,4616,0
3.0,MUSPROTEB,"[337, 398, 496, 561, 594, 634, 647, 749, 765, 803, 993, 1015, 1024, 1482, 1553, 1645, 1682, 1726, 1920, 1988, 2090, 2130]","[337, 594, 993, 1988]","[398, 496, 561, 634, 647, 749, 765, 803, 1015, 1024, 1482, 1553, 1645, 1682, 1726, 1920, 2090, 2130]","[337, 594, 993, 1988]",2389,22,2367,4,18,2367,0
3.0,MUSPRPC2,"[652, 801, 817, 1279, 2455, 2470, 2687, 2740, 2919, 3019, 3141, 3531, 3650, 3778, 3833, 4087, 4186, 5314, 5493, 6159, 6607, 6793, 6797, 6877, 6929, 7077, 7232]",[801],"[652, 817, 1279, 2455, 2470, 2687, 2740, 2919, 3019, 3141, 3531, 3650, 3778, 3833, 4087, 4186, 5314, 5493, 6159, 6607, 6793, 6797, 6877, 6929, 7077, 7232]",[801],7298,27,7271,1,26,7271,0
3.0,MUSPRPMPB,"[120, 651, 801, 817, 1230, 1480, 1839, 2952, 2974]",[801],"[120, 651, 817, 1230, 1480, 1839, 2952, 2974]",[801],3566,9,3557,1,8,3557,0
3.0,MUSREGI,"[325, 632, 775, 1012, 1159, 1258, 1316, 1458, 1558, 1799, 1807, 1965, 2230, 2234, 2304, 2388, 2450, 2903, 2993, 3368, 3707]","[1159, 1799, 2230, 2993]","[325, 632, 775, 1012, 1258, 1316, 1458, 1558, 1807, 1965, 2234, 2304, 2388, 2450, 2903, 3368, 3707]","[1159, 1799, 2230, 2993]",3748,21,3727,4,17,3727,0
3.0,MUSREGII,"[530, 927, 1012, 1141, 1239, 1298, 1491, 1626, 1657, 1988, 2023, 2526, 2543, 2927, 3091, 3233, 3308, 3463]","[927, 1626, 1988, 3091]","[530, 1012, 1141, 1239, 1298, 1491, 1657, 2023, 2526, 2543, 2927, 3233, 3308, 3463]","[927, 1626, 1988, 3091]",3924,18,3906,4,14,3906,0
3.0,MUSROM1X,"[110, 115, 219, 661, 781, 983, 1030, 1096, 1146, 1242, 1848, 2038, 2169, 2555, 2616, 2640, 2649]","[1242, 1848]","[110, 115, 219, 661, 781, 983, 1030, 1096, 1146, 2038, 2169, 2555, 2616, 2640, 2649]","[1242, 1848]",2779,17,2762,2,15,2762,0
3.0,MUSRPL30,"[18, 84, 500, 504, 660, 960, 1050, 1209, 1331, 1430, 1679, 2291, 2459, 2654, 2829, 2891, 2941, 3019, 3124, 3243, 3441]","[660, 1050, 2459]","[18, 84, 500, 504, 960, 1209, 1331, 1430, 1679, 2291, 2654, 2829, 2891, 2941, 3019, 3124, 3243, 3441]","[660, 1050, 2459]",3468,21,3447,3,18,3447,0
3.0,MUSRPS16,"[17, 373, 475, 636, 714, 758, 829, 1210, 1311, 1352, 1491, 1667, 1673, 1728, 1868, 1896, 2005, 2009, 2038, 2050, 2355]","[1868, 2005]","[17, 373, 475, 636, 714, 758, 829, 1210, 1311, 1352, 1491, 1667, 1673, 1728, 1896, 2009, 2038, 2050, 2355]","[450, 687, 1868, 2005]",2641,21,2620,2,19,2618,2
3.0,MUSS100B,"[133, 213, 342, 430, 741, 1034, 1423, 1514, 1534, 1710, 1721, 1778, 2041, 2162, 2692, 2757, 3151, 3508, 3660, 3997, 4387, 4611, 4672, 4920, 5082, 5104, 5219, 5309, 5329, 5444, 5786, 6011, 6291, 6295, 6425, 6653, 6880, 6965, 7045, 7588, 7766, 7801, 8033, 8061, 8146, 8200, 8612, 8671, 8736]",[4920],"[133, 213, 342, 430, 741, 1034, 1423, 1514, 1534, 1710, 1721, 1778, 2041, 2162, 2692, 2757, 3151, 3508, 3660, 3997, 4387, 4611, 4672, 5082, 5104, 5219, 5309, 5329, 5444, 5786, 6011, 6291, 6295, 6425, 6653, 6880, 6965, 7045, 7588, 7766, 7801, 8033, 8061, 8146, 8200, 8612, 8671, 8736]",[4920],8865,49,8816,1,48,8816,0
3.0,MUSSERPROA,"[217, 1034, 1449, 1572, 1831, 2032, 2037, 2092, 2114, 2253, 2341, 2739, 3178, 3345, 3371, 3721, 3997, 4039]","[1449, 2092, 2739, 3178]","[217, 1034, 1572, 1831, 2032, 2037, 2114, 2253, 2341, 3345, 3371, 3721, 3997, 4039]","[1449, 2092, 2739, 3178]",4449,18,4431,4,14,4431,0
3.0,MUSSSATGN,"[29, 122, 491, 613, 742, 840, 976, 1162, 1346, 1774, 1825, 2081, 2102, 2165, 2190, 2516, 2905, 2929, 3039, 3115, 3199, 3233, 3354, 3436, 3590, 3612, 3706, 3740, 3892, 3898]","[840, 1162, 1346, 2905, 3039]","[29, 122, 491, 613, 742, 976, 1774, 1825, 2081, 2102, 2165, 2190, 2516, 2929, 3115, 3199, 3233, 3354, 3436, 3590, 3612, 3706, 3740, 3892, 3898]","[840, 1162, 1346, 2905, 3039]",4058,30,4028,5,25,4028,0
3.0,MUSTCP,"[6, 224, 453, 470, 624, 908, 1005, 1132, 1274, 1329, 1705, 1779, 1940, 1993, 2146, 2164, 2427, 2463, 2496, 2781, 3172, 3270, 3474, 3576, 3599, 3642, 3916, 4000, 4019, 4101, 4278, 4687, 4954, 5303, 5681, 6098, 6296, 6552, 6567, 7134, 7171, 7177, 7230, 7255, 7274, 7512, 7562, 7780, 8327]","[453, 1705, 1993, 3270, 4278, 4687, 6098, 6552, 7230, 7512]","[6, 224, 470, 624, 908, 1005, 1132, 1274, 1329, 1779, 1940, 2146, 2164, 2427, 2463, 2496, 2781, 3172, 3474, 3576, 3599, 3642, 3916, 4000, 4019, 4101, 4954, 5303, 5681, 6296, 6567, 7134, 7171, 7177, 7255, 7274, 7562, 7780, 8327]","[453, 1705, 1993, 3270, 3746, 4278, 4687, 6098, 6552, 7230, 7512]",9253,49,9204,10,39,9203,1
3.0,MUSTHY1,"[80, 183, 616, 629, 696, 720, 854, 1009, 1156, 1586, 1833, 1837, 1943, 2174, 2181]","[80, 1009]","[183, 616, 629, 696, 720, 854, 1156, 1586, 1833, 1837, 1943, 2174, 2181]","[80, 1009]",2682,15,2667,2,13,2667,0
3.0,MUSTLAG,"[153, 261, 269, 547, 705, 856, 901, 946, 1155, 1265, 1314, 1319, 1327, 1573, 1733, 1790, 2128, 2250, 3145, 3260, 3276, 3494, 3740, 3869, 4237, 4788, 5009, 5069, 5192, 5201]","[705, 1155, 1573, 3494, 3740]","[153, 261, 269, 547, 856, 901, 946, 1265, 1314, 1319, 1327, 1733, 1790, 2128, 2250, 3145, 3260, 3276, 3869, 4237, 4788, 5009, 5069, 5192, 5201]","[705, 1155, 1573, 3494, 3740]",5412,30,5382,5,25,5382,0
3.0,MUSTSHBA2,"[69, 388, 464, 629, 830, 1045, 1255]",[464],"[69, 388, 629, 830, 1045, 1255]",[464],1283,7,1276,1,6,1276,0
3.0,MUSY1GLOB,"[137, 288, 334, 354, 361, 377, 576, 690, 829, 1024, 1066, 1224, 1249, 1445, 1456]","[377, 690]","[137, 288, 334, 354, 361, 576, 829, 1024, 1066, 1224, 1249, 1445, 1456]","[377, 690]",1745,15,1730,2,13,1730,0
3.0,OABBGLOB,"[33, 192, 525, 666, 692, 920, 958, 1174, 1195, 1262, 1309, 1413, 1868, 1987, 2267, 2701, 3229]","[958, 1309]","[33, 192, 525, 666, 692, 920, 1174, 1195, 1262, 1413, 1868, 1987, 2267, 2701, 3229]","[958, 1309]",3241,17,3224,2,15,3224,0
3.0,OABCGLOB,"[33, 193, 433, 673, 919, 957, 1011, 1177, 1198, 1265, 1312, 1352, 1413, 1708, 1879, 2648, 3180]","[957, 1312]","[33, 193, 433, 673, 919, 1011, 1177, 1198, 1265, 1352, 1413, 1708, 1879, 2648, 3180]","[957, 1312]",3192,17,3175,2,15,3175,0
3.0,OAINIGFII1,"[150, 266, 740, 1022, 1098, 1165, 1551, 1588, 1671, 1679, 1752, 1975, 2057, 2106, 2199, 2382]",[740],"[150, 266, 1022, 1098, 1165, 1551, 1588, 1671, 1679, 1752, 1975, 2057, 2106, 2199, 2382]",[740],2385,16,2369,1,15,2369,0
3.0,OAINTL3,"[115, 134, 674, 721, 813, 850, 1598, 1602, 1764, 1909, 2072, 2099, 2670, 2704]","[674, 813, 1909, 2072]","[115, 134, 721, 850, 1598, 1602, 1764, 2099, 2670, 2704]","[674, 813, 1909, 2072]",2793,14,2779,4,10,2779,0
3.0,OAKRT213,"[144, 975, 1088, 1179, 1206, 1215, 1228, 1253, 1294, 1328, 1593, 1635, 1714, 1988, 1992, 2294, 2641, 2852, 3029, 3132, 3198, 3241, 3255, 3333, 3357, 3829, 3938, 4124, 4147, 4213, 4467, 4642, 4690, 4752, 4813, 5258, 5288, 5377, 5487, 5584, 5671, 5684, 5815, 6077, 6474, 6548, 6552, 6914, 7076, 7283, 7393, 7427, 7455, 7660, 7752, 7896, 7911, 7913, 8453, 8502, 8931, 9063, 9083, 9294, 9316, 9454]","[3198, 4147, 4813, 5288, 5684, 6077, 6548, 7393]","[144, 975, 1088, 1179, 1206, 1215, 1228, 1253, 1294, 1328, 1593, 1635, 1714, 1988, 1992, 2294, 2641, 2852, 3029, 3132, 3241, 3255, 3333, 3357, 3829, 3938, 4124, 4213, 4467, 4642, 4690, 4752, 5258, 5377, 5487, 5584, 5671, 5815, 6474, 6552, 6914, 7076, 7283, 7427, 7455, 7660, 7752, 7896, 7911, 7913, 8453, 8502, 8931, 9063, 9083, 9294, 9316, 9454]","[3198, 4147, 4813, 5288, 5684, 6077, 6548, 7393]",9521,66,9455,8,58,9455,0
3.0,OALGB,"[76, 109, 123, 288, 374, 955, 959, 1216, 1459, 1602, 1682, 1742, 1859, 2043, 2432, 2438, 2660, 2939, 2994, 3330, 3336, 3500, 3557, 3883, 4047, 4092, 4204, 4250, 4387, 4477, 4656, 4724, 4886, 4900, 4911, 4954, 5008, 5156, 5244, 5895, 6242, 7320]","[1742, 2660, 3883, 4656]","[76, 109, 123, 288, 374, 955, 959, 1216, 1459, 1602, 1682, 1859, 2043, 2432, 2438, 2939, 2994, 3330, 3336, 3500, 3557, 4047, 4092, 4204, 4250, 4387, 4477, 4724, 4886, 4900, 4911, 4954, 5008, 5156, 5244, 5895, 6242, 7320]","[938, 1742, 2660, 3883, 4656]",7371,42,7329,4,38,7328,1
3.0,OAMETIAG,"[9, 91, 142, 205, 416, 438, 569, 701, 746, 953, 1136, 1479, 1674, 1682, 2118, 2654, 2726]","[701, 1479]","[9, 91, 142, 205, 416, 438, 569, 746, 953, 1136, 1674, 1682, 2118, 2654, 2726]","[701, 1479]",2792,17,2775,2,15,2775,0
3.0,OAMTIB,"[338, 368, 444, 731, 1209, 1721, 1922, 2041, 2110, 2170, 2185, 2301, 2554, 2618, 2983, 3016, 3175, 3205]",[1721],"[338, 368, 444, 731, 1209, 1922, 2041, 2110, 2170, 2185, 2301, 2554, 2618, 2983, 3016, 3175, 3205]","[965, 1721]",3211,18,3193,1,17,3192,1
3.0,OAMTIC,"[65, 162, 381, 621, 707, 1295, 1332, 1336, 1376, 1387, 1607]","[621, 1295]","[65, 162, 381, 707, 1332, 1336, 1376, 1387, 1607]","[621, 1295]",2375,11,2364,2,9,2364,0
3.0,OAMTII,"[326, 572, 799, 1023, 1312, 1325, 1358, 1378, 1588, 1976]","[1023, 1378]","[326, 572, 799, 1312, 1325, 1358, 1588, 1976]","[1023, 1378]",2047,10,2037,2,8,2037,0
3.0,OAPROTP1,"[7, 212]",[212],[7],[212],524,2,522,1,1,522,0
3.0,OATRICH,"[146, 152, 966, 1053, 1174, 1179, 1183, 1197, 1798, 2017, 2201, 2328, 2661, 2892, 3157, 3240, 3309, 3909, 4055, 4062, 4101, 4464, 4631, 4744, 4772, 4947, 5498, 5721, 5825, 5936, 6075, 6254, 6612, 6681, 6750, 7050, 7119, 7209, 7368, 7437, 7506, 7575]",[3157],"[146, 152, 966, 1053, 1174, 1179, 1183, 1197, 1798, 2017, 2201, 2328, 2661, 2892, 3240, 3309, 3909, 4055, 4062, 4101, 4464, 4631, 4744, 4772, 4947, 5498, 5721, 5825, 5936, 6075, 6254, 6612, 6681, 6750, 7050, 7119, 7209, 7368, 7437, 7506, 7575]",[3157],9336,42,9294,1,41,9294,0
3.0,OCAPOAIG,"[361, 553, 777, 855, 1152, 1159, 1216, 1239, 1248, 1275, 1467, 1798, 1916, 1921]","[553, 855]","[361, 777, 1152, 1159, 1216, 1239, 1248, 1275, 1467, 1798, 1916, 1921]","[553, 855]",1986,14,1972,2,12,1972,0
3.0,OCTNFBETA,"[68, 202, 245, 390, 577, 609, 1247, 1637]",[577],"[68, 202, 245, 390, 609, 1247, 1637]","[577, 766]",1963,8,1955,1,7,1954,1
3.0,OCUTGLOB,"[852, 927, 932, 974, 1279, 1576, 1708, 1736, 1821, 2050, 2057, 2144, 2158, 2162, 2281, 2469, 2566, 2588, 2680, 2700, 3077, 3172, 3357, 3424, 3496, 3634, 4176, 4265, 4295, 4315, 4404, 4529, 4651, 4900, 4912, 5000, 5062, 5072, 5207, 5230, 5317, 5831, 6183]","[3357, 5831]","[852, 927, 932, 974, 1279, 1576, 1708, 1736, 1821, 2050, 2057, 2144, 2158, 2162, 2281, 2469, 2566, 2588, 2680, 2700, 3077, 3172, 3424, 3496, 3634, 4176, 4265, 4295, 4315, 4404, 4529, 4651, 4900, 4912, 5000, 5062, 5072, 5207, 5230, 5317, 6183]","[3357, 5831]",6560,43,6517,2,41,6517,0
3.0,OOGH,"[36, 127, 200, 333, 768, 849, 881, 914, 946, 950, 1084, 1219, 1475, 1552, 2002, 2065]","[333, 1084, 1475]","[36, 127, 200, 768, 849, 881, 914, 946, 950, 1219, 1552, 2002, 2065]","[333, 740, 1084, 1475]",2154,16,2138,3,13,2137,1
3.0,OPOP1,"[33, 249, 377, 546]",[249],"[33, 377, 546]",[249],616,4,612,1,3,612,0
3.0,ORAPROTP1A,"[59, 163, 183, 276]",[163],"[59, 183, 276]",[163],409,4,405,1,3,405,0
3.0,PAA1GL,"[155, 160, 180, 185, 204, 513, 598, 677, 752]","[204, 513]","[155, 160, 180, 185, 598, 677, 752]","[204, 513]",872,9,863,2,7,863,0
3.0,PAAFPG,"[214, 328, 484]",[214],"[328, 484]",[214],1087,3,1084,1,2,1084,0
3.0,PAU03674,"[93, 361, 600, 1110, 1194, 1566, 1633, 1710, 1853, 2100, 2123, 2414, 2493, 3171, 3309, 3574, 3726, 3773, 3866, 3977, 4013, 4019, 4171, 4181, 4367, 4611, 4741, 4765, 5237, 5266]","[3171, 3574, 3773, 4013, 4611]","[93, 361, 600, 1110, 1194, 1566, 1633, 1710, 1853, 2100, 2123, 2414, 2493, 3309, 3726, 3866, 3977, 4019, 4171, 4181, 4367, 4741, 4765, 5237, 5266]","[3171, 3574, 3773, 4013, 4294, 4611]",5437,30,5407,5,25,5406,1
3.0,PIGAPAI,"[35, 62, 85, 101, 107, 191, 449, 538, 562, 794, 1031, 1051, 1129, 1156, 1163, 1169, 1353, 1549, 1720, 1819, 1823, 1918, 1930, 2041, 2317, 2367, 2693, 2893, 2897, 2917, 3022, 3317]","[794, 1129]","[35, 62, 85, 101, 107, 191, 449, 538, 562, 1031, 1051, 1156, 1163, 1169, 1353, 1549, 1720, 1819, 1823, 1918, 1930, 2041, 2317, 2367, 2693, 2893, 2897, 2917, 3022, 3317]","[794, 1129]",3325,32,3293,2,30,3293,0
3.0,PIGAPCIII,"[27, 45, 148, 620, 682, 736, 774, 867, 944, 948, 1141, 1432, 1443, 1711, 2031, 2035, 2083, 2639]","[1432, 1711]","[27, 45, 148, 620, 682, 736, 774, 867, 944, 948, 1141, 1443, 2031, 2035, 2083, 2639]","[1432, 1711]",3268,18,3250,2,16,3250,0
3.0,PIGCNP,"[25, 126, 400, 429, 466, 528, 894, 1150, 1416, 1430, 1622, 1662]",[400],"[25, 126, 429, 466, 528, 894, 1150, 1416, 1430, 1622, 1662]",[400],1886,12,1874,1,11,1874,0
3.0,PIGFSB,"[269, 290, 300, 515, 589, 782, 794, 1042, 1511, 1598, 1755, 1801, 1849, 1885]","[515, 1042]","[269, 290, 300, 589, 782, 794, 1511, 1598, 1755, 1801, 1849, 1885]","[515, 1042]",2043,14,2029,2,12,2029,0
3.0,PIKEGLOBIN,"[221, 237, 271, 474, 588, 604, 1011, 1063, 1069, 1175, 1193, 1272, 1319, 1417, 1428, 1473]","[237, 588]","[221, 271, 474, 604, 1011, 1063, 1069, 1175, 1193, 1272, 1319, 1417, 1428, 1473]","[237, 588]",1701,16,1685,2,14,1685,0
3.0,PPGLTG,"[60, 308, 373, 527, 548, 662, 715, 747, 792, 903, 907]","[373, 662]","[60, 308, 527, 548, 715, 747, 792, 903, 907]","[373, 662]",1064,11,1053,2,9,1053,0
3.0,PPPROP2,"[63, 576, 661]",[],"[63, 576, 661]",[319],739,3,736,0,3,735,1
3.0,PPYPROP2,"[16, 530, 615]",[],"[16, 530, 615]",[272],688,3,685,0,3,684,1
3.0,PTAZGLO,"[392, 441, 516, 804, 840, 943, 965, 974, 1062, 1086, 1603, 1648, 1652, 1679, 1707, 1721, 1749, 1791, 1833, 1947, 1991, 2120, 2162, 2176, 2244, 2253, 2813, 2987, 3065, 3077, 3124]","[1603, 3077]","[392, 441, 516, 804, 840, 943, 965, 974, 1062, 1086, 1648, 1652, 1679, 1707, 1721, 1749, 1791, 1833, 1947, 1991, 2120, 2162, 2176, 2244, 2253, 2813, 2987, 3065, 3124]","[1603, 3077]",3609,31,3578,2,29,3578,0
3.0,PTGGGLOG,"[162, 200, 210, 431, 545, 641, 712, 891, 1064, 1076, 1358, 1456, 1501, 1525, 1730, 1803]","[200, 545]","[162, 210, 431, 641, 712, 891, 1064, 1076, 1358, 1456, 1501, 1525, 1730, 1803]","[200, 545]",1814,16,1798,2,14,1798,0
3.0,PTPPINS,"[688, 728, 742, 799, 933, 1028, 1054, 1140, 1410, 1524, 1652, 1985, 2010, 2095, 2201, 2469]",[1410],"[688, 728, 742, 799, 933, 1028, 1054, 1140, 1524, 1652, 1985, 2010, 2095, 2201, 2469]",[1410],2475,16,2459,1,15,2459,0
3.0,PTPROP2,"[74, 588, 673]",[],"[74, 588, 673]",[330],750,3,747,0,3,746,1
3.0,PVU11715,"[250, 288, 519, 586, 633, 1021, 1272, 1340, 1368, 1504]","[288, 633]","[250, 519, 586, 1021, 1272, 1340, 1368, 1504]","[288, 633]",1781,10,1771,2,8,1771,0
3.0,QULNFLW,"[15, 113, 145, 260, 762, 867, 961, 1222, 1338, 1504, 1548, 1667, 1804, 2169, 2301, 2364, 2405, 2425, 2461, 2703, 2752, 2972, 3290, 3329, 3422, 3662, 3720, 3794, 4139, 4443, 4587, 4656, 4817, 4973, 5192, 5368, 5612, 5691, 5849, 5873, 5894, 5921, 5972, 6211, 6264, 6672, 6808, 6890, 7255, 7385, 7413, 7540, 7905]","[3794, 4656, 5921]","[15, 113, 145, 260, 762, 867, 961, 1222, 1338, 1504, 1548, 1667, 1804, 2169, 2301, 2364, 2405, 2425, 2461, 2703, 2752, 2972, 3290, 3329, 3422, 3662, 3720, 4139, 4443, 4587, 4817, 4973, 5192, 5368, 5612, 5691, 5849, 5873, 5894, 5972, 6211, 6264, 6672, 6808, 6890, 7255, 7385, 7413, 7540, 7905]","[3794, 4656, 5921]",7925,53,7872,3,50,7872,0
3.0,QULTROPIA,"[19, 63, 67, 240, 469, 591, 678, 689, 694, 1449, 1505, 1858, 1998, 2156, 2186, 2210, 2360, 2707, 2899, 3004, 3033, 3149, 3437, 3638, 4007, 4020, 4047, 4052, 4225, 4229, 4336, 4544, 4565, 4677, 4823, 4981]","[2186, 2360, 3004, 3437, 4047, 4336]","[19, 63, 67, 240, 469, 591, 678, 689, 694, 1449, 1505, 1858, 1998, 2156, 2210, 2707, 2899, 3033, 3149, 3638, 4007, 4020, 4052, 4225, 4229, 4544, 4565, 4677, 4823, 4981]","[2186, 2360, 3004, 3437, 4047, 4336]",4956,36,4920,6,30,4920,0
3.0,RABCRP,"[397, 402, 416, 509, 551, 579, 781, 785, 990, 1171, 1221, 1228, 1239, 1286]",[397],"[402, 416, 509, 551, 579, 781, 785, 990, 1171, 1221, 1228, 1239, 1286]",[397],1430,14,1416,1,13,1416,0
3.0,RABDNP3AA,"[370, 654, 742, 816, 906, 924, 995, 1030, 1865, 1974, 2156, 2435, 2483, 2540, 2581]",[2156],"[370, 654, 742, 816, 906, 924, 995, 1030, 1865, 1974, 2435, 2483, 2540, 2581]",[2156],3082,15,3067,1,14,3067,0
3.0,RABSURFA,"[378, 398, 471, 503, 530, 636, 679, 780, 795, 928, 1038, 1175, 1255, 1431, 1539, 1601, 1612, 1642, 2209, 2320, 2383, 2385, 2409, 2556, 2926, 2947, 3239, 3281, 3290, 3423, 3443, 3447, 3455, 3550, 3917, 4033, 4166, 4177, 4188, 4361, 4370, 4584, 4636, 4834, 4857, 4959, 4987, 5088, 5440, 5622, 5638, 5899, 6219, 6359, 6529, 6793, 7268, 7344, 7419, 7760]","[4033, 4361, 5088]","[378, 398, 471, 503, 530, 636, 679, 780, 795, 928, 1038, 1175, 1255, 1431, 1539, 1601, 1612, 1642, 2209, 2320, 2383, 2385, 2409, 2556, 2926, 2947, 3239, 3281, 3290, 3423, 3443, 3447, 3455, 3550, 3917, 4166, 4177, 4188, 4370, 4584, 4636, 4834, 4857, 4959, 4987, 5440, 5622, 5638, 5899, 6219, 6359, 6529, 6793, 7268, 7344, 7419, 7760]","[4033, 4361, 5088]",8089,60,8029,3,57,8029,0
3.0,RABTNF,"[218, 261, 503, 600, 851, 855, 1077, 1355, 1481, 1563, 1652, 1761, 1792, 2139, 2268, 2565, 2719, 2812, 3034]","[851, 1355, 1563]","[218, 261, 503, 600, 855, 1077, 1481, 1652, 1761, 1792, 2139, 2268, 2565, 2719, 2812, 3034]","[851, 1355, 1563]",3192,19,3173,3,16,3173,0
3.0,RATCYC,"[28, 70, 116, 270, 362, 452, 456, 572, 636, 833, 921, 1103, 1168, 1333, 1400, 1434, 2350]",[1333],"[28, 70, 116, 270, 362, 452, 456, 572, 636, 833, 921, 1103, 1168, 1400, 1434, 2350]",[1333],2520,17,2503,1,16,2503,0
3.0,RATCYSS,"[81, 119, 356, 445, 641, 1006, 1119, 1174, 1217, 1221, 1268, 1630, 1686, 1927, 2500, 3397, 3865, 4026, 4083, 4200, 4277, 4283, 4690, 4714, 4811, 4869, 5488]","[1006, 4026]","[81, 119, 356, 445, 641, 1119, 1174, 1217, 1221, 1268, 1630, 1686, 1927, 2500, 3397, 3865, 4083, 4200, 4277, 4283, 4690, 4714, 4811, 4869, 5488]","[1006, 4026]",5555,27,5528,2,25,5528,0
3.0,RATDCCOVB,"[13, 211, 788, 880, 1396, 1545, 1559, 1599, 1943, 1951, 2267, 2283, 2292, 2471, 2478, 2864, 3126, 3489, 3498, 3716, 3782, 4349, 4709, 4730, 4815, 5129]","[2267, 2864, 3126]","[13, 211, 788, 880, 1396, 1545, 1559, 1599, 1943, 1951, 2283, 2292, 2471, 2478, 3489, 3498, 3716, 3782, 4349, 4709, 4730, 4815, 5129]","[2267, 2864, 3126]",5323,26,5297,3,23,5297,0
3.0,RATGRG,"[83, 204, 286, 331, 658, 719, 804, 848, 1268, 1291, 1302, 1397, 1415, 1494, 1554, 1622, 1696, 1732, 1918, 1942, 2065, 2106, 2187, 2319, 2338, 2392, 2546, 2616, 2740, 2852, 2994, 3290, 3294, 3447, 3552, 3715, 3763]","[83, 286, 1291, 1494, 1696, 1942, 2187, 2319, 2616, 2994, 3290]","[204, 331, 658, 719, 804, 848, 1268, 1302, 1397, 1415, 1554, 1622, 1732, 1918, 2065, 2106, 2338, 2392, 2546, 2740, 2852, 3294, 3447, 3552, 3715, 3763]","[83, 286, 1291, 1494, 1696, 1942, 2187, 2319, 2616, 2994, 3290]",3880,37,3843,11,26,3843,0
3.0,RATGROS,"[397, 406, 621, 746, 1178, 1219, 1349, 1390, 1482, 1587, 1820, 1912, 2001, 2131, 2143]","[1178, 1390, 1587]","[397, 406, 621, 746, 1219, 1349, 1482, 1820, 1912, 2001, 2131, 2143]","[1178, 1390, 1587]",2488,15,2473,3,12,2473,0
3.0,RATGSTY,"[659, 663, 718, 728, 853, 884, 996, 1310, 1495, 1647, 1862, 1918, 1933, 1959, 2060, 2086, 2416, 2622, 2830, 3003, 3022, 3101, 3180, 3201, 3225, 3376, 3576, 3804, 3854, 3958, 4115, 4123, 4646, 4691, 4756, 4772, 4804, 4914, 5009, 5205, 5214, 5505, 5813, 5926, 5995]","[659, 996, 1495, 1862, 2060, 3180, 3376]","[663, 718, 728, 853, 884, 1310, 1647, 1918, 1933, 1959, 2086, 2416, 2622, 2830, 3003, 3022, 3101, 3201, 3225, 3576, 3804, 3854, 3958, 4115, 4123, 4646, 4691, 4756, 4772, 4804, 4914, 5009, 5205, 5214, 5505, 5813, 5926, 5995]","[659, 996, 1495, 1862, 2060, 3180, 3376]",6286,45,6241,7,38,6241,0
3.0,RATIGFBA,"[526, 850, 854, 883, 1002, 1097, 1242, 1381, 1450, 1455, 1731, 1788, 1948, 2034, 2082, 2203, 2240, 2385, 2396, 2617, 3002, 3105, 3214, 3262, 3312, 3379, 3450, 3496, 3828, 3873, 3924, 4000, 4127, 4362, 4512, 4535, 4546, 4578, 4620]","[526, 2034, 3002]","[850, 854, 883, 1002, 1097, 1242, 1381, 1450, 1455, 1731, 1788, 1948, 2082, 2203, 2240, 2385, 2396, 2617, 3105, 3214, 3262, 3312, 3379, 3450, 3496, 3828, 3873, 3924, 4000, 4127, 4362, 4512, 4535, 4546, 4578, 4620]","[526, 2034, 3002]",4992,39,4953,3,36,4953,0
3.0,RATJE,"[417, 485, 682, 1191, 1299, 1619, 1816, 1989, 2417, 2734, 2777, 2986]","[1191, 1989]","[417, 485, 682, 1299, 1619, 1816, 2417, 2734, 2777, 2986]","[1191, 1989]",3097,12,3085,2,10,3085,0
3.0,RATKALA,"[225, 435, 618, 825, 945, 992, 1027, 1062, 1275, 1296, 2147, 3167, 3282, 3343, 3667, 3753, 3770, 4019, 4027, 4043, 4061, 4388, 4424, 4476, 4506, 4652, 4709, 4729, 4734, 4826, 4915, 5334, 5376, 5689, 5693, 5818, 6007, 6082, 6132, 6206]","[1275, 3282, 4476, 4709]","[225, 435, 618, 825, 945, 992, 1027, 1062, 1296, 2147, 3167, 3343, 3667, 3753, 3770, 4019, 4027, 4043, 4061, 4388, 4424, 4506, 4652, 4729, 4734, 4826, 4915, 5334, 5376, 5689, 5693, 5818, 6007, 6082, 6132, 6206]","[1275, 3282, 4476, 4709]",6249,40,6209,4,36,6209,0
3.0,RATLHB,"[217, 621, 763, 784, 793, 817, 825, 837, 934, 959, 1028, 1230, 1247, 1293, 1359, 1510]","[817, 1230]","[217, 621, 763, 784, 793, 825, 837, 934, 959, 1028, 1247, 1293, 1359, 1510]","[817, 1230]",1790,16,1774,2,14,1774,0
3.0,RATLITHOST,"[397, 992, 1357, 1482, 2013, 2464, 2496, 2847, 3117, 3260, 3471, 3475, 3902, 3906, 3942, 4022, 4229, 4562, 4652, 4715, 4832, 5058, 5343]","[2847, 3471, 3902, 4652]","[397, 992, 1357, 1482, 2013, 2464, 2496, 3117, 3260, 3475, 3906, 3942, 4022, 4229, 4562, 4715, 4832, 5058, 5343]","[2847, 3471, 3902, 4652]",5399,23,5376,4,19,5376,0
3.0,RATLYSOZYM,"[38, 60, 342, 960, 1561, 1736, 1788, 1941, 2210, 2216, 2220, 2752, 3092, 3255, 3588, 3999, 4018, 4049, 4059, 4136, 4367, 4446, 4497, 4558, 4907, 5174, 5339, 5443, 5572, 5576, 5691, 6270, 6404, 6474, 6518, 6539]","[1561, 3255, 5174]","[38, 60, 342, 960, 1736, 1788, 1941, 2210, 2216, 2220, 2752, 3092, 3588, 3999, 4018, 4049, 4059, 4136, 4367, 4446, 4497, 4558, 4907, 5339, 5443, 5572, 5576, 5691, 6270, 6404, 6474, 6518, 6539]","[1561, 3255, 5174]",6732,36,6696,3,33,6696,0
3.0,RATLYSZYM,"[6, 113, 306, 319, 323, 508, 574, 749, 801, 1007, 1099, 1108, 1392, 1488, 1667, 1671, 2101, 2558, 2676, 2912, 2937, 3256, 3451, 3830, 3840, 3924, 4290, 4624, 5036, 5055, 5074, 5105, 5192, 5423, 5502, 5553, 5614, 5963, 6230, 6395, 6499, 6628, 6632, 6746, 7325, 7461, 7531, 7575, 7596, 7905]","[574, 4290, 6230]","[6, 113, 306, 319, 323, 508, 749, 801, 1007, 1099, 1108, 1392, 1488, 1667, 1671, 2101, 2558, 2676, 2912, 2937, 3256, 3451, 3830, 3840, 3924, 4624, 5036, 5055, 5074, 5105, 5192, 5423, 5502, 5553, 5614, 5963, 6395, 6499, 6628, 6632, 6746, 7325, 7461, 7531, 7575, 7596, 7905]","[574, 4290, 6230]",7943,50,7893,3,47,7893,0
3.0,RATOSCAL,"[261, 1072, 1192, 1340, 1373, 1540, 1586, 1633, 1828, 1832, 2008, 2085]","[1192, 1373, 1586]","[261, 1072, 1340, 1540, 1633, 1828, 1832, 2008, 2085]","[1192, 1373, 1586]",2119,12,2107,3,9,2107,0
3.0,RATPAP,"[389, 624, 633, 662, 863, 921, 1048, 1076, 1308, 1641, 1648, 1737, 1795, 2295, 3305, 3432, 3570, 3715, 4152, 4240]","[1308, 1648, 2295, 3305]","[389, 624, 633, 662, 863, 921, 1048, 1076, 1641, 1737, 1795, 3432, 3570, 3715, 4152, 4240]","[1308, 1648, 2295, 2604, 3305]",4863,20,4843,4,16,4842,1
3.0,RATPAPIIB,"[27, 474, 1110, 1785, 1916, 2291, 2298, 2332, 2486, 2532, 2701, 2751, 3021, 3154, 3387, 3413, 3473, 3587, 3817, 3834, 3930, 4107, 4297]","[2298, 3473, 4107]","[27, 474, 1110, 1785, 1916, 2291, 2332, 2486, 2532, 2701, 2751, 3021, 3154, 3387, 3413, 3587, 3817, 3834, 3930, 4297]","[2298, 3140, 3473, 4107]",4717,23,4694,3,20,4693,1
3.0,RATPPP,"[118, 378, 740, 1249, 1406, 1497, 1538, 1586, 1893, 1983, 2002, 2261, 2271, 2321, 2451, 2521, 2563, 2718, 2853, 2927, 2986, 3065, 3270, 3500, 3732, 3991, 4145, 4400, 4464, 4498]",[2261],"[118, 378, 740, 1249, 1406, 1497, 1538, 1586, 1893, 1983, 2002, 2271, 2321, 2451, 2521, 2563, 2718, 2853, 2927, 2986, 3065, 3270, 3500, 3732, 3991, 4145, 4400, 4464, 4498]",[2261],4534,30,4504,1,29,4504,0
3.0,RATPTBZR02,"[188, 224, 326, 340, 537, 669, 673, 727, 871, 909, 1028, 1206, 1222, 1306, 1535, 1927, 2066, 2123, 2145, 2200, 2371, 2375, 2598, 2719, 2988, 3110, 3232, 3245]","[1306, 2066]","[188, 224, 326, 340, 537, 669, 673, 727, 871, 909, 1028, 1206, 1222, 1535, 1927, 2123, 2145, 2200, 2371, 2375, 2598, 2719, 2988, 3110, 3232, 3245]","[1306, 2066]",3426,28,3398,2,26,3398,0
3.0,RATRGPI,"[261, 857, 1222, 1347, 1879, 2329, 2361, 2712, 2984, 3128, 3339, 3343, 3770, 3774, 3810, 3890, 4097, 4431, 4521, 4584, 4926, 5211]","[2712, 3339, 3770, 4521]","[261, 857, 1222, 1347, 1879, 2329, 2361, 2984, 3128, 3343, 3774, 3810, 3890, 4097, 4431, 4584, 4926, 5211]","[2712, 3339, 3770, 4521]",5237,22,5215,4,18,5215,0
3.0,RATRPIII,"[419, 1094, 1226, 1601, 1608, 1642, 1796, 1839, 2017, 2067, 2337, 2456, 2470, 2704, 2730, 2790, 2905, 3135, 3152, 3249, 3426, 3617, 4044]","[1608, 2456, 2790, 3426]","[419, 1094, 1226, 1601, 1642, 1796, 1839, 2017, 2067, 2337, 2470, 2704, 2730, 2905, 3135, 3152, 3249, 3617, 4044]","[1608, 2456, 2790, 3426]",4133,23,4110,4,19,4110,0
3.0,RATSVSIV1,"[67, 72, 244, 380, 418, 659, 721, 814, 892]",[244],"[67, 72, 380, 418, 659, 721, 814, 892]",[244],972,9,963,1,8,963,0
3.0,RATTSHB,"[260, 265, 435, 661, 880, 929, 1198, 1288, 1651, 1661, 1758, 2177, 2183, 2483, 2711, 2874, 2899, 2921, 3202, 3462, 3676, 3999, 4050, 4299, 4375, 4781]",[4375],"[260, 265, 435, 661, 880, 929, 1198, 1288, 1651, 1661, 1758, 2177, 2183, 2483, 2711, 2874, 2899, 2921, 3202, 3462, 3676, 3999, 4050, 4299, 4781]",[4375],5159,26,5133,1,25,5133,0
3.0,RN0B2GLOB,"[9, 31, 80, 84, 316, 374, 474, 500, 558, 579, 693, 796, 1134, 1702, 1766]",[693],"[9, 31, 80, 84, 316, 374, 474, 500, 558, 579, 796, 1134, 1702, 1766]","[354, 693]",1789,15,1774,1,14,1773,1
3.0,RN2BGLOB,"[264, 394, 432, 571, 629, 650, 764, 1217, 1710, 1760, 1769]","[432, 764]","[264, 394, 571, 629, 650, 1217, 1710, 1760, 1769]","[432, 764]",1876,11,1865,2,9,1865,0
3.0,RN3B2GLOB,"[84, 122, 142, 267, 325, 346, 460, 760, 867, 1360, 1421]","[122, 460]","[84, 142, 267, 325, 346, 760, 867, 1360, 1421]","[122, 460]",1436,11,1425,2,9,1425,0
3.0,RN3B3GLOB,"[75, 125, 129, 365, 403, 423, 546, 604, 625, 739, 1039, 1146, 1642]","[403, 739]","[75, 125, 129, 365, 423, 546, 604, 625, 1039, 1146, 1642]","[403, 739]",1738,13,1725,2,11,1725,0
3.0,RN3BGLOB,"[250, 288, 308, 433, 491, 512, 626, 1028, 1522]","[288, 626]","[250, 308, 433, 491, 512, 1028, 1522]","[288, 626]",1526,9,1517,2,7,1517,0
3.0,RNAC01,"[127, 131, 309, 374, 417, 497, 509, 513, 528, 561, 582, 734, 758, 844, 1049, 1207, 1367, 1463, 1467, 1694, 1904, 1992, 2190, 2220, 2419, 2528, 2597, 2631, 2685, 2867, 3335, 3556, 3650, 3767, 3850, 3868, 3889, 3984, 4000]","[1367, 1694, 2597, 2867]","[127, 131, 309, 374, 417, 497, 509, 513, 528, 561, 582, 734, 758, 844, 1049, 1207, 1463, 1467, 1904, 1992, 2190, 2220, 2419, 2528, 2631, 2685, 3335, 3556, 3650, 3767, 3850, 3868, 3889, 3984, 4000]","[1367, 1694, 2597, 2867]",4083,39,4044,4,35,4044,0
3.0,RNAC02,"[33, 141, 251, 262, 388, 480, 524, 636, 1293, 1347, 1368, 1471, 1475, 1526, 1753, 1787, 1820, 2138, 2165, 2180, 2243, 2487, 2508, 2561, 2637, 2681, 2759]","[1368, 1787, 2138]","[33, 141, 251, 262, 388, 480, 524, 636, 1293, 1347, 1471, 1475, 1526, 1753, 1820, 2165, 2180, 2243, 2487, 2508, 2561, 2637, 2681, 2759]","[1368, 1787, 2138, 2429, 2743]",3192,27,3165,3,24,3163,2
3.0,RNANTANT,"[62, 88, 236, 476, 1017, 1295, 1339, 1524, 1678, 1706, 1808, 2839, 2904, 2969, 3008, 3023, 3119, 3263, 3301, 3420, 3449, 3609, 3646, 3777, 3883, 3993, 4075, 4213, 4532, 4710]","[1524, 3263, 3883]","[62, 88, 236, 476, 1017, 1295, 1339, 1678, 1706, 1808, 2839, 2904, 2969, 3008, 3023, 3119, 3301, 3420, 3449, 3609, 3646, 3777, 3993, 4075, 4213, 4532, 4710]","[1524, 3263, 3883]",5117,30,5087,3,27,5087,0
3.0,RNAPOEG,"[398, 459, 499, 615, 620, 872, 948, 1077, 1152, 1293, 1327, 1440, 1446, 1604, 1746, 1812, 1955, 2069, 2356, 2461, 2536, 2690, 2692, 2705, 2863, 2867, 2884, 3203]","[1293, 1955]","[398, 459, 499, 615, 620, 872, 948, 1077, 1152, 1327, 1440, 1446, 1604, 1746, 1812, 2069, 2356, 2461, 2536, 2690, 2692, 2705, 2863, 2867, 2884, 3203]","[1293, 1955]",3229,28,3201,2,26,3201,0
3.0,RNCALBD9,"[24, 161, 373, 469, 596, 984, 1041, 1399, 1532, 1621, 1729, 1739, 1779, 1781, 1793, 1831, 2187, 2285, 2499, 2736, 3177, 3254, 3508, 4062, 4310, 4587, 4711, 4869]",[2736],"[24, 161, 373, 469, 596, 984, 1041, 1399, 1532, 1621, 1729, 1739, 1779, 1781, 1793, 1831, 2187, 2285, 2499, 3177, 3254, 3508, 4062, 4310, 4587, 4711, 4869]",[2736],4883,28,4855,1,27,4855,0
3.0,RNGAMT,"[486, 497, 799, 866, 1028, 1424, 1478, 1503, 1531, 1552, 1564, 2173, 2660, 2752, 2756, 2926, 3141, 3319, 3361, 3462, 3760, 3797, 3802, 4003, 4390, 4441, 4635, 4704, 4715, 4824, 4876]","[2173, 3141, 3319, 3760, 4003]","[486, 497, 799, 866, 1028, 1424, 1478, 1503, 1531, 1552, 1564, 2660, 2752, 2756, 2926, 3361, 3462, 3797, 3802, 4390, 4441, 4635, 4704, 4715, 4824, 4876]","[2173, 3141, 3319, 3760, 4003]",4956,31,4925,5,26,4925,0
3.0,RNGMTG,"[12, 92, 203, 440, 620, 741, 971, 1011, 1016, 1226, 1267, 1406, 1561, 1682, 1818, 2067, 2117, 2433, 2443, 2987, 3249, 3328, 3357, 3415, 3428, 3481, 3555, 3918, 4048, 4063, 4120, 4158, 4254, 4401, 4425, 4432, 4463, 4548, 4624, 5122, 5252, 5306, 5347, 5368]","[1682, 3249, 3918, 4254, 4463]","[12, 92, 203, 440, 620, 741, 971, 1011, 1016, 1226, 1267, 1406, 1561, 1818, 2067, 2117, 2433, 2443, 2987, 3328, 3357, 3415, 3428, 3481, 3555, 4048, 4063, 4120, 4158, 4401, 4425, 4432, 4548, 4624, 5122, 5252, 5306, 5347, 5368]","[1682, 3249, 3918, 4254, 4463]",5391,44,5347,5,39,5347,0
3.0,RNGROW3,"[89, 216, 365, 471, 543, 817, 1096, 1652, 1751, 1973, 2066]","[471, 817, 1652, 1973]","[89, 216, 365, 543, 1096, 1751, 2066]","[471, 817, 1652, 1973]",2549,11,2538,4,7,2538,0
3.0,RNHSC73,"[93, 498, 522, 533, 546, 570, 954, 975, 1139, 1244, 1280, 1528, 1713, 1727, 1982, 2062, 2258, 2297, 2506, 2618, 2664, 3034, 3259, 3448, 3542, 3766, 3795, 3942]","[1244, 1713, 1982, 2618, 3034, 3448, 3766]","[93, 498, 522, 533, 546, 570, 954, 975, 1139, 1280, 1528, 1727, 2062, 2258, 2297, 2506, 2664, 3259, 3542, 3795, 3942]","[1244, 1713, 1982, 2618, 3034, 3448, 3766]",4312,28,4284,7,21,4284,0
3.0,RNLALB01,"[39, 347, 351, 821, 877, 891, 971, 1101, 1237, 1242, 1354, 1414, 1914, 1991, 2096, 2375, 2419, 2897, 2974, 3122, 3297, 3337, 3482, 3800]","[1414, 1914, 2419]","[39, 347, 351, 821, 877, 891, 971, 1101, 1237, 1242, 1354, 1991, 2096, 2375, 2897, 2974, 3122, 3297, 3337, 3482, 3800]","[1414, 1914, 2419]",3812,24,3788,3,21,3788,0
3.0,RNLPKG,"[33, 102, 760, 1022, 1137, 1729, 1911, 2062, 2169, 2183, 2847, 2926, 3195, 3219, 3300, 3374, 3407, 3460, 3634, 3949, 4069, 4076, 4253, 4309, 4321, 4493, 5184, 5605, 5806, 5836, 6009, 6284, 6457, 6463, 6605, 6805, 6935, 7192, 7321, 7453, 7481, 7582, 7818, 8078, 8286, 8465, 8608, 8860, 9121, 9142, 9414, 9480, 9838, 9857, 9919, 10186, 10198, 10214, 10493, 10711, 10935, 11491, 11648, 11734, 11834, 12153, 12163, 12180, 12649, 12724, 12937]","[3219, 3949, 6009, 6284, 6605, 7192, 7453, 7818, 8078, 9480]","[33, 102, 760, 1022, 1137, 1729, 1911, 2062, 2169, 2183, 2847, 2926, 3195, 3300, 3374, 3407, 3460, 3634, 4069, 4076, 4253, 4309, 4321, 4493, 5184, 5605, 5806, 5836, 6457, 6463, 6805, 6935, 7321, 7481, 7582, 8286, 8465, 8608, 8860, 9121, 9142, 9414, 9838, 9857, 9919, 10186, 10198, 10214, 10493, 10711, 10935, 11491, 11648, 11734, 11834, 12153, 12163, 12180, 12649, 12724, 12937]","[3219, 3949, 6009, 6284, 6605, 7192, 7453, 7818, 8078, 9480]",13003,71,12932,10,61,12932,0
3.0,RNODC,"[115, 570, 877, 883, 1097, 1218, 1279, 1339, 1344, 1430, 1554, 1568, 2435, 2454, 2666, 2887, 3174, 3262, 3305, 3525, 3618, 3630, 3696, 3870, 3918, 4073, 4095, 4182, 4259, 4517, 4630, 4698, 4953, 4982, 5321, 5347, 5522, 5631, 5650, 5804, 5825, 5851, 5974, 5997, 6178, 6291, 6350, 6412, 6582, 6636, 6692, 7326, 7755]","[3525, 3918, 4182, 4517, 4698, 4953, 5631, 5825, 6291]","[115, 570, 877, 883, 1097, 1218, 1279, 1339, 1344, 1430, 1554, 1568, 2435, 2454, 2666, 2887, 3174, 3262, 3305, 3618, 3630, 3696, 3870, 4073, 4095, 4259, 4630, 4982, 5321, 5347, 5522, 5650, 5804, 5851, 5974, 5997, 6178, 6350, 6412, 6582, 6636, 6692, 7326, 7755]","[3525, 3918, 4182, 4517, 4698, 4953, 5631, 5825, 6291]",7768,53,7715,9,44,7715,0
3.0,RNP9KA,"[22, 30, 157, 172, 207, 248, 338, 372, 723, 727, 736, 823, 905, 910, 937, 1227, 1468, 1612, 2118, 2220, 2224, 2228, 2300, 2311]",[1227],"[22, 30, 157, 172, 207, 248, 338, 372, 723, 727, 736, 823, 905, 910, 937, 1468, 1612, 2118, 2220, 2224, 2228, 2300, 2311]",[1227],2332,24,2308,1,23,2308,0
3.0,RNPBPG,"[21, 125, 231, 501, 980, 1117, 1155, 1180, 2100, 2592, 2638, 2773, 2916, 2950, 3190, 3363, 3756, 3786, 4056, 4073, 5117]","[1117, 2950]","[21, 125, 231, 501, 980, 1155, 1180, 2100, 2592, 2638, 2773, 2916, 3190, 3363, 3756, 3786, 4056, 4073, 5117]","[1117, 2950]",6021,21,6000,2,19,6000,0
3.0,RNPGMUT,"[17, 32, 63, 167, 174, 277, 370, 945, 1216, 1273, 1352, 1412, 1425, 1515, 1596, 1605, 1618, 1623, 1637, 1734, 1912, 2242, 2248, 2252, 2287, 2291]",[1596],"[17, 32, 63, 167, 174, 277, 370, 945, 1216, 1273, 1352, 1412, 1425, 1515, 1605, 1618, 1623, 1637, 1734, 1912, 2242, 2248, 2252, 2287, 2291]","[1596, 1872]",2420,26,2394,1,25,2393,1
3.0,RNPROST22,"[45, 237, 438, 444, 494, 499, 528, 733, 876, 1262, 1870, 2200, 2321, 3159, 3647, 3835, 3841, 3916, 4048, 4241, 4279, 4351, 4526, 4727, 4820, 5680, 5765, 5952, 6009, 6129, 6680, 6890, 6974, 7004, 7034, 7412]","[876, 3647, 4526]","[45, 237, 438, 444, 494, 499, 528, 733, 1262, 1870, 2200, 2321, 3159, 3835, 3841, 3916, 4048, 4241, 4279, 4351, 4727, 4820, 5680, 5765, 5952, 6009, 6129, 6680, 6890, 6974, 7004, 7034, 7412]","[876, 3647, 4526]",7667,36,7631,3,33,7631,0
3.0,RNREVSV2A,"[12, 67, 71, 121, 290, 754, 762, 848, 1201, 1216, 1304, 1341]","[67, 1304]","[12, 71, 121, 290, 754, 762, 848, 1201, 1216, 1341]","[67, 1304]",1730,12,1718,2,10,1718,0
3.0,RNSDHG,"[160, 177, 199, 285, 290, 379, 435, 568, 743, 1007, 1171, 1224, 1286, 1376, 1536, 1775, 1777, 1993, 2205, 2256, 2697, 3035, 3480, 3554, 3975, 4077, 4179, 4189, 4413, 4511, 4705, 5079, 5590, 5691, 5866, 6052, 6095, 6213, 6253, 6479, 6512, 6576, 6634, 6641, 6877, 6984, 7081, 7600, 7962, 8014, 8307, 8314, 8667, 8671, 8888, 9160, 9362, 9541]","[5691, 6052, 6253, 6984, 8671]","[160, 177, 199, 285, 290, 379, 435, 568, 743, 1007, 1171, 1224, 1286, 1376, 1536, 1775, 1777, 1993, 2205, 2256, 2697, 3035, 3480, 3554, 3975, 4077, 4179, 4189, 4413, 4511, 4705, 5079, 5590, 5866, 6095, 6213, 6479, 6512, 6576, 6634, 6641, 6877, 7081, 7600, 7962, 8014, 8307, 8314, 8667, 8888, 9160, 9362, 9541]","[4640, 5691, 6052, 6253, 6984, 8671]",9570,58,9512,5,53,9511,1
3.0,RNSVFG,"[213, 469, 500, 636, 670, 709, 1018, 1250, 1267, 1347, 1919]",[500],"[213, 469, 636, 670, 709, 1018, 1250, 1267, 1347, 1919]",[500],1841,11,1830,1,10,1830,0
3.0,RNTHYCSG,"[68, 160, 318, 326, 355, 679, 785, 1071, 1105, 1229, 1237, 1366, 1450, 1906, 2196, 2203, 2271]","[68, 1071]","[160, 318, 326, 355, 679, 785, 1105, 1229, 1237, 1366, 1450, 1906, 2196, 2203, 2271]","[68, 1071]",2855,17,2838,2,15,2838,0
3.0,RNU03551,"[46, 64, 219, 578, 584, 620, 661, 715, 766, 799, 832, 1545, 1913, 1969, 2006, 2115, 2183, 2263, 2418, 2461, 2552, 3083, 3176, 3226, 3360]","[832, 2418, 3083]","[46, 64, 219, 578, 584, 620, 661, 715, 766, 799, 1545, 1913, 1969, 2006, 2115, 2183, 2263, 2461, 2552, 3176, 3226, 3360]","[832, 2418, 3083]",3590,25,3565,3,22,3565,0
3.0,RNU09193,"[196, 276, 402, 438, 469, 1457, 1727, 1772, 2077, 2084, 2255, 2295, 2630, 2749, 3084, 3600, 3612, 3787, 3899, 3910]","[2084, 2749, 3084, 3787]","[196, 276, 402, 438, 469, 1457, 1727, 1772, 2077, 2255, 2295, 2630, 3600, 3612, 3899, 3910]","[2084, 2749, 3084, 3787]",4187,20,4167,4,16,4167,0
3.0,RNU12250,"[252, 293, 325, 424, 464, 473, 826, 888, 1043, 1181, 1512, 1704, 1708, 1769]","[293, 473]","[252, 325, 424, 464, 826, 888, 1043, 1181, 1512, 1704, 1708, 1769]","[293, 473]",1863,14,1849,2,12,1849,0
3.0,RNUCPG,"[112, 255, 380, 458, 798, 848, 1135, 1151, 1396, 1424, 1515, 1519, 1663, 1730, 1796, 1834, 1881, 1897, 1908, 2015, 2382, 2428, 2614, 2812, 3539, 3598, 3749, 3801, 3844, 4110, 4187, 4310, 4818, 4822, 4896, 4965, 5157, 5476, 5480, 5623, 5659, 5677, 5744, 6018, 6042, 6121, 6187, 6279, 6334, 6417, 6426, 6470, 6660, 6983, 7007, 7031, 7395, 7846, 7852, 7964, 7992, 7996, 8105, 8157, 8180, 9172, 9401, 9441, 9995, 10198, 10292, 10300, 10419, 10603, 10871, 11061, 11092, 11184, 11481, 11722]","[4310, 5157, 7964, 8157, 9401]","[112, 255, 380, 458, 798, 848, 1135, 1151, 1396, 1424, 1515, 1519, 1663, 1730, 1796, 1834, 1881, 1897, 1908, 2015, 2382, 2428, 2614, 2812, 3539, 3598, 3749, 3801, 3844, 4110, 4187, 4818, 4822, 4896, 4965, 5476, 5480, 5623, 5659, 5677, 5744, 6018, 6042, 6121, 6187, 6279, 6334, 6417, 6426, 6470, 6660, 6983, 7007, 7031, 7395, 7846, 7852, 7992, 7996, 8105, 8180, 9172, 9441, 9995, 10198, 10292, 10300, 10419, 10603, 10871, 11061, 11092, 11184, 11481, 11722]","[4310, 5157, 7964, 8157, 9401]",12496,80,12416,5,75,12416,0
3.0,RNVEGP1,"[305, 400, 926, 1021, 1043, 1156, 1262, 1286, 1623, 1629, 1635, 1817, 1834, 1935, 1994, 2076, 2108, 2628, 2777, 2821, 3032, 3454, 3852, 3940, 4033, 4037, 4126, 4140, 4452, 4611, 4844, 4855, 4962, 5195, 5360, 5630, 5948]","[1262, 1834, 3032, 4037, 4611]","[305, 400, 926, 1021, 1043, 1156, 1286, 1623, 1629, 1635, 1817, 1935, 1994, 2076, 2108, 2628, 2777, 2821, 3454, 3852, 3940, 4033, 4126, 4140, 4452, 4844, 4855, 4962, 5195, 5360, 5630, 5948]","[1262, 1834, 3032, 4037, 4611]",5948,37,5911,5,32,5911,0
3.0,RNVEGP2C,"[84, 430, 536, 1041, 1136, 1159, 1272, 1378, 1402, 1739, 1745, 1751, 1933, 1950, 2048, 2105, 2182, 2213, 2807, 2875, 2919, 3069, 3128, 3961, 4142, 4146, 4432, 4671, 4723, 4727, 4960, 4971, 5078, 5529, 5566]","[1378, 1950, 3128, 4146, 4723]","[84, 430, 536, 1041, 1136, 1159, 1272, 1402, 1739, 1745, 1751, 1933, 2048, 2105, 2182, 2213, 2807, 2875, 2919, 3069, 3961, 4142, 4432, 4671, 4727, 4960, 4971, 5078, 5529, 5566]","[1378, 1950, 3128, 4146, 4723]",5742,35,5707,5,30,5707,0
3.0,RRU04320,"[323, 573, 700, 838, 1077, 1105, 1126, 1132, 1219, 1538, 1559, 2004, 2008, 2107, 2118, 2500, 2592, 2606, 3080, 3099, 3139, 3301, 3412, 3524, 3643, 4216, 4512, 5366, 5370, 5456, 6213, 6372]","[2500, 3643]","[323, 573, 700, 838, 1077, 1105, 1126, 1132, 1219, 1538, 1559, 2004, 2008, 2107, 2118, 2592, 2606, 3080, 3099, 3139, 3301, 3412, 3524, 4216, 4512, 5366, 5370, 5456, 6213, 6372]","[2500, 3643]",6798,32,6766,2,30,6766,0
3.0,S46763,"[186, 191, 252, 265, 336, 479, 507, 535, 695, 699, 777, 788, 1006, 1235, 1252, 1406, 1690, 1787, 1914, 2056, 2111, 2487, 2561, 2722, 2775, 2928, 2946, 3209, 3245, 3278, 3563, 3954, 4052, 4256, 4358, 4381, 4424, 4698, 4782, 4801, 4883, 5060, 5469, 5736, 6085, 6463, 6880, 7078, 7334, 7349, 7916, 7953, 7959, 8012, 8037, 8056, 8294, 8344, 8562, 9109]","[1235, 2487, 2775, 4052, 5060, 5469, 6880, 7334, 8012, 8294]","[186, 191, 252, 265, 336, 479, 507, 535, 695, 699, 777, 788, 1006, 1252, 1406, 1690, 1787, 1914, 2056, 2111, 2561, 2722, 2928, 2946, 3209, 3245, 3278, 3563, 3954, 4256, 4358, 4381, 4424, 4698, 4782, 4801, 4883, 5736, 6085, 6463, 7078, 7349, 7916, 7953, 7959, 8037, 8056, 8344, 8562, 9109]","[1235, 2487, 2775, 4052, 4528, 5060, 5469, 6880, 7334, 8012, 8294]",10035,60,9975,10,50,9974,1
3.0,S49651,"[246, 471, 823, 1117, 1189, 1652, 1765, 2378, 2476, 2918, 3255, 3566, 3571, 3856, 4132, 4137, 4141, 4449, 4577, 4624]","[1652, 3255, 4137]","[246, 471, 823, 1117, 1189, 1765, 2378, 2476, 2918, 3566, 3571, 3856, 4132, 4141, 4449, 4577, 4624]","[1652, 2786, 3255, 4137]",5440,20,5420,3,17,5419,1
3.0,S57980,"[44, 236, 437, 443, 493, 498, 527, 732, 875, 1261, 1869, 2198, 2319, 3157, 3645, 3833, 3839, 3914, 4046, 4239, 4277, 4349, 4524, 4725, 4818, 5678, 5763, 5950, 6007, 6127, 6678, 6888, 6972, 7002, 7032, 7410]","[875, 3645, 4524]","[44, 236, 437, 443, 493, 498, 527, 732, 1261, 1869, 2198, 2319, 3157, 3833, 3839, 3914, 4046, 4239, 4277, 4349, 4725, 4818, 5678, 5763, 5950, 6007, 6127, 6678, 6888, 6972, 7002, 7032, 7410]","[875, 3645, 4524]",7665,36,7629,3,33,7629,0
3.0,S62287,"[6, 190, 239, 555, 570, 731, 1020, 1266, 1673, 1679, 1965, 1970, 2330, 2470, 2535, 2619, 2808, 3003, 3077, 3108, 3167, 3356, 3422]",[1266],"[6, 190, 239, 555, 570, 731, 1020, 1673, 1679, 1965, 1970, 2330, 2470, 2535, 2619, 2808, 3003, 3077, 3108, 3167, 3356, 3422]",[1266],3425,23,3402,1,22,3402,0
3.0,S63697,"[9, 92, 159, 280, 435, 504, 829, 1109, 1240]","[280, 829]","[9, 92, 159, 435, 504, 1109, 1240]","[280, 829]",1331,9,1322,2,7,1322,0
3.0,S66606,"[152, 238, 248, 315, 325, 340, 379, 759, 865, 958, 1076, 1562, 1678, 1859, 1875, 2485, 2506, 2518, 2537, 2706, 3613, 3631, 3675, 3723, 3899, 3982, 4067, 4214, 4518, 4530, 4598, 4706, 5644, 5911, 5936, 5958, 6167, 6171, 6235, 6255, 6296]","[2506, 2706, 3899, 4598]","[152, 238, 248, 315, 325, 340, 379, 759, 865, 958, 1076, 1562, 1678, 1859, 1875, 2485, 2518, 2537, 3613, 3631, 3675, 3723, 3982, 4067, 4214, 4518, 4530, 4706, 5644, 5911, 5936, 5958, 6167, 6171, 6235, 6255, 6296]","[2506, 2706, 3899, 4598]",6359,41,6318,4,37,6318,0
3.0,S67057,"[49, 83, 98, 154, 322, 840, 953]",[840],"[49, 83, 98, 154, 322, 953]",[840],1746,7,1739,1,6,1739,0
3.0,S69277,"[142, 151, 207, 432, 857, 1007, 1299, 1706, 1967, 1971, 2058, 2074, 2101, 2103, 2321, 2538, 2783, 3072, 3098, 3229, 3316, 3521, 3723, 3839, 4103, 4215, 4348, 4385, 4488, 4556, 4726, 4790, 4852, 5063, 5172]","[3098, 3316, 3521, 3839, 4103]","[142, 151, 207, 432, 857, 1007, 1299, 1706, 1967, 1971, 2058, 2074, 2101, 2103, 2321, 2538, 2783, 3072, 3229, 3723, 4215, 4348, 4385, 4488, 4556, 4726, 4790, 4852, 5063, 5172]","[3098, 3316, 3521, 3839, 4103]",5516,35,5481,5,30,5481,0
3.0,S69278,"[84, 279, 323, 523, 547, 846, 861, 1184, 1196, 1402, 1406, 1500, 1529, 1597, 2564, 2590, 2739, 2826, 3031, 3231, 3347, 3561, 3662, 3832, 4004, 4174, 4236, 4880]","[2590, 2826, 3031, 3347, 3561]","[84, 279, 323, 523, 547, 846, 861, 1184, 1196, 1402, 1406, 1500, 1529, 1597, 2564, 2739, 3231, 3662, 3832, 4004, 4174, 4236, 4880]","[2590, 2826, 3031, 3347, 3561]",5015,28,4987,5,23,4987,0
3.0,S69350,"[235, 566, 676, 1081, 1179, 1562, 1866, 2039, 2045, 2124, 2149]",[235],"[566, 676, 1081, 1179, 1562, 1866, 2039, 2045, 2124, 2149]",[235],2152,11,2141,1,10,2141,0
3.0,SAIEGLOBIM,"[221, 237, 271, 346, 474, 588, 604, 983, 1001, 1033, 1188, 1194, 1299, 1317, 1329, 1347, 1397, 1425, 1444, 1542, 1553, 1598]","[237, 588]","[221, 271, 346, 474, 604, 983, 1001, 1033, 1188, 1194, 1299, 1317, 1329, 1347, 1397, 1425, 1444, 1542, 1553, 1598]","[237, 588]",1826,22,1804,2,20,1804,0
3.0,SMIGCU,"[132, 696, 799, 911, 1233, 1262, 1631, 1779, 1805, 1946, 2049, 2139, 2173, 2514, 2612, 2624]","[799, 1233, 1631]","[132, 696, 911, 1262, 1779, 1805, 1946, 2049, 2139, 2173, 2514, 2612, 2624]","[799, 1233, 1631]",2833,16,2817,3,13,2817,0
3.0,SMNPRP1A,"[215, 236, 310, 320, 601]",[215],"[236, 310, 320, 601]",[215],623,5,618,1,4,618,0
3.0,SOEEGLOBIN,"[17, 220, 236, 270, 344, 472, 586, 602, 1054, 1060, 1165, 1183, 1195, 1213, 1263, 1291, 1310, 1404, 1460]","[236, 586]","[17, 220, 270, 344, 472, 602, 1054, 1060, 1165, 1183, 1195, 1213, 1263, 1291, 1310, 1404, 1460]","[236, 586]",1688,19,1669,2,17,1669,0
3.0,SSBAT1G,"[54, 260, 285, 482, 518, 999, 1316, 1344, 1464, 1471, 1681, 1843, 2215, 2323, 2425, 2459, 2501, 2582, 2592, 2610, 2616, 2716, 2814, 2990, 3248, 3618, 3837, 4001, 4399, 4538, 4875, 5056, 5449, 5527, 5738, 5890, 6021, 6104, 6290, 6390, 6500, 6533, 6678, 6735, 6786, 6908, 6978, 6999, 7799, 8238, 8331, 8411, 8489, 8708, 8767, 9144, 9165, 9252, 9331, 9388, 9674, 9965, 10370, 10466, 10537]","[1316, 2215, 2582, 4538, 8238, 9144, 9388, 9674]","[54, 260, 285, 482, 518, 999, 1344, 1464, 1471, 1681, 1843, 2323, 2425, 2459, 2501, 2592, 2610, 2616, 2716, 2814, 2990, 3248, 3618, 3837, 4001, 4399, 4875, 5056, 5449, 5527, 5738, 5890, 6021, 6104, 6290, 6390, 6500, 6533, 6678, 6735, 6786, 6908, 6978, 6999, 7799, 8331, 8411, 8489, 8708, 8767, 9165, 9252, 9331, 9965, 10370, 10466, 10537]","[1316, 2215, 2582, 4538, 5771, 8238, 9144, 9388, 9674]",10666,65,10601,8,57,10600,1
3.0,SSIKBAGE,"[60, 400, 788, 956, 1010, 1247, 1575, 1729, 2377, 2469, 2501, 2528, 2590, 3103, 3151, 3334, 3520, 3620, 3713, 3766, 3823, 3850, 3954, 4091, 4470, 4600, 5251, 5304, 5601, 5628]","[2469, 3151, 3713, 4091, 4470]","[60, 400, 788, 956, 1010, 1247, 1575, 1729, 2377, 2501, 2528, 2590, 3103, 3334, 3520, 3620, 3766, 3823, 3850, 3954, 4600, 5251, 5304, 5601, 5628]","[2469, 3151, 3713, 4091, 4470]",5756,30,5726,5,25,5726,0
3.0,SSPINT1B,"[88, 185, 206, 467, 743, 1081, 1416, 1518, 1536, 1615, 1933, 1971, 1987, 2127, 2252, 2551, 2673, 2759, 2929, 3399, 3407, 3903, 4159, 4582, 4793, 5245, 5551, 5803, 6247, 6605, 6609, 6774, 6790, 7494, 7761, 8049, 8233, 8246, 8448, 8541, 8611, 8731]","[1971, 2551, 3903, 5245, 6605]","[88, 185, 206, 467, 743, 1081, 1416, 1518, 1536, 1615, 1933, 1987, 2127, 2252, 2673, 2759, 2929, 3399, 3407, 4159, 4582, 4793, 5551, 5803, 6247, 6609, 6774, 6790, 7494, 7761, 8049, 8233, 8246, 8448, 8541, 8611, 8731]","[1971, 2551, 3903, 5245, 6605]",8743,42,8701,5,37,8701,0
3.0,TAPROTP1,"[7, 230, 331]",[230],"[7, 331]",[230],547,3,544,1,2,544,0
3.0,TARHBE,"[76, 103, 119, 153, 351, 400, 418, 465, 1076, 1124, 1202, 1221, 1291]","[119, 465]","[76, 103, 153, 351, 400, 418, 1076, 1124, 1202, 1221, 1291]","[119, 465]",1682,13,1669,2,11,1669,0
3.0,TARHBG,"[58, 227, 265, 276, 608, 704, 1032, 1217, 1263, 1488, 1822, 2059, 2072]",[265],"[58, 227, 276, 608, 704, 1032, 1217, 1263, 1488, 1822, 2059, 2072]","[265, 612]",2139,13,2126,1,12,2125,1
3.0,TFLPA2P1,"[266, 272, 326, 374, 540, 589, 596, 650, 670, 883, 972, 1293, 1311, 1749, 1848, 2031, 2035, 2108, 2240, 2495]","[596, 972, 1749]","[266, 272, 326, 374, 540, 589, 650, 670, 883, 1293, 1311, 1848, 2031, 2035, 2108, 2240, 2495]","[596, 972, 1749]",2708,20,2688,3,17,2688,0
3.0,TFLPA2P2,"[266, 368, 534, 583, 590, 644, 664, 900, 935, 966, 1017, 1286, 1304, 1565, 1783, 1882, 2068, 2072, 2274]","[590, 966, 1783]","[266, 368, 534, 583, 644, 664, 900, 935, 1017, 1286, 1304, 1565, 1882, 2068, 2072, 2274]","[590, 966, 1783]",2431,19,2412,3,16,2412,0
3.0,TFLPA2P3,"[266, 272, 326, 374, 540, 589, 596, 650, 670, 883, 972, 1293, 1311, 1749, 1848, 2031, 2035, 2108, 2240, 2495]","[596, 972, 1749]","[266, 272, 326, 374, 540, 589, 650, 670, 883, 1293, 1311, 1848, 2031, 2035, 2108, 2240, 2495]","[596, 972, 1749]",2708,20,2688,3,17,2688,0
3.0,TFLPA2P4,"[266, 368, 534, 583, 590, 644, 664, 900, 935, 966, 1017, 1286, 1304, 1565, 1783, 1882, 2068, 2072, 2274]","[590, 966, 1783]","[266, 368, 534, 583, 644, 664, 900, 935, 1017, 1286, 1304, 1565, 1882, 2068, 2072, 2274]","[590, 966, 1783]",2431,19,2412,3,16,2412,0
3.0,TGLHBB,"[78, 155, 159, 519, 590, 712, 774, 888, 1106, 1116, 1214, 1256, 1360, 1742, 1770, 2034, 2119, 2233]","[519, 888]","[78, 155, 159, 590, 712, 774, 1106, 1116, 1214, 1256, 1360, 1742, 1770, 2034, 2119, 2233]","[519, 888]",2300,18,2282,2,16,2282,0
3.0,TIOPRP1A,"[212, 233]",[212],[233],[212],556,2,554,1,1,554,0
3.0,U00432,"[83, 237, 793, 975, 1070, 1101, 1203, 1312, 1459]","[83, 237, 793, 1101, 1312]","[975, 1070, 1203, 1459]","[83, 237, 793, 1101, 1312]",1575,9,1566,5,4,1566,0
3.0,U00433,"[83, 267, 752, 936, 1245, 1270, 1424]","[83, 267, 752, 1270]","[936, 1245, 1424]","[83, 267, 752, 1062, 1270]",1545,7,1538,4,3,1537,1
3.0,U00454,"[38, 131, 413, 546, 772, 849, 951, 1031, 1062, 1066, 1090, 1263, 1598, 1605, 1631, 1749, 1967, 2071, 2315, 2382, 2760, 2781, 2823, 2969, 3043, 3201, 3464, 3905, 4179, 4269, 4276, 4328, 4362, 4509, 4529, 4573, 4653, 4824, 4862, 5011, 5094, 5303, 5625, 5820, 6565, 6782, 6800, 6887, 7057]","[1598, 4862]","[38, 131, 413, 546, 772, 849, 951, 1031, 1062, 1066, 1090, 1263, 1605, 1631, 1749, 1967, 2071, 2315, 2382, 2760, 2781, 2823, 2969, 3043, 3201, 3464, 3905, 4179, 4269, 4276, 4328, 4362, 4509, 4529, 4573, 4653, 4824, 5011, 5094, 5303, 5625, 5820, 6565, 6782, 6800, 6887, 7057]","[1598, 4862]",7192,49,7143,2,47,7143,0
3.0,U00938,"[60, 71, 102, 247, 556, 832, 893, 912, 1133, 1169, 1173, 1454, 1465, 1516, 1711, 2179, 2207, 2312, 2384, 2611, 2661, 2715, 2719, 2742, 2824, 3013, 3017, 3079, 3311, 3397, 3587, 3617, 3702, 4070, 4186, 4207, 4796, 5155, 5202, 5261, 5452, 5570, 5640, 5745, 5809, 5910, 5962, 6009, 6198, 6482, 6711, 6763]","[1169, 4070, 5155]","[60, 71, 102, 247, 556, 832, 893, 912, 1133, 1173, 1454, 1465, 1516, 1711, 2179, 2207, 2312, 2384, 2611, 2661, 2715, 2719, 2742, 2824, 3013, 3017, 3079, 3311, 3397, 3587, 3617, 3702, 4186, 4207, 4796, 5202, 5261, 5452, 5570, 5640, 5745, 5809, 5910, 5962, 6009, 6198, 6482, 6711, 6763]","[1169, 4070, 5155]",6780,52,6728,3,49,6728,0
3.0,U01026,"[44, 52, 262, 428, 492, 1105, 1153, 1308, 1357, 1364, 1419, 1746, 1927, 2071, 2154, 2316, 2537, 2636, 2760, 2826, 3028]","[1364, 1746, 2537]","[44, 52, 262, 428, 492, 1105, 1153, 1308, 1357, 1419, 1927, 2071, 2154, 2316, 2636, 2760, 2826, 3028]","[1364, 1746, 2537]",3216,21,3195,3,18,3195,0
3.0,U01027,"[248, 309, 357, 515, 564, 571, 625, 947, 1128, 1272, 1290, 1692, 1710, 1809, 1933, 1982, 1999, 2054, 2192, 2740]","[571, 947, 1710]","[248, 309, 357, 515, 564, 625, 1128, 1272, 1290, 1692, 1809, 1933, 1982, 1999, 2054, 2192, 2740]","[571, 947, 1710]",2761,20,2741,3,17,2741,0
3.0,U01844,"[64, 304, 476, 515, 623, 663, 684, 1307, 1472, 1559, 1589, 1770, 1919, 1986, 2090, 2141, 2219, 2395, 2474, 2585, 2653, 3175, 3211, 3256, 3403, 3781, 3843]","[1986, 2141, 2474, 2653, 3211]","[64, 304, 476, 515, 623, 663, 684, 1307, 1472, 1559, 1589, 1770, 1919, 2090, 2219, 2395, 2585, 3175, 3256, 3403, 3781, 3843]","[1986, 2141, 2474, 2653, 3211]",4219,27,4192,5,22,4192,0
3.0,XELCRPGA,"[285, 508, 726, 837, 842, 892, 1021, 1096, 1680, 1686, 1871, 2002, 2377, 2504, 2961, 3199, 3338, 3497, 3794]",[1096],"[285, 508, 726, 837, 842, 892, 1021, 1680, 1686, 1871, 2002, 2377, 2504, 2961, 3199, 3338, 3497, 3794]",[1096],3891,19,3872,1,18,3872,0
3.0,XELCRYB,"[162, 170, 196, 582, 592, 605, 706, 911, 945, 990, 1326, 1500, 1768]","[706, 1326]","[162, 170, 196, 582, 592, 605, 911, 945, 990, 1500, 1768]","[706, 1326]",2049,13,2036,2,11,2036,0
3.0,XELHBBC,"[263, 556, 678, 715, 1352, 1418, 1832, 1844]","[263, 678]","[556, 715, 1352, 1418, 1832, 1844]","[263, 678]",1981,8,1973,2,6,1973,0
3.0,XLACTA,"[309, 553, 1098, 1260, 1349, 1382, 2591, 3197, 3422, 3552, 3556, 3815, 3868, 3913, 3994, 4138, 4296, 4370, 4444, 4518, 4592, 4667, 4845, 4946, 4961, 5012, 5078, 5128, 5338, 5509, 5561, 5898]","[2591, 3868, 4138, 4845, 5128]","[309, 553, 1098, 1260, 1349, 1382, 3197, 3422, 3552, 3556, 3815, 3913, 3994, 4296, 4370, 4444, 4518, 4592, 4667, 4946, 4961, 5012, 5078, 5338, 5509, 5561, 5898]","[2591, 3868, 4138, 4845, 5128]",5946,32,5914,5,27,5914,0
3.0,XLACTCAG,"[279, 422, 831, 855, 1201, 1273, 1338, 1600, 1605, 1638, 2094, 2398, 2473, 2675, 3023, 3128, 3298, 3302, 3329, 3353, 3386, 3561, 3591, 3614, 4202, 4289, 4364, 4412, 4769, 4787, 4931, 5493, 5562, 6279, 6294, 6355, 6461, 7347, 7511, 7516, 7853, 8347, 8410, 8752, 8892]","[2473, 3614, 4931, 5562, 6461]","[279, 422, 831, 855, 1201, 1273, 1338, 1600, 1605, 1638, 2094, 2398, 2675, 3023, 3128, 3298, 3302, 3329, 3353, 3386, 3561, 3591, 4202, 4289, 4364, 4412, 4769, 4787, 5493, 6279, 6294, 6355, 7347, 7511, 7516, 7853, 8347, 8410, 8752, 8892]","[2473, 3614, 4931, 5562, 6461]",8900,45,8855,5,40,8855,0
3.0,XLBGL3,"[22, 143, 338, 388, 982, 1040, 1175, 1851, 1981, 2161, 2443, 2638]","[388, 1175]","[22, 143, 338, 982, 1040, 1851, 1981, 2161, 2443, 2638]","[388, 1175]",2964,12,2952,2,10,2952,0
3.0,XLGLAA1,"[137, 502, 559, 590, 659, 680]","[137, 502]","[559, 590, 659, 680]","[137, 502]",1192,6,1186,2,4,1186,0
3.0,XLGLAA2,"[138, 248, 519, 586, 601, 655, 1163]","[138, 519]","[248, 586, 601, 655, 1163]","[138, 519]",1192,7,1185,2,5,1185,0
3.0,XLK81A1G,"[672, 1517, 1618, 1671, 1759, 2033, 2294, 2369, 2498, 2734, 2900, 3026, 3145, 3240, 3388, 3409, 3531, 3647, 3849, 4127, 4170, 4425, 4769, 5223, 5318, 5672]","[1759, 2294, 2734, 3026, 3531, 3849, 4170]","[672, 1517, 1618, 1671, 2033, 2369, 2498, 2900, 3145, 3240, 3388, 3409, 3647, 4127, 4425, 4769, 5223, 5318, 5672]","[1759, 2294, 2734, 3026, 3531, 3849, 4170]",5892,26,5866,7,19,5866,0
3.0,XLRPL14,"[377, 709, 912, 1141, 1292, 1499, 1601, 1605, 1837, 1891, 2087, 2140, 2145, 2327, 2560, 2624, 2713, 3051, 3085, 3651, 3695, 3722, 3897, 4037, 4978, 5232, 5287, 5356, 5856, 6146, 6481, 6485, 6622, 6731, 6804, 7158, 7239, 7618, 7840, 7904, 8659, 9072, 9108]","[912, 1891, 2087, 4978, 5356, 7904]","[377, 709, 1141, 1292, 1499, 1601, 1605, 1837, 2140, 2145, 2327, 2560, 2624, 2713, 3051, 3085, 3651, 3695, 3722, 3897, 4037, 5232, 5287, 5856, 6146, 6481, 6485, 6622, 6731, 6804, 7158, 7239, 7618, 7840, 8659, 9072, 9108]","[912, 1891, 2087, 4978, 5356, 7904]",9116,43,9073,6,37,9073,0
3.0,XLRPL1AG,"[308, 339, 503, 512, 634, 693, 1078, 1597, 2105, 2121, 2390, 2638, 2695, 2818, 2964, 3137, 3594, 3717, 3735, 3831, 3844, 3968, 4013, 4433, 4533, 4573, 4994, 5179, 5232, 5303, 5583, 5594, 5643, 5757, 5825, 5916, 5925, 6152, 6206, 6451]","[512, 2121, 2818, 3137, 3831, 4573, 5179, 5757]","[308, 339, 503, 634, 693, 1078, 1597, 2105, 2390, 2638, 2695, 2964, 3594, 3717, 3735, 3844, 3968, 4013, 4433, 4533, 4994, 5232, 5303, 5583, 5594, 5643, 5825, 5916, 5925, 6152, 6206, 6451]","[512, 2121, 2438, 2818, 3137, 3831, 4573, 5179, 5757]",6949,40,6909,8,32,6908,1
3.0,XLS8,"[83, 164, 692, 804, 961, 1006, 1530, 1867, 1874, 2032, 2326, 2395, 2865, 2893, 3505, 3938, 3957, 3963, 4181, 4468, 4498, 4563, 4856, 5432, 5708, 5849, 5912, 5946, 6119, 6325, 6357, 6381, 6468, 6931, 7181, 7381, 8071, 8292, 8411, 8508, 8542, 8583, 9159, 9259, 9325, 9832, 9886, 10366, 10822, 10967, 10988, 11229, 11936, 12265, 12388, 12527, 12978, 13006, 13088, 13107, 13234]","[2032, 3938, 5912, 7381]","[83, 164, 692, 804, 961, 1006, 1530, 1867, 1874, 2326, 2395, 2865, 2893, 3505, 3957, 3963, 4181, 4468, 4498, 4563, 4856, 5432, 5708, 5849, 5946, 6119, 6325, 6357, 6381, 6468, 6931, 7181, 8071, 8292, 8411, 8508, 8542, 8583, 9159, 9259, 9325, 9832, 9886, 10366, 10822, 10967, 10988, 11229, 11936, 12265, 12388, 12527, 12978, 13006, 13088, 13107, 13234]","[2032, 3938, 5912, 7381, 12177]",13512,61,13451,4,57,13450,1
3.0,XLTUBAG,"[272, 482, 591, 595, 678, 1023, 1030, 1280, 1323, 1541, 1555, 1607, 1613, 1680, 1760, 1885, 2006, 2020, 2440, 2610, 2870, 3080, 3094, 3268, 3684, 4024, 4179, 4224, 4401, 4775, 4898, 5039, 5214, 5313, 5431, 5575, 6290, 6312, 6494, 6577, 6604, 6612, 6618, 6630, 6686]","[678, 4401, 5575]","[272, 482, 591, 595, 1023, 1030, 1280, 1323, 1541, 1555, 1607, 1613, 1680, 1760, 1885, 2006, 2020, 2440, 2610, 2870, 3080, 3094, 3268, 3684, 4024, 4179, 4224, 4775, 4898, 5039, 5214, 5313, 5431, 6290, 6312, 6494, 6577, 6604, 6612, 6618, 6630, 6686]","[678, 4401, 5575]",6888,45,6843,3,42,6843,0
3.0,XLXANF1A,"[255, 317, 611, 1460, 1789, 1960, 2204, 2647, 2706, 4478, 4595, 4631]","[1460, 1960, 2706]","[255, 317, 611, 1789, 2204, 2647, 4478, 4595, 4631]","[1460, 1960, 2706]",4878,12,4866,3,9,4866,0
3.0,XTGLA,"[235, 286, 419, 731, 1323, 1752, 2034, 2283, 2838, 2861, 3340, 3493, 4013, 4248, 4344, 4437, 4482, 4720]","[731, 2838]","[235, 286, 419, 1323, 1752, 2034, 2283, 2861, 3340, 3493, 4013, 4248, 4344, 4437, 4482, 4720]","[731, 2838]",4838,18,4820,2,16,4820,0
3.0,XTGLAA,"[416, 541, 656, 785, 1005, 1036, 1156, 1411, 1493]","[1036, 1411]","[416, 541, 656, 785, 1005, 1156, 1493]","[1036, 1411]",1992,9,1983,2,7,1983,0
3.0,XTGLB,"[21, 92, 169, 212, 389, 1398, 1823, 2175, 2384, 2643, 2836, 3061, 3539, 4034]","[2384, 2836]","[21, 92, 169, 212, 389, 1398, 1823, 2175, 2643, 3061, 3539, 4034]","[2384, 2836]",4043,14,4029,2,12,4029,0
3.0,ZEFB2MICB,"[304, 542, 1187, 1323, 1345, 1779, 1846]","[304, 1187]","[542, 1323, 1345, 1779, 1846]","[304, 1187]",2193,7,2186,2,5,2186,0
